node1,node2,flow
1,2,-2.23129633703616
1,3,-1.03041840199668
1,5,-1.40630118552563
1,10,-1.2791324338535
1,11,-1.66911287377992
1,13,-0.601227466548138
1,14,-1.63017697846763
1,105,-0.732563140501123
1,142,-2.03812748423165
1,157,-1.46496661275387
1,188,-1.51611434696523
1,247,-0.756530152013218
1,321,-0.166838704137244
1,337,-1.21005952667296
1,346,-0.949891812153169
1,373,-2.06560012940602
1,441,-0.66719810463656
1,456,-1.86314520795117
1,467,-0.825085773812102
1,489,-0.959131670077769
1,491,-0.630157913467895
1,498,0.101422917868869
2,3,1.20087793503949
2,5,0.824995151510528
2,7,1.32945454328363
2,13,1.63006887048802
2,15,1.76154320079712
2,17,0.53946166248612
2,54,1.69543435724745
2,82,1.96110361665076
2,86,1.57333928761095
2,120,1.86932662623822
2,159,1.71369867304233
2,176,1.14633954036581
2,185,0.608430984300122
2,188,0.715181990070927
2,216,0.540769436508623
2,227,0.281752034019246
2,375,0.862712519781495
2,477,0.385166444895952
2,490,0.723464287997551
2,491,1.60113842356827
2,492,0.999645957254255
2,494,1.02674093639677
2,498,2.33271925490503
3,4,-0.284307743163087
3,7,0.12857660824414
3,10,-0.248714031856822
3,11,-0.638694471783247
3,12,0.275607901378206
3,13,0.429190935448539
3,34,-0.16420741258281
3,51,-0.131636298061312
3,104,0.655492164165662
3,214,-0.554711550017207
3,259,-0.365660353699139
3,261,-0.475619587905631
3,270,0.202411300174826
3,289,-1.2794937924318
3,342,0.191590874215557
3,363,-0.175405723581271
3,368,-1.38281197265574
3,408,-1.04970836025078
3,428,0.169000485588001
3,429,-0.969425504416822
3,448,-0.354915293765971
3,474,-1.02789478240451
3,491,0.400260488528782
3,496,0.773884163838322
3,498,1.13184131986555
3,499,-0.0609477441658613
4,6,0.19546491133878
4,10,0.0355937113062647
4,13,0.713498678611626
4,14,-0.315450833307868
4,69,0.731355591624359
4,98,0.294900089115186
4,122,1.64944822401021
4,140,0.28327719050514
4,150,0.704674216083796
4,159,0.797128481165934
4,190,-1.17180548885763
4,194,1.28943067235346
4,214,-0.270403806854119
4,226,0.493278707929722
4,229,0.0747276549875257
4,260,-0.248745037614751
4,315,0.786130355567704
4,323,0.0305652289397852
4,325,-0.427072019245673
4,384,0.215868797321805
4,410,0.0731445470529054
4,419,0.460270710368152
4,437,-0.592979015349455
4,456,-0.548419062791409
4,463,-0.0428794942961975
4,496,1.05819190700141
4,498,1.41614906302863
4,500,0.943214175014964
5,6,0.28703995170465
5,8,-1.14838412777121
5,9,-0.1306356968504
5,13,0.805073718977496
5,14,-0.223875792941998
5,15,0.936548049286592
5,18,0.101408585541923
5,25,0.452237107753153
5,36,0.87522980438566
5,45,-0.654522658003759
5,49,0.764189719817357
5,187,0.27693798763739
5,322,0.922081195241096
5,363,0.200477059947686
5,491,0.776143272057739
5,494,0.20174578488624
5,495,0.823650052851524
5,496,1.14976694736728
5,498,1.5077241033945
5,499,0.314935039363096
5,500,1.03478921538083
6,8,-1.43542407947586
6,16,-0.0455685999162338
6,19,0.41576303257374
6,57,1.62535147578621
6,91,0.163223622989973
6,92,-0.496641920552966
6,109,-0.0945371965318897
6,234,1.43533164544174
6,249,-0.0879419070455684
6,253,0.34216171620064
6,257,0.736622724003549
6,273,1.11361696092411
6,274,0.421424193987523
6,325,-0.622536930584454
6,348,-0.0580251360141219
6,383,0.290994494425889
6,384,0.0204038859830246
6,413,0.0097812519541735
6,415,0.633085456924678
6,422,-0.0083449877548013
6,445,-0.334938656479694
6,473,-0.0166450114455304
6,479,1.42212388225713
6,493,-0.292756149498915
6,494,-0.08529416681841
6,496,0.862726995662629
6,497,0.0584927505093172
6,498,1.22068415168985
6,499,0.0278950876584457
7,11,-0.767271080027387
7,15,0.432088657513494
7,16,-0.262988039984681
7,23,-1.02205310252102
7,25,-0.052222284019945
7,63,-1.45143657823273
7,77,0.101916048496656
7,102,0.790553259278231
7,127,0.0950004186342303
7,128,0.8711230745611
7,199,-0.802776000720673
7,206,0.219696053601935
7,218,-0.453159238257019
7,244,-0.302523473602157
7,292,-1.60632229120102
7,295,-1.34360648123121
7,301,0.981117451899531
7,325,-0.839956370652901
7,378,-0.563776150499038
7,439,-0.358200156043734
7,481,-0.509988713949895
7,499,-0.189524352410002
8,10,1.27555287944335
8,11,0.885572439516922
8,13,1.95345784674871
8,14,0.924508334829214
8,16,1.38985547955963
8,18,1.24979271331314
8,20,0.921574181269346
8,21,2.60655178904233
8,155,2.4423209970816
8,163,1.95959983602458
8,172,1.18467502517233
8,188,1.03857096633161
8,307,2.35070512637366
8,310,1.06770949952479
8,360,2.07382833111265
8,367,1.45030215860855
8,396,2.42183208400418
8,399,2.64712821167398
8,409,1.92870709726086
8,419,1.70022987850523
8,496,2.29815107513849
8,497,1.49391682998518
9,12,0.782126381757563
9,14,-0.0932400960915978
9,18,0.232044282392323
9,83,1.14126555807427
9,132,0.740699988699602
9,133,1.1697687027251
9,180,0.290282146161388
9,181,0.556370218896098
9,190,-0.94959475164136
9,232,-0.656338723393623
9,256,-0.113412486381591
9,291,1.5599670802767
9,294,0.343517172948354
9,345,0.294999538909156
9,383,0.708670142980939
9,384,0.438079534538075
9,457,-0.422756685222194
9,462,0.756903444540492
9,467,0.711851108563931
9,478,2.0861182716375
9,483,1.21565701991303
9,500,1.16542491223123
10,11,-0.389980439926424
10,13,0.677904967305361
10,17,-0.412702240696543
10,19,0.575634232606256
10,23,-0.64476246242006
10,37,1.9258186139006
10,72,-0.31075869282007
10,130,-0.182681769262711
10,208,0.313688273792799
10,219,0.935105131459831
10,235,0.0763460865057155
10,272,0.505310340086841
10,316,0.895797658401438
10,339,0.267938183392943
10,398,0.202635977491384
10,426,0.578463667306554
10,431,-0.757560380331551
10,444,-1.69018500213181
10,497,0.218363950541833
10,498,1.38055535172237
11,12,0.914302373161452
11,15,1.19935973754088
11,17,-0.0227218007701186
11,21,1.72097934952541
11,22,0.785568526724268
11,23,-0.254782022493636
11,24,1.84567926197753
11,49,1.02700140807165
11,65,0.856565567736529
11,154,0.46537542561704
11,160,1.74809185809676
11,184,0.993772636658395
11,214,0.08398292176604
11,218,0.314111841770368
11,228,0.600310836670782
11,316,1.28577809832786
11,478,2.21829426304139
11,488,0.512775064594855
11,498,1.77053579164879
11,499,0.577746727617385
12,13,0.153583034070333
12,16,-0.410019333118746
12,18,-0.550082099365239
12,25,-0.19925357715401
12,53,0.159223817800067
12,57,1.2609007425837
12,60,-1.09536361760758
12,70,-0.520104424197931
12,84,0.697897054609219
12,95,-0.603520159823193
12,158,1.29606806004817
12,181,-0.225756162861465
12,288,-0.692759152400902
12,342,-0.0840170271626482
12,358,-0.334564058523996
12,378,-0.710807443633103
12,393,-0.305515393879419
12,399,0.847253398995603
12,412,0.111541907475678
12,417,-1.24495864901691
12,458,-0.461077897291353
12,470,-1.18525105007563
13,15,0.131474330309096
13,18,-0.703665133435573
13,23,-1.32266742972542
13,25,-0.352836611224343
13,26,-0.441350129150719
13,70,-0.673687458268265
13,76,-0.151747528893993
13,103,-0.850446139546423
13,105,-0.131335673952986
13,121,-1.33092992762721
13,123,0.245926223397559
13,225,-0.562397185356108
13,234,0.91729787816889
13,253,-0.175872051072206
13,256,-1.04912190220949
13,275,-0.0802831975017163
13,276,-0.198835125816168
13,281,-0.678013136845763
13,297,-1.4155823248077
13,330,-1.09371788156833
13,356,-0.937232714403756
13,361,-0.871542761685181
13,388,0.249672906961659
13,395,-0.243234611553454
13,418,-1.47352391039427
13,420,-0.0914105561082109
13,427,-0.451338084628537
13,435,-0.890522919762734
13,436,-0.634259106330566
14,17,-0.0616576960824103
14,21,1.68204345421311
14,22,0.746632631411976
14,25,0.67611290069515
14,26,0.587599382768774
14,30,-0.191113030135589
14,66,1.09824068343777
14,71,0.427129060853683
14,125,1.66993609411435
14,135,0.641440336376517
14,187,0.500813780579388
14,218,0.275175946458077
14,244,0.425811711112939
14,270,0.802169876645781
14,290,0.598885591166188
14,308,0.471091074247054
14,339,0.618982728007076
14,353,0.329703286971025
14,354,0.605063102288656
14,367,0.525793823779332
14,373,-0.435423150938388
14,374,-0.312565713317467
14,376,1.6981195080023
14,427,0.577611427290957
14,431,-0.406515835717419
14,451,-0.919888523084606
15,16,-0.695076697498175
15,17,-1.222081538311
15,18,-0.835139463744668
15,20,-1.16335799578846
15,21,0.521619611984525
15,22,-0.413791210816613
15,23,-1.45414176003452
15,31,-0.681371350360252
15,55,-0.48188591381228
15,67,-0.0678034143774167
15,100,0.20398996699231
15,148,-0.54494058155049
15,230,-0.321481192452248
15,271,0.696427274291013
15,295,-1.7756951387447
15,370,-0.775248870954506
15,392,-0.280819148111712
15,396,0.33689990694638
15,420,-0.222884886417307
15,451,-2.0803123653132
15,468,-1.01802336763939
15,474,-1.58856004816215
15,477,-1.37637675590117
15,478,1.01893452550051
16,36,0.633758452597244
16,46,-0.806464963856284
16,58,-0.302238906177792
16,68,0.101146576816663
16,70,-0.110085091079185
16,119,-0.0636226267963251
16,132,0.368592940060785
16,148,0.150136115947686
16,168,-0.381145523518097
16,174,-0.602690576696528
16,230,0.373595505045927
16,272,0.39100773997056
16,290,0.133538446435774
16,312,0.418802938714411
16,341,-0.750159876319282
16,411,0.644141893422656
16,450,-0.828588615769429
16,455,-0.158348246104839
16,456,-0.698315374213955
16,493,-0.247187549582681
17,19,0.988336473302799
17,29,-0.664513733190048
17,47,0.989359319725058
17,65,0.879287368506648
17,70,0.416919749733639
17,82,1.42164195416464
17,141,1.07562675849351
17,170,-0.413160907686845
17,211,0.213898241830853
17,217,0.444385297671435
17,285,1.32153057117711
17,287,1.03384765922379
17,317,-0.0645432412490361
17,358,0.602460115407575
17,379,0.78543226913723
17,385,0.0262458694334584
17,388,1.34028011496356
17,389,0.529029819109511
17,476,-0.453209798071469
17,499,0.600468528387504
18,19,0.601394398736467
18,21,1.35675907572919
18,22,0.421348252928055
18,23,-0.619002296289849
18,24,1.48145898818132
18,52,0.762145605415009
18,74,0.241290064188597
18,81,0.66117406868287
18,109,0.0910941696308371
18,121,-0.627264794191636
18,122,1.63961467883416
18,154,0.101155151820827
18,242,2.03169978619503
18,264,-0.841261785959368
18,281,0.0256519965898097
18,320,1.58813691148474
18,397,-1.44135504690389
18,404,-0.390912650032146
18,448,-0.0804410957789375
18,478,1.85407398924518
18,487,-0.227230552079028
19,26,-0.339079394451614
19,29,-1.65285020649285
19,30,-1.11779180735598
19,44,0.124216571946052
19,61,0.0353613282383697
19,71,-0.499549716366705
19,96,-1.07260204232971
19,148,-0.311195516542289
19,178,0.187632027922253
19,194,0.678202728440935
19,199,-1.00111959322597
19,287,0.0455111859209922
19,313,0.161912665992072
19,393,-0.356827693250647
19,426,0.0028294347002977
19,485,-0.792868533249467
19,500,0.331986231102443
20,24,1.80967752022511
20,25,0.679047054255018
20,28,-0.320376774632807
20,29,-0.72323727571259
20,31,0.481986645428206
20,33,1.42799920378381
20,164,0.354800516803739
20,165,2.10986640491839
20,233,1.58231686465653
20,271,1.85978527007947
20,314,1.20638289621347
20,341,-0.281878578029
20,379,0.726708726614688
20,410,0.391529533920641
20,420,0.940473109371151
20,429,-0.366732774385999
20,431,-0.403581682157551
20,455,0.309933052185443
20,462,0.853077694191958
20,476,-0.511933340594011
21,23,-1.97576137201904
21,29,-2.40821488348557
21,33,-0.256978403989177
21,84,-0.108779921754735
21,90,-0.659793609703291
21,143,-1.39748011576561
21,146,-0.953750709032323
21,171,-1.44072062212762
21,184,-0.727206712867011
21,192,-2.0180964743126
21,204,-0.45132277964773
21,293,-1.63853863112571
21,326,-0.926375961491575
21,364,-1.37793862382973
21,382,-1.28934542129456
21,391,-1.80428620845962
21,451,-2.60193197729772
21,480,-1.42676553381919
21,490,-1.55969852478409
22,23,-1.0403505492179
22,25,-0.0705197307168258
22,35,-0.608724846441137
22,68,-0.180138909864899
22,91,-0.0724932637753549
22,120,0.521574636257709
22,158,1.42480190648535
22,176,-0.201412449614693
22,179,0.483284192479766
22,214,-0.701585604958228
22,239,0.726968769382188
22,322,0.399324356771117
22,359,0.412902599014311
22,401,-1.88687246924466
22,457,-1.07614922054257
22,460,-1.15096653698881
22,461,0.324831945795396
22,480,-0.491354711018055
22,489,-0.0755873230221136
23,24,2.10046128447117
23,28,-0.0295930103867471
23,30,0.102604887670339
23,32,1.52387364850622
23,36,1.39282351513359
23,72,0.33400376959999
23,116,0.942226940133748
23,128,1.89317617708212
23,141,1.30768698021703
23,148,0.909201178484028
23,180,0.677240160058913
23,188,0.407780549308325
23,198,1.8319971384052
23,202,0.737129436687172
23,210,0.112520743445973
23,214,0.338764944259676
23,227,-0.0256494067433559
23,296,0.279336826138904
23,298,0.67316476583693
23,319,0.416195123716793
23,343,-0.170553318417627
23,349,0.690155161414818
23,426,1.22322612972661
23,500,1.55238292612876
24,25,-1.13063046597009
24,26,-1.21914398389647
24,27,-0.461385357993631
24,28,-2.13005429485792
24,105,-0.909129528698733
24,111,-2.52809980423886
24,127,-0.983407763315916
24,135,-1.16530303028872
24,162,-1.14268694972342
24,196,-1.43228398706354
24,220,-0.730439104692701
24,263,-0.714505854676702
24,270,-1.00457349001946
24,286,-1.55807144720248
24,323,-1.46072730441759
24,377,-1.95599759109051
24,390,-1.4865115839709
24,392,-0.927138672548364
24,394,-1.19244166098528
24,417,-2.17633553783299
24,464,-1.7320200895576
25,30,-0.867225930830739
25,44,0.37478244847129
25,57,1.46015431973771
25,59,1.02243042933982
25,97,-0.324441896501329
25,109,-0.259734352580392
25,133,0.586895898121543
25,140,-0.0773848768821429
25,150,0.344012148696514
25,197,-1.15648225676572
25,212,-0.273577166519007
25,226,0.13261664054244
25,234,1.27013448939323
25,243,1.34271354333238
25,262,-0.501039299912588
25,271,1.18073821582445
25,274,0.256227037939021
25,281,-0.32517652562142
25,334,-0.513437271292463
25,400,-0.781658523896276
25,479,1.25692672620862
26,29,-1.31377081204123
26,31,-0.108546890900437
26,33,0.837465667455164
26,36,0.511506214558883
26,37,1.68926377574596
26,39,-0.547709916274904
26,78,0.800981109975257
26,138,0.357350769810899
26,180,-0.204077140515789
26,210,-0.76879655712873
26,251,0.324869185824797
26,260,-0.520893587075658
26,266,-0.788682236285543
26,272,0.268755501932199
26,306,0.133679124729014
26,313,0.500992060443686
26,328,-1.00086551642249
26,378,-0.423040348552717
26,384,-0.0562797521391019
26,387,-0.521642158412015
26,422,-0.0850286258769278
26,454,-0.861241215048727
26,469,0.0806351959012662
26,483,0.721297733235856
26,485,-0.453789138797854
26,490,-0.465254453339754
27,29,-2.07152943794407
27,33,0.0797070415523276
27,34,-0.909806844783466
27,40,-1.08262308803926
27,41,-0.403715802980232
27,54,-0.251043009992689
27,81,-0.35889956150482
27,108,-0.227639798000064
27,144,-1.11791705894744
27,227,-1.66472533322089
27,238,-1.36401034813943
27,250,-1.25318018475928
27,274,-0.41301807003744
27,275,-0.396691694253833
27,345,-0.957118373670857
27,375,-1.08376484745865
27,402,-0.496649827681536
27,465,-1.21177184323255
27,476,-1.86022550282549
28,31,0.802363420061012
28,33,1.74837597841661
28,37,2.60017408670741
28,38,0.294381084280447
28,40,0.586045848825027
28,64,1.39200181198204
28,113,0.712196011227981
28,195,0.929263133275078
28,203,1.27011531308764
28,205,1.38818175964289
28,295,-0.291960368323435
28,314,1.52675967084627
28,396,1.82063467736764
28,398,0.876991450298191
28,404,0.257682656644451
28,440,0.658846176228367
28,469,0.991545506862716
28,471,1.37386296518503
29,33,2.1512364794964
29,35,0.864079214243297
29,36,1.82527702660012
29,37,3.0030345877872
29,77,1.55642266248421
29,105,1.62378526723897
29,123,2.00104716458951
29,170,0.251352825503203
29,191,0.707702831356138
29,253,1.57924889011975
29,323,1.07218749152011
29,385,0.690759602623506
29,387,0.792128653629218
29,388,2.00479384815361
29,390,1.0464032119668
29,412,1.7130798145973
29,441,1.68915030310353
29,448,0.971014711977442
29,452,1.52328607794389
29,482,1.12451974974255
30,33,1.61617808035953
30,34,0.626664194023734
30,40,0.453847950767941
30,43,0.730880156593518
30,91,0.86525239777221
30,203,1.13791741503056
30,216,0.130763108075682
30,249,0.614086867736668
30,292,-0.686874076350337
30,322,1.33707001831868
30,351,-0.625702160639497
30,371,-0.0113844936072824
30,381,0.819695581266857
30,388,1.46973544901674
30,436,0.585803435724516
30,446,-0.157660089040912
30,461,1.26257760734296
31,32,0.751103238831952
31,33,0.946012558355601
31,38,-0.507982335780566
31,45,-0.909699356930099
31,90,0.543197352641486
31,95,-0.20720617384237
31,113,-0.0901674088330313
31,123,0.795823243448715
31,204,0.751668182697047
31,225,-0.0125001653049517
31,232,-1.04215111917036
31,248,0.204403437041115
31,299,0.137163319813252
31,301,1.23040014474629
31,317,-0.605253429199784
31,340,0.577478129123431
31,355,-0.491447183799412
31,373,-0.914475642806725
31,421,-0.660877680684258
31,430,0.435462330125259
31,478,1.70030587586076
32,34,-0.794604566812144
32,36,-0.131050133372631
32,40,-0.967420810067937
32,41,-0.28851352500891
32,44,-0.179260381533849
32,104,0.0250950099363273
32,143,-0.945592392252789
32,145,0.956702897470667
32,193,0.331606998563343
32,201,-0.341083894684671
32,219,0.0559939453736743
32,245,0.143532142633746
32,246,-0.447949045907453
32,266,-1.43123858421706
32,301,0.479296905914337
32,304,0.519218095815851
32,375,-0.968562569487325
32,412,-0.243247345375451
32,418,-1.67473012917507
32,426,-0.300647518779603
32,445,-1.05417864253334
32,473,-0.735884997499172
32,491,-0.230136665700552
33,34,-0.989513886335793
33,37,0.851798108290799
33,38,-1.45399489413617
33,42,-0.893399384327453
33,44,-0.374169701057498
33,65,-0.607435377799701
33,76,-0.547863067198438
33,225,-0.958512723660553
33,290,-0.82617945905775
33,299,-0.808849238542349
33,302,-0.745882162807463
33,304,0.324308776292202
33,320,0.488356239744723
33,363,-1.00071219733425
33,365,-0.500019545091997
33,368,-2.20811844640873
33,446,-1.77383816940044
33,487,-1.32701122381905
33,493,-1.20690545507621
33,497,-0.855656555067973
34,38,-0.464481007800373
34,42,0.0961145020083408
34,43,0.104215962569785
34,46,-0.776668983014015
34,80,0.352656697854211
34,131,0.0938763885720079
34,233,1.14383154720852
34,246,0.346655520904692
34,254,0.193004520183122
34,270,0.366618712757636
34,279,-0.464457690988433
34,302,0.24363172352833
34,372,1.11603299094644
34,376,1.26256834411415
34,390,-0.115319381193801
34,426,0.493957048032541
34,435,-0.297124571731385
34,447,-0.074187853250208
34,459,-0.698722940022126
34,482,-0.0372028434180554
35,37,2.1389553735439
35,42,0.393757880925646
35,81,0.848550662195951
35,96,-0.283831050080161
35,101,-0.260368615742166
35,151,0.0701800307574806
35,194,1.46697372069048
35,200,-0.248884602946375
35,312,0.746242298473986
35,332,1.36892735544632
35,333,0.897187362641228
35,373,-0.573330935909227
35,385,-0.173319611619791
35,390,0.182323997723505
35,393,0.431943298998902
35,441,0.825071088860233
35,445,0.0380693031961149
35,460,-0.542241690547677
35,497,0.431500710185126
36,39,-1.05921613083379
36,44,-0.0482102481612178
36,55,-0.420567668911349
36,88,-0.690346584816835
36,90,-0.0768557528178342
36,94,-1.29239878270515
36,130,-0.930742821976236
36,133,0.163903201489035
36,145,1.0877530308433
36,162,-0.435049180385832
36,182,0.0152855467436981
36,191,-1.11757419524398
36,195,-0.493153392245254
36,196,-0.724646217725958
36,216,-1.15945551938756
36,237,-0.248531537314006
36,241,-0.23959790478989
36,260,-1.03239980163454
36,280,-1.53234883749504
36,289,-1.7788408132885
36,300,-1.17630014012984
36,367,-0.573311773548326
36,461,-0.0276410201202861
36,493,-0.880946002179925
37,38,-2.30579300242697
37,40,-2.01412823788239
37,45,-2.7075100235765
37,48,-0.907361308175925
37,50,-1.98993541943636
37,66,-1.17862247507696
37,167,-2.6317461080348
37,170,-2.75168176228399
37,210,-2.45806033287469
37,269,-2.82236892177324
37,296,-2.29124425018176
37,354,-1.67180005622608
37,364,-1.97275832813135
37,378,-2.11230412429868
37,384,-1.74554352788507
37,427,-1.69925173122378
37,448,-2.03201987580975
37,469,-1.6086285798447
37,479,-0.343823531610964
38,39,0.0688193104060992
38,40,0.291664764544581
38,42,0.560595509808714
38,45,-0.401717021149533
38,48,1.39843169425104
38,49,1.01699535667158
38,78,1.41751033665626
38,98,0.639280766335282
38,140,0.627657867725236
38,198,1.5672090645115
38,212,0.431465578088371
38,272,0.885284728613202
38,325,-0.0826913420255773
38,327,0.123964448496647
38,329,1.45337321938918
38,330,-0.0358385257366058
38,346,0.709215010226691
38,400,-0.0766157792888973
38,417,-0.340662327255517
39,41,0.901752739197508
39,44,1.01100588267257
39,45,-0.470536331555632
39,51,0.428232811915772
39,57,2.09637775393899
39,78,1.34869102625016
39,94,-0.233182651871363
39,112,1.64459033214402
39,178,1.07442133864877
39,255,1.18530322236413
39,313,1.04870197671859
39,327,0.0551451380905474
39,388,1.23873295238728
39,399,1.68273041035089
39,420,0.897649489317412
39,442,1.46821612656767
39,444,-1.37902992401155
39,458,0.374399114063937
39,495,1.00763637929965
40,42,0.268930745264133
40,50,0.0241928184460264
40,53,0.771855375016875
40,83,0.971770733533519
40,87,-0.0634036077708822
40,116,0.385774101695467
40,146,0.46555782454844
40,180,0.120787321620633
40,209,0.464958418199454
40,253,0.590342540214935
40,300,-0.339929463434539
40,313,0.825856522580108
40,328,-0.676001054286072
40,381,0.365847630498916
40,406,0.787728013037948
40,414,-0.271929420813564
40,427,0.314876506658605
40,445,-0.0867578324653983
40,446,-0.611508039808853
40,453,0.852512018280263
40,480,-0.0074570002384315
40,492,0.135791678053372
41,43,-0.401875079233449
41,46,-1.28276002481725
41,58,-0.778533967138756
41,77,-0.111390972479628
41,89,-0.382801195101991
41,103,-0.763138833318308
41,107,-0.923748768038805
41,114,0.447430895444403
41,134,0.15306128734587
41,143,-0.657078867243878
41,209,-0.213948866859573
41,224,0.0023234481713624
41,242,1.41534195898757
41,284,-0.694881804828382
41,290,-0.342756614525191
41,378,-0.777083171475321
41,399,0.780977671153384
41,429,-1.31130913363725
41,439,-0.571507177020018
42,43,0.008101460561444
42,47,0.396035957746162
42,48,0.837836184442327
42,51,-0.0635433874868429
42,53,0.502924629752742
42,55,0.146872262519823
42,91,0.142473701740136
42,112,1.1528141327414
42,125,1.13827042821786
42,131,-0.0022381134363329
42,154,-0.105226135591737
42,172,-0.271498975553366
42,212,-0.129129931720343
42,231,0.148404619744133
42,268,-0.270582889540318
42,285,0.728207209198216
42,317,-0.657866603227932
42,320,1.38175562407218
42,358,0.0091367534286792
42,365,0.393379839235456
42,367,-0.0058718421171539
42,456,-0.764633895380026
42,462,0.318477874735605
42,487,-0.433611839491593
42,488,-0.0578264966139218
43,44,0.51112822270851
43,49,0.448298386301425
43,52,0.547662857441001
43,53,0.494823169191298
43,55,0.138770801958379
43,76,0.337434856567571
43,94,-0.733060311835422
43,98,0.0705837959651237
43,102,0.979121317535397
43,111,-1.26112356403155
43,129,1.10314965497616
43,142,-0.947717632221951
43,185,-0.532455500726338
43,189,-0.526402557770421
43,221,-0.0552868993505699
43,238,-0.558419465925752
43,257,0.707771342192267
43,264,-1.05574453393338
43,331,-0.446423098770419
43,333,0.495328021154138
43,396,0.957556622717039
43,423,-0.122370055369585
43,465,-0.40618096101887
44,48,0.318606501172373
44,51,-0.582773070756797
44,54,0.0434196495124814
44,56,0.118747741939213
44,115,-1.00457979160197
44,160,0.658260613618025
44,161,-1.3220663930756
44,169,-0.582755948250723
44,209,-0.323202010334634
44,228,-0.48952040780795
44,293,-1.00739052607904
44,310,-0.907694184470859
44,345,-0.662655714165687
44,352,0.388176562460229
44,413,-0.530198352565618
44,416,-0.582678288856362
44,443,-0.66402548275677
44,465,-0.91730918372738
44,466,-1.83880067892715
44,468,-0.908494874577238
45,46,0.0895290459358917
45,47,1.35834848870441
45,48,1.80014871540057
45,50,0.71757460414014
45,55,1.10918479347807
45,57,2.56691408549462
45,59,2.12919019509673
45,84,2.00391039752014
45,130,0.599009640413183
45,144,0.65808781478593
45,190,-0.425707790488001
45,225,0.897199191625147
45,230,1.2695895148381
45,270,1.23281674170754
45,286,0.679318784524527
45,363,0.854999717951445
45,440,0.766182113097454
45,498,2.16224676139826
46,47,1.26881944276852
46,51,0.809240097535513
46,56,1.51076091023152
46,57,2.47738503955873
46,59,2.03966114916084
46,91,1.01525718676249
46,155,1.85893048137825
46,197,-0.139251536944696
46,203,1.28792220402084
46,243,2.3599442631534
46,293,0.38462264221327
46,302,1.02030070654234
46,311,0.479352266940515
46,338,0.668092358029253
46,345,0.729357454126623
46,371,0.138620295382999
46,373,-0.0943053318125182
46,412,1.32802620445071
46,441,1.30409669295694
47,48,0.441800226696165
47,50,-0.640773884564269
47,52,0.159728360256283
47,53,0.10688867200658
47,56,0.241941467463005
47,131,-0.398274071182495
47,220,0.148602638329892
47,221,-0.443221396535288
47,274,0.0046383149915229
47,275,0.0209646907751296
47,290,-0.32881603247646
47,296,-0.942082715309672
47,299,-0.311485811961058
47,303,0.0069238925011992
47,305,0.228154037376756
47,358,-0.386899204317483
47,378,-0.76314258942659
47,431,-1.33421745936007
47,443,-0.540831757232978
47,449,-0.181293588547943
47,464,-0.852978346535004
48,51,-0.90137957192917
48,55,-0.690963921922504
48,58,-1.20639361178619
48,67,-0.27688142248764
48,113,-0.980616767303507
48,156,-0.615977413500627
48,174,-1.50684528230493
48,179,-0.139585026447071
48,186,-0.332279086517592
48,259,-1.135403627567
48,313,-0.280910407126353
48,321,0.0938364239915742
48,354,-0.764438748050157
48,360,-0.220181854055378
48,409,-0.365303087907165
48,416,-0.901284790028735
48,443,-0.982631983929143
48,470,-1.67938642256528
48,482,-0.971153529868723
48,492,-0.970975251653088
48,497,-0.800093355182848
49,51,-0.519943234349712
49,53,0.0465247828898727
49,56,0.181577578346298
49,61,-0.0260254073005966
49,69,0.0587409121728723
49,84,0.585198019699025
49,104,0.267185227877262
49,120,0.28014175491033
49,126,-0.328107779967565
49,132,-0.154125427968155
49,141,0.0259035496517478
49,168,-0.903863891547038
49,176,-0.442845330962071
49,185,-0.980753887027763
49,196,-0.613606133157655
49,219,0.298084163314609
49,316,0.258776690256216
49,317,-1.1142664500908
49,318,0.199648855828515
49,383,-0.186155273686818
49,409,0.0161332496722937
49,458,-0.573776932201547
50,53,0.747662556570849
50,57,1.84933948135448
50,58,-0.123819500525756
50,61,0.675112366380379
50,66,0.811312944359396
50,98,0.323423183344675
50,111,-1.008284176652
50,184,0.667909002267725
50,238,-0.305580078546201
50,277,0.192681191781058
50,345,0.101311895922375
50,354,0.318135363210277
50,427,0.290683688212578
50,471,0.763624297913976
51,52,0.619307705489288
51,53,0.566468017239585
51,57,1.66814494202322
51,59,1.23042105162533
51,62,-1.15475374153168
51,63,-1.19122367192728
51,94,-0.661415463787135
51,124,1.51669319588422
51,133,0.79488652040705
51,150,0.552002770982021
51,205,0.596748553040569
51,287,0.504067684731738
51,348,-0.0152316697771167
51,372,1.08346187642495
51,379,0.255652294645177
51,427,0.109489148881314
51,439,-0.0979872497382818
51,488,0.005716890872921
52,54,0.0068850147799908
52,59,0.611113346136042
52,61,-0.125389878440172
52,62,-1.77406144702097
52,65,-0.269800311474693
52,167,-1.44231293341899
52,183,0.532707965461875
52,212,-0.684894249722788
52,213,-0.12077343565709
52,226,-0.27870044266134
52,243,0.931396460128602
52,258,0.506588613380829
52,262,-0.912356383116368
52,272,-0.231075099197957
52,279,-1.11633651099922
52,291,0.56577719246937
52,311,-0.949195536084285
52,333,-0.0523348362868633
52,340,-0.0308993629071621
52,445,-0.911452895731976
52,493,-0.869270388751198
52,500,0.171235024423901
53,54,0.059724703029694
53,57,1.10167692478363
53,58,-0.871482057096605
53,62,-1.72122175877127
53,69,0.0122161292829996
53,83,0.199915358516644
53,88,-0.625831283138404
53,92,-1.02031647155555
53,95,-0.76274397762326
53,128,0.564867963626968
53,149,-1.28191846258884
53,154,-0.608150765344479
53,162,-0.370533878707401
53,212,-0.632054561473084
53,221,-0.550110068541868
53,232,-1.59768892295125
53,253,-0.18151283480194
53,254,-0.406034611577961
53,282,-0.102166422201841
53,284,-0.787829894786231
53,301,0.674862340965399
53,323,-0.688574233401574
53,360,0.114729700634207
53,403,0.260929678762273
53,433,0.596181607964907
53,436,-0.6398998900603
53,471,0.0159617413431277
53,472,-0.104021776473529
54,57,1.04195222175394
54,58,-0.931206760126299
54,61,-0.132274893220163
54,62,-1.78094646180096
54,64,-0.0256241148895572
54,65,-0.276685326254684
54,66,0.0039256847588531
54,103,-0.915811626305851
54,141,-0.0803459362678188
54,142,-1.50226550444294
54,160,0.614840964105543
54,173,-0.267071439503476
54,253,-0.241237537831634
54,255,0.130877690179081
54,259,-0.860216775907105
54,307,0.331881792865522
54,346,-0.414029832364459
54,395,-0.308600098312882
54,411,0.0151740394741491
54,474,-1.52245120461248
55,58,-0.515429689863686
55,60,-0.89853506817473
55,64,0.390152955373055
55,67,0.414082499434864
55,70,-0.32327587476508
55,76,0.198664054609192
55,88,-0.269778915905486
55,147,-1.25520879562633
55,183,0.941600020944496
55,274,0.253802010217862
55,302,0.0006449590001657
55,310,-0.535336763720728
55,344,0.376947305314979
55,345,-0.290298293415556
55,443,-0.291668062006639
55,458,-0.264249347858501
56,57,0.966624129327206
56,60,-1.38964023086407
56,61,-0.207602985646895
56,63,-1.89274448462329
56,64,-0.100952207316288
56,68,-0.603149369558575
56,75,-0.0617651678648916
56,103,-0.991139718732582
56,134,-0.0749395980684038
56,159,-0.0570637766318513
56,187,-0.668829310526265
56,230,-0.330700441329311
56,242,1.1873410735733
56,250,-1.07746526719332
56,278,0.617926461909242
56,282,-0.237219217658266
56,291,0.483564085262648
56,293,-1.12613826801825
56,307,0.256553700438791
56,310,-1.02644192641007
56,340,-0.113112470113884
56,394,-0.555341385425687
56,406,-0.119180157435352
56,452,-0.372528442434222
56,484,-0.426371039557418
57,59,-0.437723890397887
57,61,-1.1742271149741
57,65,-1.31863754800862
57,66,-1.03802653699508
57,67,-1.04364679258169
57,85,-2.62405419345104
57,90,-1.11401737592304
57,145,0.0505914077380967
57,178,-1.02195641529022
57,186,-1.09904445661164
57,236,-1.16580927107839
57,284,-1.88950681956986
57,293,-2.09276239734546
57,300,-2.21346176323505
57,367,-1.61047339665353
57,389,-1.66889509740576
57,397,-3.25233788885283
57,419,-1.36054567675684
57,457,-2.46578380956346
57,464,-2.06154394332522
58,59,1.53543509148235
58,66,0.935132444885152
58,67,0.92951218929855
58,74,0.403466204119895
58,82,1.1968760195296
58,85,-0.650895211570805
58,136,0.726426197712436
58,139,-0.471994067750573
58,146,0.56518450662817
58,155,1.35470442369976
58,209,0.564585100279183
58,221,0.321371988554737
58,231,0.516962047087996
58,235,0.264282392567225
58,284,0.0836521623103741
58,332,1.34372690186454
58,359,0.996426991873665
58,380,0.0910186723272323
58,394,0.451193467127343
58,410,0.225487141808151
58,451,-1.08299676163723
58,452,0.634006410118808
58,459,-0.426280014686604
58,481,0.0552382322125778
58,497,0.406300256603343
59,62,-2.38517479315701
59,64,-0.629852446245608
59,65,-0.880913657610735
59,72,-1.65825747824091
59,79,-1.51609607531312
59,105,-0.800929492068464
59,134,-0.603839836997723
59,185,-1.69123170430338
59,262,-1.52346972925241
59,276,-0.868428943931647
59,282,-0.766119456587586
59,332,-0.191708189617811
59,360,-0.549223333751538
59,399,0.0240765468097909
59,431,-2.10505916575239
59,432,-0.971354555627569
59,443,-1.3116734636253
59,462,-0.848399789402882
59,475,-2.09068123994196
59,479,0.234496296868801
59,486,-1.98128401644885
59,488,-1.22470416075241
60,62,-0.46663432336362
60,63,-0.503104253759212
60,64,1.28868802354779
60,65,1.03762681218266
60,66,1.3182378231962
60,67,1.31261756760959
60,71,0.647126200612104
60,73,0.607413468210069
60,77,1.05024837297017
60,96,0.0740738746490992
60,153,0.0357524161929747
60,160,1.92915310254289
60,189,0.23336170844593
60,204,1.45071781432381
60,221,0.70447736686578
60,228,0.781372081116911
60,291,1.87320431612672
60,292,-0.657989966727505
60,375,0.481590300971385
60,378,0.384556173974478
60,405,1.63397720435454
60,438,0.628049804381048
60,449,0.966405174853125
61,62,-1.6486715685808
61,65,-0.144410433034521
61,67,0.130580322392415
61,69,0.0847663194734689
61,70,-0.606778051807529
61,74,-0.39546566278624
61,75,0.145837817782003
61,143,-0.677476767011257
61,146,-0.233747360277966
61,179,0.267876718432984
61,245,0.411647767875277
61,303,-0.0274145893149109
61,334,-0.799364476056071
61,351,-1.77885529623384
61,356,-0.87032330794302
61,388,0.316582313422394
61,389,-0.494667982431657
61,404,-1.02766837700698
61,442,0.54606548760278
61,444,-2.30118056297644
61,456,-1.1950083349423
61,495,0.0854857403347638
62,63,-0.0364699303955925
62,64,1.7553223469114
62,70,1.04189351677327
62,72,0.726917314916103
62,75,1.7945093863628
62,86,1.65885139216446
62,100,2.05104527234294
62,155,2.20444412537442
62,163,1.7217229643174
62,183,2.30676941248285
62,189,0.69999603180955
62,191,0.668162865205721
62,202,1.13004298200328
62,211,0.838872008870483
62,221,1.1711116902294
62,235,1.11402209424189
62,248,1.37008739203149
62,252,0.425076275115325
62,254,1.31518714719331
62,293,0.73013628620944
62,296,0.672250371455017
62,327,0.781666067706459
62,339,1.30561419112912
62,352,2.12570337474871
63,65,1.54073106594187
63,70,1.07836344716886
63,86,1.69532132256005
63,90,1.74535123802746
63,99,2.07295775449475
63,101,0.600640562746306
63,150,1.7432264429093
63,197,0.242732037447067
63,199,0.648660577512055
63,261,0.847240382082957
63,323,1.06911745576529
63,326,1.47876888623917
63,328,0.309835259863914
63,337,1.14321884531231
63,354,1.32816449580629
63,372,2.27468554835222
63,382,1.11579942643618
63,408,0.273151609737813
63,421,0.541276204701712
63,433,2.35387329713177
63,437,0.445573211476046
63,447,1.08446470415557
63,471,1.77365343050999
64,66,0.0295497996484103
64,68,-0.502197162242287
64,71,-0.641561822935681
64,72,-1.0284050319953
64,73,-0.681274555337716
64,74,-0.502116441116847
64,77,-0.238439650577613
64,100,0.295722925431535
64,103,-0.890187511416294
64,128,0.530767375486831
64,131,-0.539263331329212
64,134,0.0260126092478846
64,150,-0.0485658343977002
64,170,-1.54350948755862
64,204,0.16202979077602
64,280,-1.50193412395675
64,359,0.0908443466369231
64,407,1.45841933543061
64,487,-0.970637057384471
65,66,0.280611011013537
65,71,-0.390500611570554
65,78,0.570950820319794
65,98,-0.207278750001184
65,103,-0.639126300051167
65,135,-0.17618933604772
65,197,-1.2979990284948
65,215,0.847027896634846
65,247,0.0560171540301761
65,305,0.338225988595167
65,312,0.0665204110205881
65,320,1.09579161754442
65,361,-0.660222922189925
65,392,0.0619750216926398
65,398,-0.263949150318721
65,400,-0.923175295625363
65,414,-0.826824172605449
65,452,-0.0205150237528071
66,69,-0.0514342585055475
66,72,-1.05795483164371
66,76,-0.221038700412274
66,81,-0.111782236270984
66,124,0.886574790856089
66,218,-0.823064736979698
66,222,0.124176603021062
66,225,-0.631688356874389
66,262,-0.923167082655212
66,264,-1.61421809091322
66,265,-1.31870008816459
66,317,-1.22444162076922
66,348,-0.645350074805249
66,388,0.180381735443378
66,427,-0.520629256146818
66,448,-0.853397400732791
66,461,-0.0267761062304028
66,462,-0.248097142805684
66,472,-0.167672164262076
66,484,-0.354968631889539
67,68,-0.526126706304096
67,72,-1.05233457605711
67,79,-0.910173173129317
67,84,0.480643104607207
67,106,-0.535673153634901
67,107,-1.0747269901986
67,117,-0.809771499136996
67,121,-1.39460084355889
67,188,-0.978557796348776
67,192,-1.42867344795066
67,214,-1.04757340139742
67,251,-0.180151859257601
67,257,0.154918040799024
67,275,-0.143954113433395
67,282,-0.160196554403786
67,284,-0.845860026988176
67,348,-0.639729819218647
67,365,-0.167574922719231
67,368,-1.87567382403596
67,369,-0.285685091579634
67,416,-0.624403367541094
67,457,-1.42213701698177
67,460,-1.49695433342801
68,71,-0.139364660693394
68,78,0.822086771196955
68,79,-0.384046466825222
68,80,0.221714140195279
68,81,0.419964725619713
68,120,0.701713546122608
68,125,1.10344237256727
68,139,-0.875379550745028
68,159,0.546085592926724
68,198,0.971785499052193
68,209,0.161199617284729
68,230,0.272448928229265
68,235,-0.139103090427229
68,301,1.14295891506755
68,316,0.680348481468494
68,333,0.46860142606499
68,366,0.0219087378470961
68,379,0.157280851507743
68,387,-0.500536497190317
68,437,-0.844021903588664
68,481,-0.348147250781877
69,71,-0.619677364078544
69,75,0.061071498308534
69,78,0.341774067811805
69,79,-0.864359170210372
69,81,-0.0603479777654364
69,91,-0.372667057295606
69,93,-1.5263260612316
69,143,-0.762243086484726
69,226,-0.238076883694637
69,235,-0.619415793812379
69,325,-1.15842761087003
69,329,0.377636950544725
69,370,-0.661631453658143
69,383,-0.24489618585969
69,390,-0.726574642237883
69,399,0.675813451912536
69,458,-0.632517844374419
69,478,1.13255194279687
70,73,0.0321542748004194
70,75,0.752615869589532
70,77,0.474989179560522
70,79,-0.172814798929374
70,80,0.432945808091127
70,83,0.879243600514642
70,91,0.318877313985392
70,218,-0.0800861071931525
70,237,0.495312006362423
70,240,0.76251980603539
70,245,1.01842581968281
70,281,-0.0043256785774982
70,298,0.024184794379773
70,319,-0.232784847740364
70,347,-0.954695503043635
70,373,-0.790685204589617
70,420,0.582276902160054
70,421,-0.53708724246715
70,440,-0.0197268056155367
71,74,0.139445381818835
71,76,0.450072922171817
71,77,0.403122172358068
71,79,-0.244681806131828
71,80,0.361078800888673
71,81,0.559329386313108
71,91,0.247010306782938
71,129,1.2157877205804
71,214,-0.382082034399935
71,218,-0.151953114395606
71,231,0.252941224786935
71,267,-0.762777302898876
71,293,-0.383624237766283
71,347,-1.02656251024609
71,386,0.441703068476293
71,489,0.24391624753618
72,75,1.0675920714467
72,79,0.142161402927793
72,80,0.747922009948293
72,82,1.31969840628816
72,85,-0.528072824812245
72,146,0.68800689338673
72,155,1.47752681045832
72,174,-0.177629283760176
72,175,0.582248786252663
72,202,0.403125667087181
72,216,-0.10063577385397
72,218,0.234890094664014
72,233,1.5390968593026
72,241,0.819221840743705
72,300,-0.117480394596249
72,357,0.583549989849813
72,425,-0.0358548115238481
72,426,0.889222360126623
72,451,-0.960174374878668
72,489,0.6307594565958
72,500,1.21837915652877
73,74,0.179158114220869
73,75,0.720461594789113
73,78,1.00116416429238
73,79,-0.204969073729793
73,82,0.972567929630578
73,83,0.847089325714223
73,85,-0.875203301469831
73,110,0.33603666004386
73,116,0.261092693876171
73,138,0.557533824128025
73,152,-0.409061405381419
73,164,-0.0355499652077775
73,166,0.682643563495712
73,181,0.262193986536047
73,207,0.826160446978916
73,307,1.0387804630928
73,381,0.24116622267962
73,396,1.10990742072332
73,436,0.0072740771372788
73,472,0.54315219072405
73,489,0.283628979938214
74,78,0.822006050071514
74,80,0.221633419069838
74,85,-1.0543614156907
74,86,0.405645486369901
74,87,-0.367243129811048
74,97,-0.214903438478697
74,99,0.783281918304603
74,124,1.41824103162135
74,145,1.62028418549844
74,188,-0.452511811170121
74,313,0.522017000539943
74,315,0.535006746203054
74,336,0.259270450700282
74,353,-0.236871155701493
74,361,-0.409167692438205
74,391,-0.688817196919021
74,492,-0.168047843986793
75,77,-0.27762669002901
75,80,-0.319670061498405
75,86,-0.135657994198342
75,88,-0.699118910729938
75,168,-1.02367630202844
75,180,-0.724355680987776
75,242,1.24910624143819
75,309,-1.66518022091332
75,327,-1.01284331865634
75,346,-0.427592756926299
75,357,-0.484042081596885
75,407,1.41923229597921
75,408,-1.55782770702058
75,456,-1.3408461527243
75,460,-1.5122118288176
75,470,-1.41776249546723
76,77,-0.0469507498137496
76,78,0.511378509718531
76,82,0.482782275056725
76,85,-1.36498895604368
76,86,0.095017946016918
76,162,-0.213145566083674
76,216,-0.937551905085408
76,221,-0.392721755918141
76,223,-0.526338457507214
76,239,0.596399417768663
76,253,-0.024124522178213
76,274,0.0551379556086703
76,304,0.872171843490639
76,374,-1.18976769634297
76,377,-1.02645620745077
77,80,-0.0420433714693948
77,82,0.529733024870475
77,86,0.141968695830668
77,87,-0.630919920350281
77,96,-0.976174498321072
77,112,0.854228565426137
77,136,0.0592832030533078
77,147,-1.40692210042178
77,177,0.262769781096513
77,191,-0.848719831128071
77,212,-0.427715499035608
77,270,-0.0280813565659701
77,281,-0.47931485813802
77,313,0.258340210000709
77,370,-0.445076261937667
77,430,0.0842635887818452
77,457,-1.15976782234235
77,490,-0.70790630378273
78,82,-0.0285962346618057
78,84,0.184683039714348
78,86,-0.416360563701613
78,89,-0.829739482154644
78,91,-0.714441125107411
78,104,-0.133329752107415
78,139,-1.69746632194198
78,144,-1.16113954301986
78,158,0.782854045153297
78,264,-1.90455790021948
78,273,0.235952212826729
78,311,-1.25034604492939
78,318,-0.200866124156162
78,322,-0.242623504560938
78,360,-0.239260496460597
78,371,-1.5910780164869
78,495,-0.34105464695051
79,85,-0.670234227740038
79,90,0.839802589787968
79,108,0.935270955949691
79,134,0.912256238315393
79,137,0.920346157638197
79,237,0.668126805291796
79,240,0.935334604964764
79,266,-0.383530108238623
79,268,0.0786355216343126
79,280,-0.615690494889238
79,288,0.0001600707264027
79,364,0.121657575661534
79,392,0.697157439395022
79,422,0.320123502169991
79,485,-0.0486370107509346
80,82,0.57177639633987
80,83,0.446297792423515
80,84,0.785055670716024
80,86,0.184012067300063
80,91,-0.114068494105735
80,92,-0.773934037648674
80,93,-1.26772749804173
80,118,-1.11120282282633
80,130,-0.619845086390935
80,153,-0.972452585307802
80,162,-0.12415144480053
80,218,-0.513031915284279
80,266,-0.989290715259124
80,290,-0.189322270576168
80,314,0.415240880911242
80,316,0.458634341273215
80,336,0.0376370316304437
80,429,-1.15787478968822
80,434,0.0962783353279886
81,82,0.373525810915435
81,84,0.586805085291589
81,86,-0.0142385181243721
81,88,-0.577699434655967
81,89,-0.427617436577403
81,90,0.035791397343033
81,93,-1.46597808346616
81,101,-1.10891927793812
81,167,-1.34134139668685
81,170,-1.46127705093605
81,183,0.633679502194015
81,184,-0.031621705820687
81,198,0.551820773432479
81,207,0.227118328263774
81,220,0.0898458148057492
81,242,1.37052571751216
81,252,-1.24801363517351
81,270,-0.18428857052101
81,294,-0.549701178126839
81,350,-0.689933088220296
81,459,-1.24963022330077
81,468,-0.844057972577588
82,84,0.213279274376154
82,92,-1.34571043398854
82,155,0.157828404170158
82,178,-0.245673452939585
82,220,-0.283679996109686
82,221,-0.875504030974866
82,264,-1.87596166555767
82,271,0.496866858437376
82,299,-0.743768446400637
82,310,-1.21678309338665
82,332,0.146850882334935
82,347,-1.95941770747463
82,359,-0.200449027655939
82,361,-1.20257750784791
82,367,-0.834190434302894
82,385,-1.39539608473118
82,387,-1.29402703372547
82,404,-1.42561252963045
82,409,-0.355785495650578
82,411,-0.250495219929156
82,412,-0.373075872757388
82,452,-0.562869609410796
82,491,-0.359965193082489
83,87,-1.0351743413044
83,88,-0.825746641655048
83,89,-0.675664643576483
83,91,-0.56036628652925
83,118,-1.55750061524985
83,133,0.0285031446508218
83,145,0.952352974005084
83,292,-2.1124927606518
83,354,-0.629442551877216
83,394,-0.620203948485905
83,424,-0.0216126117674371
83,448,-0.989662371460888
83,473,-0.740234920964754
83,482,-0.836157333695782
84,87,-1.37393221959691
84,89,-1.01442252186899
84,91,-0.899124164821759
84,116,-0.92475451013056
84,163,-0.538172031263018
84,180,-1.18974129020539
84,240,-0.45548167277176
84,259,-1.33916530968656
84,273,0.0512691731123812
84,332,-0.0664283920412188
84,357,-0.949427690814504
84,360,-0.423943536174945
84,364,-1.26915870207499
84,387,-1.50730630810162
84,419,-0.79754198878236
84,427,-0.995652105167423
85,87,0.687118285879652
85,89,1.04662798360757
85,97,0.839457977212003
85,117,0.770635901732359
85,132,1.32172705780938
85,172,0.747953663361301
85,183,2.10792492237899
85,188,0.601849604520579
85,218,0.762962919476259
85,222,1.71020425947702
85,235,0.91517760413803
85,245,1.86147484635222
85,248,1.17124290192763
85,252,0.226231785011467
85,276,1.31790135912151
85,291,2.14099414938648
85,299,1.10400278469977
85,300,0.410592430215995
85,320,2.40120826298684
85,346,1.16807213933264
85,373,0.0523638220797942
85,392,1.36739166713506
85,393,1.05763805698792
85,434,1.37227317008853
85,457,0.158270383887586
85,469,1.15602155168822
85,488,0.961626142300746
85,498,2.21938686935468
86,90,0.0500299154674051
86,96,-1.11814319415174
86,97,-0.620548924848597
86,118,-1.2952148901264
86,134,0.12248356399483
86,140,-0.373491905229411
86,152,-0.993865005972189
86,173,-0.144976369866973
86,184,-0.0173831876963149
86,206,-0.0241886907253878
86,231,-0.2921496434018
86,246,-0.190013244249582
86,259,-0.738121706270602
86,282,-0.0397960555950321
86,300,-1.04941447184461
86,307,0.453976862502025
86,308,-0.501128854795365
86,339,-0.353237201035343
86,373,-1.40764307998081
86,408,-1.42216971282224
86,410,-0.583624548681645
86,420,-0.0346809732311357
86,421,-1.15404511785834
86,425,-0.967788888772204
86,495,0.0753059167511034
87,88,0.209427699649353
87,129,1.44358546857262
87,151,0.0087565028668496
87,154,0.227108217443278
87,184,0.755505428484634
87,211,-0.0470907671130273
87,214,-0.154284286407722
87,215,1.46532625619761
87,276,0.630783073241855
87,294,0.237425956178482
87,319,-0.0768541069506055
87,338,0.127643226041913
87,351,-1.01614650363656
87,352,1.2397405987652
87,411,0.9101577252916
87,416,0.268885747448608
87,446,-0.54810443203797
87,447,0.162031997776467
87,455,0.107667585764105
87,478,1.98002705486763
87,485,-0.0655210688905494
87,490,-0.0769863834324496
87,495,0.848194532932052
88,89,0.150081998078565
88,93,-0.888278648810197
88,96,-0.554682277620145
88,101,-0.53121984328215
88,181,0.240851302476872
88,226,0.399970528726767
88,239,1.06484238828334
88,242,1.94822515216813
88,243,1.61006743151671
88,271,1.44809210400878
88,276,0.421355373592502
88,372,1.14282514232377
88,377,-0.558013236936096
88,379,0.315015560543997
88,452,0.388355636160607
88,461,0.662705564696549
88,481,-0.190412541745623
88,494,0.0168625653174148
89,90,0.463408833920436
89,91,0.115298357047233
89,92,-0.544567186495706
89,96,-0.70476427569871
89,98,0.0515099118336653
89,101,-0.681301841360715
89,102,0.960047433403939
89,111,-1.28019744816301
89,155,0.958971651662996
89,279,-0.587747537689676
89,290,0.0400445805768
89,313,0.529750432623072
89,318,0.628873357998481
89,351,-1.37565620136447
89,356,-0.46712421307365
89,364,-0.254736180205998
89,432,0.168347763818015
89,464,-0.484117733481745
90,95,-0.750403526483856
90,96,-1.16817310961915
90,101,-1.14471067528115
90,135,-0.380809508133306
90,139,-1.33113567370777
90,142,-1.43020035027385
90,165,1.0846824068487
90,195,-0.41629763942742
90,217,-0.639522242920799
90,218,-0.747073898051747
90,222,0.200167441949013
90,259,-0.788151621738007
90,269,-1.56775560776832
90,297,-1.40888265739803
90,337,-0.602132392715148
90,426,-0.0927416325891375
90,427,-0.444638417218867
90,493,-0.804090249362091
91,93,-1.15365900393599
91,94,-0.867432553014113
91,97,-0.3224683634428
91,98,-0.0637884452135678
91,99,0.6757169933405
91,154,-0.247699837331873
91,178,0.44017143750602
91,227,-0.993506692185905
91,255,0.551053321221381
91,297,-1.06077218052483
91,306,0.0471391398611677
91,393,-0.104288283666879
91,418,-1.1187137661114
91,428,0.0946196944223348
91,433,0.956632535977513
91,437,-0.951667549678208
91,456,-0.907107597120162
91,469,-0.0059047889665805
91,496,0.699503372672655
92,93,-0.493793460393056
92,94,-0.207567009471174
92,95,0.257572493932285
92,96,-0.160197089203004
92,100,1.35013998512722
92,101,-0.136734654865009
92,103,0.164229548279388
92,107,0.0036196135588913
92,117,0.268575104620495
92,144,0.213167125630486
92,208,0.650458994313249
92,229,0.375904664201712
92,258,1.57974477318608
92,343,-0.478545060317236
92,399,1.70834605275108
92,410,0.374321556267091
92,426,0.915234387827004
92,427,0.563337603197275
92,497,0.555134671062283
93,99,1.82937599727649
93,275,1.42818595071715
93,282,1.41194350974676
93,283,3.25984973547101
93,321,1.94285791062976
93,329,1.90396301177633
93,356,0.571236433815111
93,359,1.63905486672566
93,371,0.277022112556503
93,382,0.872217669217925
93,385,0.444107809650422
93,388,1.75814205518053
93,420,1.41705859211066
93,427,1.05713106359033
93,430,1.39403445829297
93,485,0.613329880270295
93,493,0.697679231447107
93,494,0.905141214127612
93,498,2.21111953263587
94,99,1.54314954635461
94,101,0.070832354606165
94,103,0.371796557750562
94,105,1.090907023344
94,158,2.36472772327482
94,186,1.23051594919871
94,193,1.75505591464112
94,206,1.14132442369452
94,229,0.583471673672886
94,241,1.05280087791526
94,266,-0.0077896681392759
94,278,1.98086273839239
94,342,0.984642636064004
94,345,0.581532820378245
94,347,-0.406140264014914
94,367,0.719087009156824
94,402,1.04200136636757
94,436,0.58798359096642
94,451,-0.726595337707114
94,461,1.26475776258486
94,466,-0.594612144383222
94,482,0.591641505847582
94,495,1.24081903117101
95,96,-0.417769583135289
95,99,1.07801004295115
95,106,0.285100956190305
95,110,0.451606670469541
95,155,1.24596634422642
95,171,-0.0305234859404763
95,174,-0.409189749992081
95,181,0.377763996961728
95,195,0.334105887056436
95,202,0.171565200855276
95,232,-0.834944945327992
95,253,0.58123114282132
95,312,0.612303765418858
95,378,-0.10728728380991
95,384,0.259473312603705
95,469,0.396388260644073
96,100,1.51033707433022
96,113,0.534808348144628
96,124,2.13073873940319
96,137,1.24871667746937
96,159,1.25850257958312
96,189,0.159287833796831
96,204,1.37664393967471
96,242,2.50290742978827
96,244,0.57173497622226
96,247,1.01957009156373
96,251,1.05839183370289
96,253,0.999000725956609
96,336,0.971768158482121
96,450,-0.217318205929693
96,464,0.220646542216965
96,491,1.14594233010906
97,98,0.258679918229232
97,102,1.16721743979951
97,105,0.545942833772687
97,106,0.205276270022451
97,135,0.289769332182696
97,148,0.263812256484279
97,150,0.668454045197843
97,158,1.81976353370351
97,219,0.934478671880142
97,221,0.132809222913539
97,304,1.39770282232232
97,339,0.267311723813255
97,341,-0.636483735782689
97,386,0.517161125136155
97,391,-0.473913758440324
97,399,1.37094887265094
97,434,0.532815192876524
98,99,0.739505438554068
98,104,0.644899818213563
98,105,0.287262915543455
98,108,0.507367288248494
98,110,0.113102066072455
98,155,0.90746173982933
98,171,-0.369028090337562
98,212,-0.20781518824691
98,313,0.478240520789407
98,397,-1.72642159084303
98,417,-0.979943093590799
98,425,-0.605919882152839
98,445,-0.434373834256099
98,455,-0.303352023797478
99,104,-0.0946056203405046
99,105,-0.452242523010613
99,107,-1.33196292332455
99,111,-2.07121279855074
99,112,0.334623437660767
99,165,0.757075890381403
99,171,-1.10853352889163
99,178,-0.23554555583448
99,193,0.211906368286511
99,209,-0.622163022145315
99,332,0.15697877944004
99,382,-0.95715832805857
99,383,-0.547946121904584
99,399,0.372763515867642
99,431,-1.75637219669454
99,440,-1.01432111294143
99,451,-2.26974488406173
99,473,-0.855585627776004
99,478,0.829502006751975
99,495,-0.302330515183599
100,105,-0.466799971254391
100,106,-0.807466535004627
100,111,-2.08577024679452
100,113,-0.975528726185593
100,191,-1.38288240713722
100,278,0.423155743793996
100,284,-1.1176534083579
100,301,0.345038827393727
100,338,-1.03743927031752
100,351,-2.18122899999599
100,360,-0.215093812937464
100,361,-1.20700705898659
100,434,-0.479927612150554
100,455,-1.05741491059532
100,456,-1.59738203870444
100,470,-1.67429838144737
100,492,-0.965887210535174
101,107,0.140354268423901
101,114,1.51153393190711
101,123,1.39733656608838
101,138,1.067410983351
101,312,1.00661091421615
101,325,0.0108396448335216
101,421,-0.0593643580445936
101,434,1.00694702784167
101,437,-0.15506735127026
101,441,1.0854397046024
101,458,0.536749411329135
101,478,2.30181919850042
101,486,-0.160279855642555
101,496,1.4961035710806
102,106,-0.961941169777055
102,109,-1.10250989587857
102,113,-1.13000336095802
102,114,-0.129815342857545
102,123,-0.244012708676274
102,172,-1.25872175365021
102,195,-0.912936238910923
102,221,-1.03440821688597
102,223,-1.16802491847504
102,225,-1.05233611742994
102,266,-1.71997129751009
102,277,-1.03927951313389
102,311,-1.38065399617868
102,339,-0.899905715986251
102,382,-1.12619041107478
102,387,-1.45293121963657
102,412,-0.531980058668489
102,420,-0.581349488182044
102,429,-1.88855537193919
102,435,-1.38046185183657
102,471,-0.468336407000971
103,109,0.237875175741688
103,131,0.350924180087082
103,133,1.08450542644362
103,148,0.43697988830503
103,149,-0.425831539312683
103,263,0.913734139615469
103,282,0.753920501074316
103,285,1.08136950272163
103,287,0.79368659076831
103,308,0.292587701873984
103,333,0.856591775238997
103,377,-0.327757596798343
103,388,1.10011904650808
103,399,1.54411650447169
103,401,-1.31874321020576
104,105,-0.357636902670108
104,109,-0.838872192521858
104,110,-0.531797752141108
104,115,-1.20893518307214
104,116,-0.606741718308797
104,143,-0.970687402189116
104,170,-1.73006934440587
104,191,-1.27371933855294
104,208,-0.590517922229685
104,220,-0.178946478664077
104,234,0.690996649451767
104,235,-0.827860109516768
104,246,-0.47304405584378
104,317,-1.38145167796806
104,325,-1.36687192657442
104,387,-1.18929351627986
104,399,0.467369136208147
104,417,-1.62484291180436
104,423,-0.837853669548272
105,108,0.220104372705039
105,112,0.78686596067138
105,114,0.491459263169274
105,133,0.365394960850185
105,139,-1.20649966716446
105,169,-0.429474437050791
105,185,-0.890302212234917
105,204,0.333106836598876
105,209,-0.169920499134702
105,279,-0.926520365066796
105,286,-0.648941918503743
105,310,-0.754412673270927
105,355,-0.910008529897583
105,368,-1.6806672341513
105,373,-1.3330369889049
105,383,-0.0957035988939715
105,438,-0.489561173343881
106,108,0.560770936455275
106,111,-1.2783037117899
106,113,-0.168062191180966
106,116,0.0915617481115477
106,117,-0.274098345502095
106,119,-0.155222756282183
106,128,1.04251098505992
106,210,-0.738144448576227
106,226,0.251782267021318
106,258,1.03707132306349
106,273,1.06758543135449
106,339,0.062035453790804
106,360,0.592372722067163
106,362,-1.19218925176202
106,401,-1.69718711204896
106,416,-0.0887302139061937
106,420,0.380591681595011
106,471,0.493604762776083
106,487,-0.458893447811379
107,108,1.09982477301897
107,113,0.370991645382733
107,115,0.0284221199118986
107,116,0.630615584675246
107,120,1.25031383001711
107,192,-0.353946457752057
107,195,0.58805876742983
107,209,0.709799901179233
107,224,0.926072216210168
107,225,0.448658888910813
107,239,1.45570796314159
107,362,-0.653135415198326
107,378,0.146665596563484
107,416,0.450323622657505
107,424,1.19499960474586
107,455,0.289105460973002
107,473,0.476377295548544
107,477,-0.233846351325152
108,111,-1.83907464824517
108,114,0.271354890464235
108,115,-1.07140265310707
108,117,-0.83486928195737
108,119,-0.715993692737458
108,120,0.150489056998138
108,212,-0.715182476495404
108,245,0.255969662662488
108,248,-0.434262281762094
108,293,-1.07421338758415
108,370,-0.732543239397463
108,376,0.580401297330751
108,397,-2.23378887909152
108,399,0.604901666173216
108,447,-0.75635490003361
108,478,1.06164015705755
108,483,0.191178905333084
108,499,-0.578907378366453
109,111,-1.13773498568838
109,113,-0.027493465079452
109,116,0.232130474213061
109,140,0.182349475698249
109,148,0.199104712563342
109,176,0.128841633682525
109,213,0.550278000127082
109,216,-0.476728470174665
109,273,1.208154157456
109,282,0.516045325332628
109,308,0.0547125261322957
109,310,-0.273177383419177
109,363,0.0079743047749257
109,407,2.11073167110522
109,422,0.0861922087770884
109,423,0.001018522973586
109,426,0.513129663805928
109,464,-0.341655271007115
110,113,-0.334567905460202
110,116,-0.0749439661676884
110,120,0.544754279174177
110,121,-1.02543340420322
110,173,0.103790570679938
110,192,-1.05950600859499
110,208,-0.0587201700885769
110,215,0.941204580563575
110,223,-0.372589462977222
110,235,-0.29606235737566
110,320,1.18996830147315
110,345,-0.335213353494755
110,387,-0.657495764138748
110,401,-1.86369282632819
110,435,-0.585026396338748
110,439,-0.353317959824147
110,467,0.0816382161600208
110,487,-0.625399162090615
110,493,-0.505293393347775
111,115,0.767671995138096
111,116,1.36986545990144
111,118,0.398361476489647
111,120,1.98956370524331
111,121,0.419376021865909
111,124,2.70617191186749
111,134,1.81605993061087
111,155,2.23916909982601
111,182,1.83574758164498
111,183,2.34149438693443
111,203,1.66816082246859
111,205,1.78622726902384
111,280,0.288113197406241
111,309,0.164054139901064
111,330,0.65658806792479
111,373,0.285933286635236
111,394,1.33565814325359
111,494,1.14697801540186
112,113,-1.29559471560258
112,116,-1.03597077631007
112,117,-1.40163086992371
112,118,-2.00747475972186
112,123,-0.409604063320835
112,130,-1.51611702328647
112,146,-0.956187053457096
112,149,-1.9318079655775
112,157,-1.51926943292413
112,161,-1.95565084254704
112,232,-2.24757842593991
112,236,-0.714021849283416
112,254,-1.05592411456662
112,263,-0.592242286649349
112,266,-1.88556265215466
112,306,-0.963201291140099
112,324,-1.00210370766215
112,333,-0.649384651025821
112,361,-1.52707304840358
112,414,-1.6936742988191
112,422,-1.18190904174604
112,463,-1.41190845962622
113,114,1.00018801810048
113,115,-0.342569525470834
113,118,-0.711880044119283
113,119,0.0128394348987829
113,129,1.25403169839878
113,131,0.140542469424846
113,156,0.364639353802879
113,208,0.275847735371625
113,222,0.83353220342353
113,232,-0.951983710337331
113,246,0.39332160175753
113,255,0.836307605822696
113,278,1.39868446997959
113,300,-0.466079625837493
113,407,2.13822513618467
113,420,0.548653872775977
113,454,-0.662526915315258
113,458,0.0254034975225014
113,496,0.98475765727397
114,117,-1.1062241724216
114,121,-1.6910535168435
114,123,-0.114197365818729
114,125,0.280862992978568
114,126,-0.729115368343992
114,134,-0.294369608098533
114,146,-0.660780355954989
114,220,-0.312768839163242
114,245,-0.0153852278017466
114,275,-0.440406786718004
114,299,-0.772857289454192
114,306,-0.667794593637993
114,383,-0.587162862063245
114,386,-0.520240971805805
114,428,-0.620314039076826
114,459,-1.65224487726976
114,464,-1.31434982402814
115,119,0.355408960369617
115,124,1.93849991672939
115,125,1.62362053654988
115,129,1.59660122386962
115,234,1.89993183252391
115,242,2.31066860711448
115,254,0.582240126506795
115,272,0.810039327136502
115,321,1.41702271676592
115,337,0.373801894230203
115,349,0.350121686044418
115,353,0.283387729406553
115,370,0.338859413709612
115,379,0.677459015490348
115,394,0.567986148115494
115,481,0.172030913200728
115,492,0.352211041121253
115,494,0.379306020263766
116,118,-0.971503983411796
116,121,-0.950489438035535
116,122,1.31639003499026
116,124,1.33630645196604
116,126,0.01144871046397
116,129,0.994407759106267
116,138,0.296441130251854
116,174,-0.785852454293933
116,298,-0.269062174296818
116,386,0.220323107002157
116,476,-1.1633765164817
116,482,-0.25016070185773
117,121,-0.584829344421892
117,127,0.540486674635149
117,128,1.31660933056202
117,129,1.36006785271991
117,130,-0.114486153362755
117,213,0.683807619527664
117,254,0.34570675535709
117,280,-0.71609216888156
117,301,1.42660370790045
117,303,0.65177658742967
117,320,1.63057236125448
117,332,1.22398621170298
117,383,0.51906131035836
117,432,0.444339845693227
117,439,0.0872860999571842
117,441,0.680129945116895
117,462,0.567294611917913
118,123,1.59787069640103
118,126,0.982952693875766
118,157,0.488205326797738
118,165,2.4299272124425
118,175,0.945529599130702
118,205,1.38786579253419
118,221,0.807475188191336
118,249,0.745968798685056
118,265,0.102535556357162
118,268,0.584077737440145
118,304,2.07236878760012
118,368,-0.460058435100813
118,371,0.120497437341106
118,409,1.32719372351563
118,463,0.595566300095647
118,470,0.0131103888575106
118,498,2.05459485742048
119,122,1.56317453938399
119,127,0.421611085415236
119,130,-0.233361742582668
119,132,0.432215566857111
119,133,0.861284280882604
119,144,-0.174283568209921
119,173,0.425519041241357
119,182,0.712666626137267
119,185,-0.394412892202498
119,196,-0.027265138332389
119,254,0.226831166137178
119,260,-0.335018722240973
119,283,2.37860558123754
119,328,-0.814990651587809
119,445,-0.225747429767135
119,489,0.269320790455773
119,490,-0.279379588505068
120,126,-0.608249534877896
120,128,0.33125099160651
120,131,-0.738779715209533
120,132,-0.434267182878486
120,133,-0.0051984688529921
120,135,-0.626766931293168
120,240,-0.150425407983066
120,242,1.08877689700927
120,258,0.325811329610074
120,259,-1.03410904489787
120,279,-1.29711379476997
120,346,-0.587922101355223
120,356,-1.17649047015395
120,415,-0.124206066098359
120,420,-0.330668311858402
120,491,-0.268188202669948
121,123,1.57685615102477
121,126,0.961938148499505
121,128,1.90143867498391
121,129,1.9448971971418
121,134,1.39668390874496
121,139,-0.0069054134902355
121,155,1.8197930779601
121,177,1.39500143001598
121,195,0.907932620790118
121,232,-0.26111821159431
121,249,0.724954253308794
121,255,1.52717310456572
121,288,0.484587741155973
121,322,1.44793740389081
121,326,1.05764790842925
121,364,0.606085246091105
121,429,-0.067686512238152
121,432,1.02916919011512
121,473,0.796251148908832
122,124,0.0199164169757825
122,127,-1.14156345396876
122,128,-0.365440798041886
122,130,-1.79653628196666
122,133,-0.701890258501388
122,135,-1.32345872094156
122,174,-2.10224248928419
122,203,-1.01809467242311
122,218,-1.68972311086
122,219,-0.678749381244118
122,274,-1.03255911868391
122,281,-1.61396268224435
122,328,-2.3781651909718
122,393,-1.39504797334834
122,396,-0.467575308143112
122,412,-0.977990671993243
122,448,-1.7200557746131
122,468,-1.82249858272888
123,125,0.395060358797297
123,129,0.368041046117034
123,132,-0.440935650525853
123,133,-0.0118669365003598
123,134,-0.180172242279804
123,235,-0.847485104197205
123,285,-0.0150028602223516
123,307,0.151321056227391
123,311,-1.13664128750241
123,317,-1.4010766726485
123,356,-1.18315893780132
123,378,-1.110316701101
123,399,0.44774414152771
123,473,-0.780605002115935
123,476,-1.78974322947093
124,129,-0.341898692859777
124,130,-1.81645269894244
124,133,-0.72180667547717
124,135,-1.34337513791735
124,137,-0.882022061933811
124,142,-2.39276598005789
124,217,-1.60208787270484
124,245,-0.611127600959829
124,252,-2.24637066230058
124,310,-1.84161430959828
124,311,-1.84658102647922
124,331,-1.89147144660635
124,355,-1.99721016622494
124,394,-1.3705137686139
124,423,-1.56741840320552
124,424,-0.771922431895429
124,465,-1.8512293088548
124,480,-1.72953755389994
125,131,-1.1405085416542
125,132,-0.83599600932315
125,136,-0.780401657849291
125,148,-1.05445283343625
125,152,-1.69158117104412
125,169,-1.20179669319863
125,259,-1.43583787134253
125,294,-1.2331788250744
125,301,0.0395165425002767
125,311,-1.5317016462997
125,331,-1.57659206642684
125,348,-1.21704548548182
125,364,-1.36583126373096
125,366,-1.08153363472018
125,397,-2.78600676253432
125,450,-2.03317756515336
125,463,-1.39736475510268
125,465,-1.53634992867529
125,474,-2.09807230004791
125,498,0.061663802222151
126,127,0.163377870557536
126,128,0.939500526484406
126,129,0.982959048642297
126,131,-0.130530180331637
126,134,0.434745760245459
126,138,0.284992419787884
126,155,0.857854929460594
126,191,-0.678426330708109
126,219,0.626191943282174
126,291,0.993249443576511
126,295,-1.2752290293079
126,305,0.495897928227615
126,350,-0.363432373845295
126,357,-0.0361218911479139
126,390,-0.339725950097445
126,500,0.598707275531042
127,130,-0.654972827997904
127,132,0.0106044814418741
127,136,0.0661988329157331
127,138,0.121614549230348
127,140,-0.224607579536318
127,144,-0.595894653625157
127,156,-0.06981116651114
127,171,-0.582012771263835
127,214,-0.778288576895577
127,238,-0.841987942817148
127,295,-1.43860689986544
127,313,0.265255839863135
127,338,-0.496361064445942
127,371,-1.0258331270922
127,385,-0.858747429998278
127,444,-2.162476060867
128,129,0.0434585221578915
128,130,-1.43109548392477
128,134,-0.504754766238947
128,135,-0.958017922899678
128,139,-1.90834408847415
128,190,-2.45581291482596
128,280,-2.03270149944358
128,355,-1.61185295120727
128,380,-1.34533134839634
128,430,-0.684943437282599
128,447,-1.23809494863826
128,455,-1.29245936065062
128,496,-0.225815518966919
129,132,-0.808976696642887
129,136,-0.753382345169028
129,140,-1.04418875762108
129,160,0.066239181350378
129,184,-0.688080040087983
129,212,-1.24038104725794
129,233,-0.0635340703374252
129,248,-0.959460852524634
129,253,-0.789839320586799
129,271,0.213934335085515
129,348,-1.19002617280156
129,360,-0.493596785150652
129,432,-0.915728007026684
129,454,-1.91655861371404
129,480,-1.38763886104017
130,133,1.09464602346527
130,134,0.926340717685827
130,140,0.430365248461586
130,142,-0.576313281115443
130,168,-0.0841611541391045
130,180,0.215159466901564
130,197,-0.648732131421987
130,222,1.05405451110741
130,349,0.228074468257468
130,366,0.420039684042752
130,367,0.35743104842791
130,377,-0.317616999776695
130,413,0.3523342212494
130,419,0.607358768324598
130,424,1.04453026704701
130,449,0.578045259743283
130,451,-1.08825129843603
130,465,-0.0347766099123619
130,474,-0.596498981284978
130,478,2.01099559237767
131,137,0.5733658598999
131,153,-0.713672276025599
131,170,-1.00424615622941
131,175,0.0931070855865727
131,211,-0.37718700671171
131,283,2.25090254671148
131,290,0.0694580387060354
131,321,0.933910721870234
131,324,0.152948538515581
131,337,-0.109310100665477
131,341,-0.81424028404902
131,377,-0.678681776885426
131,395,0.256287347905887
131,411,0.580061485692918
131,456,-0.762395781943694
131,466,-1.31733288222087
131,481,-0.311081081694952
132,134,0.260763408246049
132,136,0.055594351473859
132,141,0.180028977619903
132,143,-0.549376746343699
132,144,-0.606499135067031
132,149,-1.08126825173081
132,160,0.875215877993265
132,161,-1.10511112870036
132,224,0.110025569071542
132,238,-0.852592424259022
132,255,0.391252604066802
132,266,-1.03502293830797
132,324,-0.151563993815466
132,329,0.590503290685753
132,336,-0.0080951914183999
132,360,0.315379911492235
132,365,0.0911054203407417
132,372,0.71764407004339
132,383,-0.0320298457186631
132,391,-0.956182839037703
132,454,-1.10758191707115
132,472,0.0966284343844987
132,498,0.897659811545301
133,134,-0.168305305779444
133,138,-0.31805864623702
133,141,-0.24903973640559
133,142,-1.67095930458071
133,145,0.923849829354263
133,167,-1.61789174833675
133,208,-0.598275980409762
133,213,-0.296352250574853
133,217,-0.880281197227669
133,293,-1.21950397572929
133,331,-1.16966477112918
133,354,-0.657945696528037
133,424,-0.0501157564182589
133,442,0.245096794244845
133,456,-1.49597702830023
133,464,-1.18828552170905
134,140,-0.495975469224241
134,146,-0.366410747856457
134,152,-1.11634856996702
134,195,-0.488751287954845
134,232,-1.65780212033927
134,275,-0.146037178619471
134,282,-0.162279619589862
134,300,-1.17189803583944
134,312,-0.210553409592423
134,328,-1.50796962669097
134,350,-0.798178134090755
134,407,1.43240672618272
134,410,-0.706108112676476
134,446,-1.44347661221375
134,455,-0.787704594411674
134,466,-1.88260882279796
134,468,-0.952303018448046
134,470,-1.40458806526372
135,136,0.248094099888541
135,138,0.303509816203156
135,140,-0.0427123125635099
135,144,-0.413999386652349
135,165,1.46549191498201
135,223,-0.290576810858231
135,226,0.167289204861073
135,258,0.952578260903242
135,291,1.01176683999178
135,296,-0.655821428043541
135,312,0.242709747068308
135,327,-0.546405731792099
135,358,-0.100637917051352
135,372,0.910143818458072
135,443,-0.254570469966848
135,452,0.155674312294913
135,463,-0.368868997364847
135,485,-0.507630092405596
136,137,0.213258976094994
136,146,-0.161241691084266
136,148,-0.274051175586959
136,157,-0.724324070551297
136,220,0.186769825707481
136,223,-0.538670910746772
136,227,-1.20890176081434
136,231,-0.20946415062444
136,248,-0.206078507355606
136,251,0.0229341323285129
136,310,-0.746333271569477
136,313,0.199057006947402
136,334,-0.726858806862371
136,344,0.16595079746623
136,369,-0.0825990999935197
136,403,0.405985538146442
136,419,-0.113812892589039
136,475,-1.28167234617205
137,138,-0.157843259780379
137,141,-0.0888243499489499
137,145,1.0840652158109
137,148,-0.487310151681953
137,149,-1.35012157929967
137,170,-1.57761201612931
137,227,-1.42216073690934
137,261,-0.978654423794729
137,287,-0.130603449218672
137,306,-0.381514904862264
137,307,0.323403379184391
137,343,-1.56706464858361
137,385,-1.138205239009
137,459,-1.36596518849403
137,487,-1.00473958595516
137,500,0.155871595962779
138,140,-0.346222128766666
138,146,-0.216657407398881
138,148,-0.329466891901573
138,170,-1.41976875634893
138,171,-0.703627320494182
138,290,-0.346064561413485
138,305,0.210905508439731
138,315,0.156631036295898
138,384,-0.413630521950001
138,398,-0.391269630474157
138,484,-0.201678101031438
138,486,-1.22769083899356
138,494,-0.519328574751435
139,140,0.907613853010958
139,143,0.593449167645451
139,146,1.03717857437874
139,148,0.92436908987605
139,149,0.0615576622583378
139,157,0.474096194911712
139,230,1.14782847897429
139,242,2.6658699938769
139,261,0.433024817763274
139,272,1.16524071389892
139,318,1.49660019778582
139,386,1.17771795852793
139,392,1.18849052331483
139,402,1.15759401018803
139,414,0.299691329016739
139,418,-0.135688569276831
139,491,1.30890489419769
140,144,-0.371287074088839
140,146,0.129564721367785
140,150,0.421397025578657
140,210,-0.779925198172962
140,218,-0.323552077354931
140,236,0.371729925541465
140,265,-0.819187428539822
140,276,0.231386362290318
140,309,-1.15603032148557
140,336,0.227116869559792
140,365,0.326317481318934
140,378,-0.43416898959695
140,398,-0.045047501707491
140,399,1.12389185303176
140,472,0.331840495362691
140,480,-0.343450103419087
141,142,-1.42191956817512
141,147,-1.59063992962113
141,148,-0.398485801733003
141,153,-1.19821378597655
141,163,0.0211224387842597
141,166,0.0560908295362582
141,191,-1.03243766032742
141,200,-1.12494588038664
141,230,-0.175026412634761
141,259,-0.779870839639286
141,261,-0.889830073845779
141,263,0.0782684495774363
141,397,-2.13003973083108
141,498,0.717630833925398
142,143,0.692513844211523
142,145,2.59480913393498
142,149,0.160622338824409
142,150,1.42807555515569
142,151,0.616038321492342
142,153,0.223705782198576
142,155,1.92576316801641
142,156,1.16147494260221
142,171,0.649273337849513
142,182,1.52234164983538
142,227,0.0885831812147381
142,258,2.00196910304378
142,270,1.2101203824098
142,285,1.66782338085872
142,326,1.16361799848556
142,391,0.285707751517519
142,449,1.15435854085873
142,472,1.33851902493972
143,145,1.90229528972346
143,149,-0.531891505387113
143,153,-0.468808062012947
143,156,0.468961098390685
143,228,0.27681160291099
143,251,0.627905230146071
143,292,-1.16255044493343
143,307,1.14163345309694
143,337,0.135554113347175
143,377,-0.433817562872774
143,380,-0.0304364275676457
143,381,0.344019212683767
143,389,0.182808784579601
143,393,0.285287745522241
143,481,-0.0662168676823002
143,497,0.284845156708465
144,146,0.500851795456624
144,150,0.792684099667496
144,151,-0.0193531339958486
144,152,-0.249086026653939
144,154,0.19899858058058
144,207,0.986135825706396
144,210,-0.408638124084123
144,279,-0.256347476824457
144,286,0.0212309697385967
144,302,0.451741937692306
144,307,1.19875584182028
144,332,1.27939419069299
144,431,-0.633956785441587
144,450,-0.590682420763183
144,463,0.0451303892875019
144,484,0.515831101824067
145,150,-1.16673357877929
145,154,-1.76041909786621
145,155,-0.669045965918572
145,156,-1.43333419133277
145,158,-0.0154240902736272
145,167,-2.54174157769101
145,198,-0.648579407571686
145,219,-0.900708952096992
145,250,-2.09468080425862
145,254,-1.55830294409969
145,312,-1.30270854472613
145,315,-1.08527743929538
145,344,-1.13137339443967
145,367,-1.66106480439162
145,376,-0.488739120168658
145,393,-1.61700754420121
145,407,0.340251591049018
145,442,-0.678753035109418
145,481,-1.96851215740576
146,150,0.291832304210872
146,151,-0.520204929452472
146,154,-0.301853214876044
146,155,0.789519917071592
146,156,0.0252316916573934
146,176,-0.183072563383509
146,193,0.83346998408284
146,209,-0.0005994063489863
146,279,-0.757199272281081
146,301,0.981159891433834
146,389,-0.260920622153691
146,400,-0.833838368381918
146,403,0.567227229230708
146,406,0.322170188489508
146,420,0.209246210630491
146,463,-0.455721406169122
146,474,-1.15642895111435
146,493,-0.510133150033059
146,494,-0.302671167352554
146,500,0.530372263142039
147,148,1.19215412788813
147,151,0.784758682938345
147,155,2.09448352946241
147,157,0.741881232923787
147,158,2.74810540510735
147,160,2.28582682999449
147,208,1.24140368561696
147,248,1.26012679611948
147,249,0.999644704811105
147,256,0.556498476920032
147,327,0.671705471794444
147,351,-0.240144323565061
147,354,1.18173396949868
147,357,1.2005067088539
147,470,0.266786294983559
147,478,2.75602923493912
147,482,0.975019187680115
147,495,1.62419671300355
148,150,0.404641788713564
148,171,-0.374160428592609
148,186,0.421739503143121
148,209,0.112210078153706
148,214,-0.570436234224352
148,219,0.670666415395864
148,263,0.476754251310439
148,305,0.540372400341305
148,334,-0.452807631275413
148,337,-0.195365808883425
148,433,1.01528864293603
148,446,-0.9642563798546
148,464,-0.540759983570456
148,483,0.693413855326531
149,150,1.26745321633128
149,155,1.765140829192
149,160,1.95648412972408
149,210,0.0661309925796577
149,223,0.598191692457899
149,228,0.808703108298103
149,236,1.21778611629408
149,254,0.87588385101088
149,255,1.47252085579761
149,262,0.422401767722175
149,277,0.72693709779905
149,320,2.16074945690827
149,372,1.7989123217742
149,381,0.875910718070881
149,398,0.801008689045129
149,445,0.423305255106567
149,466,-0.540577162821101
149,470,-0.0625564052868535
149,477,0.0313752532670342
149,492,0.645854765625338
150,151,-0.812037233663344
150,152,-1.04177012632143
150,155,0.49768761286072
150,156,-0.266600612553478
150,159,0.0924542650821373
150,160,0.689030913392801
150,161,-1.29129609330082
150,162,-0.356068632449838
150,188,-0.906062417889267
150,231,-0.340054763751046
150,242,1.33685911528729
150,358,-0.479322630066499
150,379,-0.296350476336844
150,385,-1.05553687604062
150,427,-0.442513622100707
150,448,-0.77528176668668
150,454,-1.29376688167162
150,475,-1.41226295929866
151,152,-0.22973289265809
151,157,-0.0428774500145581
151,159,0.904491498745482
151,175,0.414446822318406
151,177,0.884933198579944
151,179,1.02182900816342
151,193,1.35367491353531
151,229,0.182090672567074
151,234,1.73815957436006
151,275,0.740578498689458
151,331,-0.114743788040809
151,389,0.259284307298781
151,394,0.406213889951646
151,405,1.2058922488678
151,407,2.31902240349165
151,415,0.935913385843006
151,417,-0.577679986896065
151,444,-1.547228273246
151,453,0.907159123184296
151,460,-0.612421721305158
151,464,-0.133364538620676
152,153,-0.162599646635676
152,155,1.53945773918215
152,156,0.775169513767956
152,157,0.186855442643532
152,158,2.1930796148271
152,159,1.13422439140357
152,161,-0.249525966979386
152,162,0.685701493871597
152,163,1.05673657812513
152,169,0.489784477845487
152,196,0.39610445653147
152,200,-0.089331741045765
152,235,0.449035708049618
152,267,-0.314003165115423
152,335,1.47455862905913
152,378,0.186204111145828
152,406,1.07210801060007
152,459,-0.241526699204211
152,472,0.952213596105469
152,489,0.692690385319633
153,159,1.29682403803925
153,179,1.41416154745719
153,232,-0.378853903736579
153,248,0.867700652474899
153,252,-0.0773104644412692
153,313,1.27283616677791
153,334,0.346920352968133
153,351,-0.63257046720964
153,371,-0.0182528001774251
153,392,1.06384941768232
153,398,0.737925245670963
153,410,0.572840103926219
153,432,0.911433497972849
153,451,-0.73564379951916
153,456,-0.0487235059180948
153,493,0.402404318713179
154,159,0.686139784169053
154,162,0.237616886637077
154,164,-0.0745731670608776
154,166,0.643620361642612
154,202,0.016971988576495
154,245,0.947248343029286
154,246,0.355767154488088
154,374,-0.739005243622216
154,376,1.27167997769755
154,421,-0.608264719120669
154,445,-0.250462442137795
155,167,-1.87269561177244
155,175,-0.895278024205658
155,182,-0.403421518181028
155,204,-0.287091987687
155,212,-1.11527692807624
155,218,-1.24263671579431
155,225,-1.051260335689
155,248,-0.834356733342931
155,251,-0.605344093658812
155,269,-2.06331842551088
155,289,-2.19754787821323
155,298,-1.13836581422138
155,359,-0.358277431826097
155,398,-0.964132140146867
155,403,-0.222292687840883
155,413,-0.997115665651562
155,430,-0.603297840258788
155,466,-2.3057179920131
156,160,0.955631525946279
156,162,-0.0894680198963596
156,191,-0.771993034754505
156,196,-0.379065057236486
156,240,0.364257422848434
156,250,-0.661346612925853
156,262,-0.578450836055623
156,273,0.871008268732576
156,303,0.181101079305662
156,336,0.0723204565346141
156,350,-0.456999077891691
156,362,-1.38876641438394
156,382,-0.360826403919635
156,415,0.39047676473314
156,421,-0.935349625654106
156,445,-0.577547348671231
156,456,-0.986492666321726
156,471,0.29702760015417
157,163,0.869881135481601
157,164,0.186655997530109
157,165,1.94172188564476
157,170,-0.640028969483017
157,178,0.949100439428879
157,210,-0.346407540073717
157,246,0.616996319079075
157,303,0.769415150430085
157,315,0.93637082316181
157,390,0.155021416980583
157,392,0.714394328403115
157,408,-0.615160149493582
157,430,0.749304456279834
157,439,0.204924662957599
157,497,0.404198129442203
158,161,-2.44260558180649
158,162,-1.5073781209555
158,163,-1.13634303670197
158,169,-1.70329513698161
158,237,-1.32086047788368
158,257,-0.923896069247132
158,269,-2.71694030115583
158,279,-2.20034106499762
158,294,-1.73467726885738
158,302,-1.49225165048085
158,323,-1.82541847564968
158,337,-1.75131708610265
158,352,-0.732362626270659
158,362,-2.80667651544308
158,372,-0.619850383062739
159,160,0.596576648310664
159,163,-0.0774878132784391
159,166,-0.0425194225264405
159,181,-0.462968999486106
159,185,-1.10526768874221
159,264,-1.62855672194925
159,274,-0.180239375839631
159,275,-0.163913000056024
159,301,0.596873322140825
159,329,0.311864061003151
159,357,-0.488743472829926
159,363,-0.688226461584117
159,376,0.585540193528496
159,380,-0.858452403593946
159,398,-0.558898792368285
159,403,0.182940659937699
159,407,1.41453090474617
159,445,-0.936602226306847
159,478,1.06677905325529
160,161,-1.98032700669362
160,162,-1.04509954584264
160,163,-0.674064461589103
160,164,-1.35728959954059
160,167,-2.06403891230452
160,173,-0.881912403609019
160,216,-1.76950588484437
160,274,-0.776816024150294
160,300,-1.78635050558665
160,352,-0.270084051157796
160,400,-1.81470158598559
160,419,-0.933434419108445
160,423,-1.29175889169612
160,450,-2.07239743382348
160,455,-1.40215706415889
161,166,1.34123093585652
161,168,0.355372665121474
161,169,0.739310444824874
161,171,0.512493875994647
161,181,0.920781358896852
161,196,0.645630423510857
161,207,1.48474781933972
161,228,0.832545985267647
161,234,2.21741843399754
161,270,1.07334092055494
161,284,0.517931444772153
161,306,0.992449551406945
161,321,1.73450931823954
161,348,0.724061652541683
161,419,1.04689258758518
161,437,-0.0063571381324306
161,481,0.489517514674357
161,498,2.00277094024566
162,169,-0.195917016026109
162,170,-1.13887502071108
162,171,-0.422733584856335
162,174,-0.80139984890794
162,186,0.373166346879395
162,220,0.412247845030714
162,234,1.28219097314656
162,242,1.69292774773712
162,266,-0.865139270458594
162,305,0.491799244077578
162,325,-0.775677602879632
162,360,0.485263579341609
162,373,-1.09947956788021
162,378,-0.499497382725768
162,428,0.10470264511713
162,435,-0.525629824785066
162,456,-0.897024646425367
162,483,0.644840699062805
162,492,-0.265529818256101
163,166,0.0349683907519985
163,168,-0.950889879983045
163,169,-0.566952100279645
163,170,-1.50991010496462
163,172,-0.774924810852243
163,184,-0.0802547598492587
163,208,-0.370358682788431
163,229,-0.644913012899969
163,231,-0.355021215554744
163,280,-1.46833474136274
163,306,-0.313812993697573
163,355,-1.04748619312644
163,463,-0.762520162183692
163,477,-1.25104441486794
163,494,-0.609469923367124
164,165,1.75506588811465
164,169,0.116273037671846
164,171,-0.11054353115838
164,173,0.475377195931575
164,186,0.68535640057735
164,188,-0.237803731741474
164,219,0.934283312830093
164,222,0.870550923214965
164,228,0.209508578114619
164,271,1.50498475327573
164,272,0.504488521457103
164,277,0.127742567615566
164,297,-0.738499176132076
164,328,-0.765132496897591
164,337,0.0682510885508043
164,411,0.757622674909199
164,418,-0.796440761718652
164,449,0.394541671850834
164,460,-0.756200268820709
164,495,0.695659482549651
165,168,-2.02273063014621
165,170,-2.58175085512778
165,176,-1.56171206956124
165,177,-1.01391123705026
165,189,-2.09356768267102
165,193,-0.545169522094892
165,209,-1.37923891252672
165,254,-1.47837656728726
165,262,-1.93185865057596
165,323,-1.76091618911087
165,346,-1.42664708504406
165,441,-1.14395337752745
165,465,-1.97334608591946
165,469,-1.43869767268848
165,482,-1.70858393088843
166,167,-1.42494284146742
166,173,-0.242816332771915
166,174,-1.20740332391347
166,176,-0.524839710150077
166,177,0.0229611223609034
166,178,0.0442509131952804
166,179,0.159856931944381
166,202,-0.626648373066117
166,244,-0.644248180834422
166,301,0.639392744667265
166,323,-0.724043829699708
166,332,0.4367752484698
166,340,-0.0135292709555924
166,393,-0.500208807977619
166,403,0.22546008246414
166,417,-1.43965206311511
166,479,0.862979734956412
166,485,-0.93624964797644
167,173,1.1821265086955
167,175,0.977417587566784
167,177,1.44790396382832
167,206,1.30291418783709
167,216,0.294533027460151
167,240,1.47266480920668
167,274,1.28722288815423
167,286,0.603554868982824
167,294,0.79164021856001
167,297,-0.0317498633681468
167,309,-0.202419348152501
167,311,0.493117397334704
167,312,1.23903303296488
167,335,1.80779650164942
167,363,0.779235802409742
167,380,0.609009860399913
167,398,0.908563471625575
167,410,0.743478329880832
167,479,2.28792257642383
167,486,0.0721422631061764
167,492,0.753409548205783
168,169,0.3839377797034
168,174,-0.221545053178431
168,175,0.538333016834408
168,181,0.565408693775378
168,186,0.953021142608904
168,206,0.863829617104714
168,253,0.76887583963497
168,255,1.14099106764568
168,307,1.34199517033213
168,311,0.0540328266023281
168,321,1.37913665311807
168,346,0.596083545102145
168,353,0.245501665758708
168,400,-0.189747244413443
168,445,0.0917754669546371
168,462,0.765941919419773
169,171,-0.226816568830226
169,172,-0.207972710572598
169,182,0.646251743155639
169,190,-1.32449405646548
169,231,0.211930884724901
169,268,-0.207056624559549
169,283,2.31219069825592
169,346,0.212145765398745
169,400,-0.573685024116843
169,427,0.10947202637524
169,444,-1.80727985843339
169,445,-0.292162312748763
169,469,0.200095177754324
169,471,0.582412636076638
169,479,1.46490022598806
169,482,-0.0697910804456276
169,483,0.840757715088914
169,486,-0.750880087329599
170,174,0.337475171803141
170,176,1.02003878556654
170,180,0.858340846022241
170,182,1.58920974784061
170,183,2.09495655313006
170,208,1.13955142217619
170,213,1.4414751520111
170,295,-0.140452692746855
170,403,1.77033857818076
170,409,1.4790173662009
170,415,1.61881980534058
170,452,1.27193325244069
170,461,1.54628318097663
171,172,0.0188438582576282
171,191,-0.259791430001811
171,200,-0.352299650061026
171,264,-0.757300239560937
171,272,0.615032052615483
171,286,0.0073490873772741
171,287,0.73086713105589
171,304,1.50805099443065
171,315,0.860258356790081
171,349,0.155114411523399
171,406,0.80914010158481
171,422,0.261247924806356
171,447,0.120040478552446
171,477,-0.457275745758069
172,175,0.362367947703606
172,176,0.285053491454164
172,179,0.969750133548623
172,180,0.123355551909866
172,182,0.854224453728237
172,184,0.694670051002984
172,198,1.27811253025615
172,219,1.02598298573084
172,288,-0.077559364894861
172,297,-0.646799503231324
172,302,0.419016197073356
172,333,0.774928457268948
172,411,0.849322347809951
172,437,-0.537694872384706
172,453,0.855080248569497
173,177,0.265777455132818
173,181,-0.177633244187751
173,182,0.28714758489591
173,185,-0.819931933443854
173,186,0.209979204645775
173,216,-0.887593481235353
173,266,-1.02832641269221
173,292,-1.70523066566137
173,303,0.107381956968401
173,331,-0.733899531487935
173,335,0.625669992953918
173,348,-0.37435295054292
173,350,-0.530718200228951
173,467,-0.0221523545199169
174,178,1.25165423710876
174,179,1.36726025585786
174,181,0.786953746953809
174,183,1.75748138132692
174,186,1.17456619578734
174,214,0.182390458419862
174,241,0.996851124503881
174,255,1.36253612082412
174,298,0.516790279997116
174,339,0.75632615997319
174,341,-0.147469299622754
174,414,0.128148931784902
174,448,0.382186714671097
174,454,-0.136298400313838
174,456,-0.095624797517427
174,462,0.987486972598204
174,468,0.279743906555316
174,491,1.13736249696585
174,497,0.706751927122079
175,176,-0.077314456249442
175,177,0.470486376261539
175,180,-0.23901239579374
175,182,0.49185650602463
175,191,-0.641003235963045
175,249,-0.199560800445646
175,251,0.289933930546846
175,261,-0.498395649481402
175,265,-0.84299404277354
175,289,-1.30226985400757
175,333,0.412560509565342
175,335,0.830378914082638
175,381,0.0060479130845426
175,421,-0.804359826862646
175,436,-0.227844232457798
175,444,-1.9616750955644
175,448,-0.377691355341742
175,451,-1.54242316113133
175,478,1.55682372968237
176,177,0.547800832510981
176,186,0.492002582023938
176,187,-0.0444064012178956
176,240,0.572561677889336
176,251,0.367248386796288
176,260,-0.478514386104167
176,283,2.23510991737435
176,395,0.240494718568756
176,416,-0.077003121487205
176,450,-0.908461652836298
176,456,-0.778188411280824
176,492,-0.146693583111558
176,499,-0.0064093494921896
177,178,0.021289790834377
177,179,0.136895809583478
177,184,-0.138184272962161
177,185,-1.08570938857667
177,186,-0.0557982504870429
177,189,-1.07965644562076
177,228,-0.531646072949774
177,241,-0.233513321770497
177,318,0.0946933542796051
177,388,0.185601404572888
177,430,-0.178506192314668
177,447,-0.731657703670327
177,453,0.0222259246043516
177,459,-1.35619279044225
178,182,8.03389287146546e-05
178,183,0.505827144218164
178,184,-0.159474063796538
178,190,-1.9706654606924
178,243,0.904515638884891
178,266,-1.31539365865941
178,308,-0.643219730895587
178,323,-0.768294742894988
178,356,-1.0225940076269
178,394,-0.500009099462675
178,432,-0.387122030735238
178,446,-1.46308392431914
178,495,-0.0667849593491193
179,184,-0.275080082545638
179,185,-1.22260519816015
179,186,-0.192694060070521
179,187,-0.729103043312354
179,188,-1.11585419238935
179,189,-1.21655225520423
179,212,-0.827381089715599
179,218,-0.954740877433665
179,248,-0.546460894982289
179,249,-0.806942986290662
179,256,-1.25008921418174
179,278,0.557652729123153
179,290,-0.631031232725554
179,294,-0.79315955485179
179,305,-0.0740611628723376
179,378,-1.06535778967568
179,415,-0.0859156223204161
179,436,-0.835226418302815
179,477,-1.44586973756432
180,185,-0.376210616521394
180,186,0.653700521568236
180,190,-1.23987689780275
180,196,-0.0090628626512853
180,223,-0.032658716734699
180,227,-0.702889566802269
180,232,-0.94662086955501
180,237,0.467051817760667
180,247,0.490124584201428
180,262,-0.208448641470423
180,287,0.588667720888395
180,333,0.651572905359082
180,346,0.296762924061477
180,357,0.24031359939089
180,409,0.620676520178663
180,416,0.0846948180570928
180,457,-0.713038831383582
180,487,-0.285468415848093
181,182,0.464780829083661
181,183,0.97052763437311
181,186,0.387612448833526
181,192,-0.985663335087179
181,209,0.0780830238441107
181,245,0.72407755834634
181,288,-0.467002989539437
181,325,-0.761231500925501
181,356,-0.557893517471957
181,371,-0.852107838730566
181,385,-0.685022141636647
181,411,0.459878723165375
181,418,-1.09418471346248
181,451,-1.5694988380723
181,464,-0.574887037880052
182,185,-1.10707951833976
182,186,-0.0771683802501346
182,189,-1.10102657538385
182,192,-1.45044416417084
182,251,-0.201922575477784
182,263,-0.022153632082817
182,279,-1.14329767117164
182,321,0.348947130259031
182,369,-0.307455807799817
182,389,-0.647019021044255
182,455,-0.807392245445781
182,487,-1.01633731766646
182,500,0.144273864251476
183,184,-0.665301208014702
183,185,-1.61282632362921
183,192,-1.95619096946029
183,194,-0.0152564436994825
183,195,-1.0141857442784
183,229,-1.22995946106541
183,236,-0.649680000006333
183,275,-0.671471634943028
183,346,-0.939852783046343
183,358,-1.07933553003564
183,402,-0.771429768370731
183,427,-1.04252652206985
183,488,-1.14629878007824
184,185,-0.947525115614512
184,188,-0.840774109843707
184,216,-1.01518666340601
184,264,-1.47081414882155
184,310,-0.811635576650523
184,334,-0.792161111943416
184,387,-0.888879516989344
184,420,-0.0172977855348208
184,426,-0.0253285294254175
184,427,-0.377225314055147
184,450,-1.31807821238512
184,472,-0.0242682221704053
185,193,1.55445110353204
185,194,1.59756987992973
185,198,1.53096759486768
185,211,0.144928920016851
185,264,-0.523289033207038
185,281,0.343624749342139
185,298,0.37213522229941
185,313,1.08127981748087
185,322,1.1386453624515
185,338,0.319662913171792
185,359,1.1522236046947
185,380,0.246815285148263
185,398,0.546368896373925
185,426,0.922196586189095
185,428,0.761447436327364
185,430,0.907203196262005
185,490,0.115033303697429
185,496,1.36633111457769
186,193,0.524539965442411
186,196,-0.662763384219521
186,198,0.501056456778048
186,199,-1.1116635798268
186,299,-0.421006952139632
186,308,-0.566131689574167
186,316,0.20961943919435
186,321,0.426115510509166
186,324,-0.354846672845488
186,334,-0.874547134418534
186,359,0.122312466605066
186,379,-0.313448190766401
186,385,-1.07263459047017
186,486,-1.3199634502351
186,494,-0.611601185992983
186,497,-0.467814268665256
187,188,-0.386751149076991
187,189,-0.487449211891879
187,191,-0.519282378495707
187,192,-0.836866800678872
187,193,1.06094894868424
187,196,-0.126354400977688
187,197,-0.981183136649954
187,198,1.03746544001988
187,200,-0.611790598554923
187,201,0.38825805543623
187,288,-0.318206455131129
187,419,0.274907763096632
187,474,-0.928949986512944
188,190,-0.970417287052159
188,192,-0.450115651601881
188,194,1.49081887415893
188,196,0.260396748099303
188,198,1.42421658909687
188,201,0.775009204513221
188,236,0.856395317852075
188,278,1.6735069215125
188,312,0.770087451942428
188,326,0.641604861219142
188,372,1.43752152333219
188,419,0.661658912173622
188,472,0.816505887673301
188,486,-0.396803317916279
188,489,0.556982676887466
189,191,-0.0318331666038287
189,195,0.592587636394895
189,197,-0.493733924758075
189,214,0.0316824577662394
189,250,0.0788132552248235
189,267,-0.349012810732702
189,278,1.77420498432739
189,289,-0.693099784648356
189,294,0.423392700352443
189,345,0.374875066313244
189,348,0.439526039945017
189,349,0.383072674921381
189,380,0.240762342192346
189,383,0.788545670385028
189,398,0.540315953418008
189,419,0.762356974988511
189,427,0.564246858603448
189,431,-0.419880404404928
189,452,0.783750079983921
189,461,1.05810000851986
189,469,0.654870009982532
189,470,-0.323249140913975
190,193,2.41811738481339
190,203,1.80315904044473
190,216,0.796004733489855
190,225,1.32290698211315
190,232,0.293256028247737
190,303,1.79098017169361
190,355,0.843959963618687
190,429,0.486687727603895
190,434,1.74084085262011
190,449,1.60276269064447
190,453,1.97160159446238
190,486,0.57361396913588
191,193,1.58023132717995
191,196,0.39292797751802
191,197,-0.461900758154246
191,199,-0.0559722180892582
191,224,0.962434251779061
191,239,1.49206999871048
191,340,1.07499921890809
191,375,0.280061759129284
191,476,-0.496398896237559
192,193,1.89781574936312
192,194,1.94093452576081
192,196,0.710512399701184
192,202,0.779464538980728
192,203,1.28285740499445
192,204,1.56677369466487
192,231,1.0161233057401
192,242,2.69303718477844
192,291,1.98926019646778
192,317,0.209852082768038
192,352,1.77512493172615
192,361,0.493459770333797
192,386,1.20488514942946
192,413,0.856750016700305
192,459,0.0728812439655031
192,464,0.410776297207127
193,194,0.0431187763976911
193,196,-1.18730334966193
193,205,-0.49689189781342
193,216,-1.62211265132354
193,220,-0.485458467291092
193,265,-1.78222213399045
193,269,-2.10726849252213
193,330,-1.62653109891247
193,360,-0.412442732980197
193,370,-1.17658775798955
193,392,-0.682158035146755
193,409,-0.557563966831984
193,415,-0.417761527692306
193,423,-1.14436565817529
193,488,-1.08792355998107
194,199,-1.6793223216669
194,200,-1.71585832363686
194,201,-0.715809669645705
194,203,-0.658077120766355
194,204,-0.374160831095939
194,207,-0.391304730230758
194,218,-1.32970555920325
194,230,-0.765938855884981
194,278,0.182688047353572
194,280,-2.03812474582871
194,292,-2.48286861214725
194,317,-1.73108244299277
194,357,-0.981045664017447
194,363,-1.18052865277164
194,379,-0.881106932606503
194,390,-1.28464972296698
194,413,-1.0841845090605
194,427,-1.02727007837037
194,442,-0.0967759125997854
194,443,-1.21801163925165
194,488,-1.13104233637876
195,198,0.932327015516866
195,200,-0.716929023057939
195,201,0.283119630933214
195,203,0.340852179812565
195,207,0.607624570348161
195,209,0.121741133749402
195,216,-0.666302127142311
195,218,-0.330776258624327
195,250,-0.513774381170071
195,267,-0.941600447127597
195,324,0.0764238858933301
195,408,-1.05590198886222
195,438,-0.197899540459777
196,197,-0.854828735672266
196,205,0.690411451848512
196,209,0.353233959230106
196,210,-0.555656553961655
196,219,0.911690296472264
196,232,-0.937558006903725
196,247,0.499187446852713
196,254,0.254096304469567
196,265,-0.594918784328514
196,362,-1.00970135714745
196,374,-0.687025092919167
196,395,0.411255520764339
196,397,-1.49053004802167
196,424,0.838433662796734
196,467,0.430631825053829
196,471,0.676092657390655
197,198,2.01864857666984
197,203,1.42717374096553
197,205,1.54524018752078
197,238,0.461717016602744
197,244,0.906181067183505
197,257,1.72790782472076
197,264,-0.0356080514048804
197,286,0.729041275533331
197,325,0.36874817013276
197,338,0.80734389497395
197,367,1.0061631798499
197,442,1.9884749491321
197,487,0.578423182475459
197,493,0.698528951218299
198,201,-0.649207384583652
198,202,-1.09486770171803
198,203,-0.591474835704301
198,205,-0.473408389149057
198,208,-0.873546402192338
198,210,-1.71947639495922
198,238,-1.55693156006709
198,293,-1.49477439751187
198,305,-0.382423559579865
198,386,-0.669447091269293
198,405,-0.124299156003153
198,410,-1.1496838402385
198,418,-1.98285361907405
198,437,-1.81580740264086
198,460,-1.94261312617611
198,469,-0.870044641929229
199,200,-0.0365360019699574
199,201,0.963512652021196
199,208,0.739173634412509
199,210,-0.106756358354377
199,212,0.476976550181721
199,224,1.01840646986832
199,231,0.754511101646196
199,237,0.92501487601923
199,256,0.0542684257155846
199,269,-0.47106494725292
199,303,1.00906633214943
199,325,-0.0371803699322277
199,356,0.166157613521316
199,357,0.698276657649454
199,370,0.459615787279662
199,375,0.336033977218543
199,400,-0.0311048071955477
199,434,0.958927013075923
199,465,0.208026981444638
199,471,1.12499285299793
200,201,1.00004865399115
200,207,1.3245535934061
200,208,0.775709636382466
200,209,0.838670156807341
200,210,-0.0702203563844197
200,219,1.3971264940495
200,255,1.33616950683354
200,286,0.359648737438301
200,313,1.199568261188
200,317,-0.0152241193559111
200,321,1.57431509230592
200,353,0.440680104946561
200,383,0.912887057048072
200,394,0.725278523655501
200,449,0.85738485307024
200,463,0.383548156987206
200,466,-0.676928511785179
201,202,-0.445660317134374
201,207,0.324504939414947
201,208,-0.224339017608687
201,210,-1.07026901037557
201,211,-0.736831290267175
201,213,0.0775847122262225
201,287,0.0831181271257627
201,296,-0.903452927682642
201,301,0.820380800599008
201,330,-0.953840205664452
201,331,-0.795727808328107
201,339,-0.270089108008542
201,352,0.550000075611051
201,418,-1.3336462344904
201,436,-0.494381430426691
201,460,-1.29340574159246
201,496,0.484570904293659
202,206,0.504619719435787
202,207,0.770165256549321
202,211,-0.291170973132801
202,213,0.523245029360597
202,214,-0.398364492427495
202,215,1.22124605017784
202,220,0.632892743091296
202,232,-1.00651014618327
202,244,-0.0175998077683051
202,247,0.43023530757317
202,274,0.488928419752927
202,281,-0.0924751438075128
202,291,1.20979565748706
202,303,0.491213997262604
202,390,-0.123179736186899
202,470,-0.75329609110771
203,206,0.0012268534220624
203,207,0.266772390535597
203,208,-0.282071566488037
203,211,-0.794563839146525
203,213,0.0198521633468722
203,215,0.717853184164115
203,222,0.275612901563868
203,284,-0.700043984031972
203,296,-0.961185476561992
203,297,-1.33343719778317
203,341,-1.23161711648384
203,370,-0.561629413620885
203,416,-0.47858732458489
203,446,-1.29557750407147
204,208,-0.565987856158453
204,211,-1.07848012881694
204,213,-0.264064126323544
204,217,-0.84799307297636
204,289,-1.91045589052623
204,349,-0.834283430956494
204,356,-1.13900387704965
204,376,0.467398833436913
204,395,-0.445005774199345
204,409,-0.226521912133736
204,437,-1.50824885660697
204,474,-1.65885688049894
205,206,-0.116839593133181
205,212,-0.662335097274069
205,213,-0.0982142832083718
205,216,-1.12522075351012
205,259,-0.830772608678396
205,272,-0.208515946749238
205,282,-0.132446958002826
205,296,-1.07925192311724
205,308,-0.593779757203158
205,345,-0.676631196449459
205,362,-1.70011280899596
205,384,-0.53355120082054
205,431,-1.47138666716763
205,441,-0.10189195761914
205,457,-1.39438742058081
205,461,0.0065937457571595
205,466,-1.85277616121093
205,481,-0.846524360685012
205,495,-0.0173449856566902
205,498,0.666729064886288
206,207,0.265545537113534
206,209,-0.220337899485225
206,211,-0.795790692568588
206,218,-0.672855291858954
206,219,0.338118437756933
206,222,0.274386048141805
206,245,0.425656635017004
206,293,-0.904526415229631
206,307,0.478165553227413
206,308,-0.476940164069977
206,382,-0.55533320539848
207,211,-1.06133622968212
207,213,-0.246920227188725
207,217,-0.830849173841541
207,219,0.0725729006433986
207,220,-0.137272513458025
207,229,-0.823398287135171
207,281,-0.862640400356834
207,299,-0.597360963748976
207,319,-1.0910995695197
207,333,-0.178481627818498
207,356,-1.12185997791483
207,368,-1.99663017161535
207,393,-0.643725691460823
207,454,-1.48721860771052
207,456,-1.44654500491411
207,481,-0.995230304665365
207,492,-0.81505017674484
207,497,-0.6441682802746
207,500,0.0450882328922665
208,210,-0.845929992766886
208,217,-0.282005216817907
208,263,0.427504693581608
208,293,-0.621227995319531
208,298,-0.285285970375929
208,307,0.761463973137512
208,313,0.423858624805529
208,326,0.0909346743146082
208,336,0.161112074965869
208,358,-0.123930399081766
208,400,-0.770278441608057
208,474,-1.09286902434049
208,480,-0.40945489801301
208,494,-0.239111240578693
209,212,-0.325157604655663
209,216,-0.788043260891713
209,219,0.558456337242158
209,243,1.29113310519573
209,244,-0.301881627718867
209,292,-1.60568044531773
209,296,-0.74207443049883
209,329,0.696750036645146
209,341,-1.01250607042067
209,372,0.823890816002784
209,376,0.970426169170492
209,381,-0.0991107877005379
209,435,-0.589266746675046
209,452,0.0694213098396243
209,455,-0.420694440206231
210,220,1.25750143633249
210,221,0.665677401467315
210,222,1.40361446081879
210,263,1.27343468634849
210,296,0.166816082692931
210,316,1.42803937737553
210,327,0.276231778944373
210,337,0.60131462615463
210,344,1.23668240809124
210,466,-0.606708155400759
210,473,0.675467907561073
211,212,0.2502951884277
211,213,0.814416002493398
211,214,-0.107193519294695
211,216,-0.21259046780835
211,218,0.122935400709634
211,219,1.13390913032552
211,231,0.527829739892175
211,234,1.79400684433994
211,307,1.273956245796
211,330,-0.217008915397277
211,334,0.0104350836542443
211,346,0.528044620566019
211,351,-0.969055736523529
211,409,0.851958216683205
211,472,0.778327973427255
212,214,-0.357488707722395
212,215,1.26212183488294
212,222,0.819881552282693
212,225,0.0640165923872429
212,267,-0.738183976221336
212,268,-0.141452957819975
212,287,0.569654228965238
212,304,1.34683809234
212,319,-0.280058528265278
212,335,1.05037781795322
212,341,-0.687348465765011
212,349,-0.0060984905672531
212,436,-0.0078453285872156
212,457,-0.73205232330674
213,215,0.698001020817243
213,216,-1.02700647030175
213,220,0.109647713730699
213,221,-0.482176321134481
213,223,-0.615793022723554
213,226,-0.15792700700425
213,237,-0.116082488228188
213,273,0.657876157328921
213,278,0.820913004773054
213,302,-0.287473660825366
213,328,-1.37992268189556
213,372,0.584927606592749
213,416,-0.498439487931762
213,439,-0.596521519570479
213,460,-1.37099045381868
213,464,-0.891933271134197
213,476,-1.48152404239572
214,226,0.763682514783842
214,227,-0.364414351003032
214,274,0.887292912180422
214,291,1.60816014991455
214,296,-0.0594281181207721
214,300,-0.122241569255935
214,313,1.04354441675871
214,343,-0.509318262677303
214,363,0.379305826435936
214,402,0.803661154536326
214,421,-0.226872215269669
214,427,0.532564400837209
214,486,-0.32778771286763
215,219,-0.37850789298512
215,220,-0.588353307086544
215,221,-1.18017734195172
215,222,-0.442240282600247
215,223,-1.3137940435408
215,226,-0.855928027821493
215,238,-1.68330990852691
215,269,-2.21016333231758
215,293,-1.62115274597168
215,354,-1.05959446677043
215,408,-2.1146073528389
215,436,-1.26996716347016
216,219,1.34649959813387
216,220,1.13665418403245
216,223,0.411213447578194
216,224,1.00431557592265
216,226,0.869079463297497
216,228,0.621724863418397
216,271,1.91720103857951
216,320,1.97377121202857
216,335,1.51326347418927
216,358,0.601152341385072
216,367,0.586143745839239
216,386,0.929182051389884
216,393,0.630201006029649
216,421,-0.121475266756014
216,469,0.728584500729948
217,223,-0.0318640760707378
217,224,0.561238052273717
217,225,0.0838247249743616
217,226,0.426001939648566
217,256,-0.402899991879018
217,320,1.53069368837964
217,331,-0.289383573901513
217,338,-0.0557530626856407
217,347,-0.98216105098143
217,438,0.0253250630336026
217,461,0.688736975618347
218,223,0.0756875790602099
218,228,0.286198994900414
218,261,-0.151036957892753
218,293,-0.231671123370677
218,337,0.144941505336599
218,391,-0.39741870070458
218,499,0.263634885847017
219,222,-0.0637323896151274
219,223,-0.935286150555677
219,224,-0.342184022211222
219,227,-1.60551700062325
219,233,0.293233035022698
219,262,-1.1110760752914
219,362,-1.92139165361972
219,388,-0.007527257192811
219,421,-1.46797486488988
219,457,-1.61566626520456
219,466,-2.07405500583468
219,488,-0.8123105067914
219,489,-0.615104367684101
220,222,0.146113024486296
220,224,-0.132338608109799
220,226,-0.26757472073495
220,227,-1.39567158652182
220,244,-0.650492550859601
220,260,-1.00959846627942
220,348,-0.623413653340014
220,362,-1.71154623951829
220,404,-1.14193253352076
220,471,-0.0257522249801846
221,227,-0.803847551656644
221,229,-0.0943017388119662
221,231,0.195590058533259
221,240,0.63330163257926
221,269,-1.02998599036586
221,297,-0.871113039995565
221,315,0.617100961768212
221,322,0.661476761075734
221,324,0.197895863868374
221,370,-0.0993052558332761
221,456,-0.717448456590901
221,482,-0.0861319066372703
222,224,-0.278451632596095
222,226,-0.413687745221246
222,227,-1.54178461100812
222,230,-0.383474636682494
222,231,-0.542347000818218
222,232,-1.78551591376086
222,305,-0.0665616254394319
222,331,-1.12907325877133
222,395,-0.436702386092797
222,414,-1.23161178664005
222,482,-0.824068965988747
223,226,0.457866015719304
223,236,0.619594423836186
223,251,0.561605043075285
223,255,0.874329163339716
223,327,-0.255828920933868
223,332,1.15597161489887
223,335,1.10205002661108
223,447,0.0104997851196503
223,470,-0.660748097744753
223,476,-0.865731019672165
223,484,0.392408526029949
224,227,-1.26333297841203
224,231,-0.263895368222123
224,232,-1.50706428116477
224,233,0.635417057233921
224,234,1.00228173622564
224,235,-0.516575022742893
224,236,0.026492295491731
224,237,-0.0933915938490893
224,261,-0.819826665297417
224,376,0.754153854139556
224,410,-0.555370273501968
224,417,-1.31355782503049
224,439,-0.57383062519138
224,452,-0.146851005191311
224,454,-1.21760748614269
225,226,0.342177214674204
225,231,0.213517959077233
225,234,1.479695063525
225,238,-0.485204666031208
225,241,0.392955365974382
225,292,-1.34453943304931
225,293,-0.423047503475986
225,295,-1.0818236230795
225,301,1.24290031005124
225,395,0.319162573802654
225,397,-1.58262299498336
225,407,2.06055789265659
225,422,0.0360184303284608
225,443,-0.0796824601537161
225,462,0.383591214068704
226,228,-0.2473545998791
226,229,-0.418551052942197
226,231,-0.128659255596972
226,232,-1.37182816853961
226,235,-0.381338910117742
226,239,0.664871859556574
226,254,-0.180173857166323
226,275,0.139936773180187
226,319,-0.686252335326725
226,440,-0.473194293201898
226,453,0.306517397675026
227,228,0.880742265907774
227,233,1.89875003564595
227,234,2.26561471463767
227,270,1.12153720119506
227,321,1.78270559887967
227,331,0.412711352236795
227,342,1.1107167752358
227,391,0.197124570302781
227,396,1.81669107372425
227,420,1.25690628036057
227,449,1.06577535964399
227,451,-0.600521198535322
227,459,0.0561955484153029
227,461,1.39083190175666
227,490,0.441712253978304
228,232,-1.12447356866052
228,233,1.01800776973817
228,234,1.38487244872989
228,238,-0.580027280826312
228,241,0.298132751179277
228,291,1.09183223500981
228,336,0.26446995201431
228,355,-0.573769633289565
228,357,0.0624609002853855
228,367,-0.0355811175791585
228,372,0.990209213476099
228,396,0.935948807816479
228,476,-1.07624243551237
228,480,-0.306097020964569
228,485,-0.427564697387569
229,231,0.289891797345225
229,232,-0.953277115597418
229,233,1.18920422280127
229,241,0.469329204242374
229,288,-0.207571162847135
229,310,-0.246977323599812
229,321,1.07315978603499
229,335,1.06273506383397
229,339,0.228804239711682
229,387,-0.324221263938634
229,430,0.524336333698203
229,447,-0.0288151776574567
230,236,0.131515299578131
230,239,0.634658751017822
230,240,0.278839209910278
230,243,1.17988379425119
230,248,-0.155486720866889
230,257,0.408595818873855
230,266,-1.04002550329311
230,278,0.948626903238553
230,292,-1.71692975626227
230,296,-0.853323741443365
230,304,0.910431176739798
230,316,0.407899553239229
230,324,-0.156566558800608
230,335,0.613970902353022
230,440,-0.503407401740649
230,466,-1.62684797953706
231,235,-0.25267965452077
231,236,0.290387663713854
231,237,0.170503774373034
231,239,0.793531115153546
231,240,0.437711574046001
231,332,0.826764854776543
231,397,-1.79614095406059
231,466,-1.46797561540133
231,484,0.0632017659076168
232,238,0.544446287834203
232,242,2.92008279198098
232,264,0.0471212198265786
232,285,1.82297150239673
232,335,2.01601217943139
232,372,2.11468278213661
232,373,0.127675476363637
232,404,0.4974703557538
232,416,1.0313156876121
232,425,0.567529667572239
232,472,1.49366714647772
232,476,0.0482311331481461
232,492,0.96162522598775
233,234,0.366864678991722
233,235,-1.15199207997681
233,236,-0.608924761742189
233,237,-0.72880865108301
233,239,-0.105781310302498
233,241,-0.719875018558894
233,244,-1.15357099998372
233,258,0.014635886183098
233,259,-1.34528448832485
233,285,-0.31950983600196
233,349,-1.18294546748777
233,413,-1.05868571449584
233,439,-1.2092476824253
233,447,-1.21801940045872
233,449,-0.832974676001957
233,457,-1.90889930022726
234,235,-1.51885675896854
234,237,-1.09567333007473
234,239,-0.472645989294219
234,245,-0.572559516754348
234,247,-1.07260056363397
234,286,-1.69757547062562
234,294,-1.50949012104843
234,418,-2.39082178856316
234,438,-1.53819472546576
234,493,-1.72808779494065
234,498,-0.214647493751883
234,499,-1.40743655778329
235,238,-0.44604297058767
235,241,0.432117061417919
235,242,1.9295935335591
235,305,0.728465029899556
235,315,0.674190557755724
235,360,0.721929365163587
235,363,-0.003037778230164
235,377,-0.576644855545121
235,430,0.487124190873748
235,459,-0.690562407253829
235,463,-0.154819292108178
235,464,-0.352667354012205
235,468,-0.284990156530646
236,239,0.503143451439692
236,240,0.147323910332147
236,245,0.403229923979563
236,247,-0.0968111229000587
236,271,0.88639316716513
236,311,-0.832223501539827
236,318,0.217256419233397
236,361,-0.81305119912016
236,365,-0.0454124442225309
236,374,-1.28302366267194
236,431,-1.37697378507189
236,457,-1.29997453848507
236,463,-0.697886610342802
236,469,-0.302223370684432
236,471,0.0800940876378829
236,484,-0.227185897806237
237,239,0.623027340780512
237,245,0.523113813320383
237,246,-0.0683673752208156
237,247,0.0230727664407615
237,248,-0.167118131104199
237,287,0.121615903127729
237,347,-1.45000750940606
237,358,-0.309771640688487
237,417,-1.2201662311814
237,438,-0.442521395391025
237,495,0.19695178577987
238,239,1.49225374026199
238,240,1.13643419915444
238,246,0.800859024260658
238,250,0.110830163380155
238,255,1.24384502832582
238,292,-0.859334767018104
238,370,0.403827310741906
238,392,0.898257033584699
238,408,-0.431297444311998
238,418,-0.425922059006959
238,448,0.263495622172806
238,466,-0.769252990292892
239,240,-0.355819541107544
239,241,-0.614093708256397
239,243,0.545225043233368
239,244,-1.04778968968123
239,247,-0.59995457433975
239,250,-1.38142357688183
239,252,-1.73515658880088
239,285,-0.213728525699463
239,309,-2.03090369846672
239,315,-0.372020211918592
239,346,-0.793316234479702
239,349,-1.07716415718527
239,429,-1.84326832874003
239,444,-2.81274185831184
240,242,1.23920230499233
240,243,0.901044584340913
240,245,0.255906013647415
240,249,-0.69480802208554
240,285,0.142091015408082
240,316,0.129060343328951
240,353,-0.788078572715594
240,365,-0.192736354554678
240,393,-0.547930775716878
240,396,0.37954188948835
240,436,-0.723091454097692
240,472,-0.187213340510921
240,478,1.06157650804248
240,491,-0.117762794686883
240,496,0.255860880622657
241,243,1.15931875148976
241,247,0.0141391339166461
241,251,0.0529608760558042
241,252,-1.12106288054448
241,262,-0.684434091755205
241,276,-0.0293933064344419
241,347,-1.45894114193017
241,357,-0.235671850893892
241,362,-1.49474967008352
241,367,-0.333713868758436
241,469,-0.191273113867727
241,470,-1.16939226476423
241,474,-1.28764389847132
241,492,-0.460981093852043
242,244,-1.93117245356601
242,245,-0.983296291344916
242,252,-2.61853935268567
242,255,-1.13179147582095
242,283,0.423345934492682
242,356,-2.26526736716321
242,450,-2.72022563571797
243,244,-1.59301473291459
243,245,-0.645138570693497
243,248,-1.33537051511808
243,251,-1.10635787543396
243,255,-0.79363375516953
243,256,-2.03899883431753
243,268,-1.75774366767136
243,271,-0.16197532750793
243,272,-1.16247155932656
243,317,-2.14502738135898
243,332,-0.511991303610371
243,342,-1.22747699334102
243,348,-1.56593583539501
243,398,-1.46514592192202
243,424,-0.805933401629098
243,432,-1.29163766962013
243,439,-1.64869141535617
243,448,-1.77398316132255
243,500,-0.760161435704701
244,246,0.356394973679898
244,247,0.447835115341475
244,254,0.202743972958328
244,255,0.799380977745064
244,268,-0.164728934756771
244,284,-0.179051310249942
244,346,0.254473455201524
244,356,-0.334094913597201
244,388,0.852810707768214
244,406,0.624651222557362
244,439,-0.0556766824415776
245,247,-0.500041046879621
245,248,-0.690231944424582
245,252,-1.63524306134075
245,253,-0.520610412486747
245,255,-0.148495184476033
245,256,-1.39386026362403
245,257,-0.126149404683838
245,277,-0.894078942474598
245,307,0.0525089182104086
245,331,-1.28034384564652
245,349,-0.977250629725145
245,384,-0.842368242704362
245,392,-0.494083179217158
245,396,0.123635875840934
245,399,0.348932003510728
245,411,-0.264198835180964
245,432,-0.646499098926632
245,434,-0.48920167626369
245,487,-1.27563404692914
245,499,-0.834877041028941
246,248,-0.0987507558833838
246,249,-0.359232847191757
246,257,0.465331783857361
246,265,-1.00266608951965
246,267,-1.11785492683803
246,270,0.0199631918529444
246,272,0.0741481999081374
246,275,0.166459629624941
246,282,0.15021718865455
246,302,-0.103023797376362
246,306,-0.0609281772950474
246,320,1.13121460517582
246,346,-0.101921518478374
246,348,-0.32931607616031
246,355,-0.794601376723911
246,359,0.377328545633451
246,361,-0.624799934558524
246,405,0.631773379803281
247,249,-0.450672988853334
247,251,0.0388217421391581
247,252,-1.13520201446113
247,254,-0.245091142383147
247,257,0.373891642195783
247,258,0.720371770825346
247,259,-0.639548603682597
247,260,-0.806941030761297
247,270,-0.0714769498086327
247,292,-1.75163393294034
247,304,0.875727000061726
247,308,-0.40255575220736
247,310,-0.730445661758832
247,332,0.633188313962748
247,366,-0.28524436706024
247,367,-0.347853002675082
247,408,-1.32359661023423
247,416,-0.405429766144335
247,422,-0.371076069562567
247,435,-0.735220234297653
247,471,0.176905210537942
248,249,-0.260482091308373
248,250,-0.59127810499712
248,252,-0.945011116916168
248,256,-0.703628319199446
248,288,-0.500848603461194
248,312,0.200694154535373
248,379,0.0403186441453673
248,421,-0.865281117725373
248,428,0.0853031331495034
249,253,0.430103623246208
249,254,0.205581846470187
249,255,0.802218851256922
249,258,1.17104475967868
249,261,-0.298834849035756
249,263,0.669263674387459
249,305,0.732881823418325
249,316,0.823868365414491
249,331,-0.329629809913568
249,389,0.0443982854260216
249,391,-0.545216591847583
249,399,1.29964603924368
249,421,-0.604799026417
249,442,1.08513175546046
249,447,-0.0616105269631428
249,459,-0.686145613735061
249,476,-0.937841331754959
249,485,-0.289163593630159
249,486,-0.705714524014962
250,251,0.820290744681239
250,253,0.760899636934955
250,254,0.536377860158935
250,256,-0.112350214202326
250,257,1.15536064473786
250,284,0.154582576950664
250,321,1.37116045041805
250,324,0.590198267063401
250,331,0.0011662037751787
250,332,1.41465731650483
250,353,0.237525463058693
250,389,0.375194299114769
250,413,0.428519172688489
250,446,-0.440950943088833
251,252,-1.17402375660029
251,258,0.681550028686188
251,259,-0.678370345821755
251,262,-0.737394967811009
251,317,-1.03866950592502
251,330,-0.977236938242406
251,335,0.540444983535792
251,351,-1.72928375936866
251,354,-0.307405466304916
251,453,0.202778370319044
251,476,-1.42733606274745
251,493,-0.694308973445839
252,253,1.114632648854
252,254,0.890110872077982
252,258,1.85557378528647
252,259,0.495653410778532
252,260,0.328260983699832
252,262,0.436628788789278
252,264,-0.254422219468731
252,276,1.09166957411004
252,359,1.421090418433
252,360,1.41087518429015
252,363,0.685908040896399
252,382,0.654253220925266
252,390,0.581786970701059
252,400,0.15600956480559
252,485,0.395365431977636
252,496,1.63519792831599
252,499,0.800366020311809
253,256,-0.873249851137281
253,261,-0.728938472281964
253,264,-1.36905486832273
253,266,-1.05416031436406
253,345,-0.464837825846534
253,356,-0.76136066333155
253,369,-0.0461421245757485
253,375,-0.591484299634323
253,399,0.869542415997476
253,426,0.0764307510733986
253,475,-1.24521537075428
253,484,-0.109805409299052
253,492,-0.454550862161563
254,257,0.61898278457893
254,258,0.965462913208493
254,259,-0.394457461299451
254,260,-0.561849888378151
254,261,-0.504416695505943
254,267,-0.96420392611646
254,323,-0.282539621823614
254,365,0.296489821060674
254,366,-0.0401532246770937
254,383,0.17335455500127
254,403,0.666964290340234
255,257,0.0223457797921948
255,259,-0.991094466086186
255,260,-1.15848689316489
255,267,-1.5608409309032
255,373,-1.66061583979639
255,392,-0.345587994741125
255,423,-0.807795617769658
255,428,-0.456433626799046
255,467,-0.420101484202473
255,493,-1.00703309371027
256,257,1.26771085894019
256,259,0.25427061306181
256,260,0.0868781859831097
256,266,-0.180910463226775
256,267,-0.3154758517552
256,290,0.619057981456181
256,291,1.67337956665829
256,292,-0.857814716195933
256,313,1.10876383350245
256,322,1.16612937847309
256,329,1.44461576576695
256,333,1.05526753790206
256,353,0.349875677261018
256,357,0.644008231933869
256,367,0.545966214069325
256,409,1.02437115272164
256,413,0.540869386890815
256,421,-0.161652798525927
256,432,0.747361164697397
257,264,-1.76351587612564
257,267,-1.58318671069539
257,281,-0.896602093576466
257,301,0.461914167964429
257,396,0.249785280524772
257,410,-0.858943088289424
257,430,-0.333023646656601
257,435,-1.10911187649344
257,466,-2.03544379841091
257,486,-1.53027915506408
257,491,-0.24751940365046
258,263,-0.501781085291221
258,268,-1.33293582092359
258,269,-2.13952436053826
258,270,-0.791848720633979
258,313,-0.505427154067299
258,335,-0.141105045150396
258,361,-1.43661184704545
258,391,-1.71626135152626
258,398,-1.04033807517424
258,414,-1.60321309746097
258,421,-1.77584378609568
258,432,-0.866829822872356
258,439,-1.2238835686084
258,451,-2.51390712036437
258,481,-1.37567212651456
258,484,-0.850746545731525
259,263,0.858139289216723
259,264,-0.750075630247263
259,266,-0.435181076288584
259,276,0.596016163331509
259,289,-0.913833438732663
259,290,0.364787368394372
259,304,1.51527560374432
259,310,-0.0908970580762351
259,327,-0.139063618187398
259,390,0.0861335599225279
259,415,0.909902978799509
259,417,-0.603690393939562
259,449,0.512309812322888
259,459,-0.497269998905797
259,466,-1.02200355253253
259,487,-0.136044396366923
260,263,1.02553171629542
260,264,-0.582683203168563
260,271,1.79014532082649
260,306,0.654572711804673
260,409,0.937492966738532
260,444,-1.40584625321079
260,491,0.933313269306621
260,492,0.331820802992608
261,262,0.0509346122172386
261,263,0.968098523423215
261,265,-0.344598393292138
261,271,1.73271212795428
261,273,1.50039371700544
261,299,0.492076823116266
261,362,-0.759380966111076
261,371,-0.326636512308195
261,388,1.15448343031583
261,404,-0.189767260113548
261,424,1.08875405383311
261,425,-0.119707948295109
261,429,-0.493805916511191
261,487,-0.0260851621604309
262,265,-0.395533005509377
262,268,0.0860091755736056
262,269,-0.72057936404106
262,275,0.773592713635215
262,285,1.08479927431214
262,345,0.213166034218191
262,373,-0.61049675172095
262,392,0.704531093334315
262,425,-0.170642560512348
262,459,-0.438245376916543
262,474,-0.603209806716119
263,264,-1.60821491946399
263,267,-1.42788575403373
263,270,-0.290067635342758
263,275,-0.143571197570761
263,300,-1.16943205479073
263,301,0.617215124626087
263,355,-1.10463220391961
263,358,-0.551435092663374
263,366,-0.503835052594366
263,367,-0.566443688209207
263,381,-0.463654960857271
263,426,-0.162729300067853
263,429,-1.46190443993441
264,266,0.314894553958678
264,267,0.180329165430253
264,269,-0.0295283557830515
264,275,1.46464372189322
264,276,1.34609179357877
264,418,0.0714030090006651
264,486,0.233236721061564
265,266,0.0193765512100462
265,270,1.0226292813726
265,272,1.07681428942779
265,277,0.700068335586252
265,278,2.00802895774171
265,281,0.571395779800545
265,304,1.96983323124295
265,309,-0.336842892945745
265,349,0.616896648335704
265,376,1.91857891272911
265,385,0.185047578077862
265,395,1.00617430509285
265,408,-0.229490379053006
265,417,-0.149132766440931
265,439,0.590594433398175
265,470,-0.0894251674996519
266,267,-0.134565388528425
266,269,-0.34442290974173
266,270,1.00325273016255
266,271,2.05793397003637
266,275,1.14974916793455
266,318,1.38879722210464
266,370,0.586257824790852
266,387,0.267040077873528
266,407,2.72819307273674
266,462,1.05122639414886
266,495,1.24860869931029
267,268,0.596731018401361
267,270,1.13781811869097
267,275,1.28431455646297
267,279,0.306741714944905
267,280,-0.0975949981221896
267,311,0.473882689859839
267,350,0.632173600991688
267,372,1.88723239687978
267,406,1.38611117571549
267,441,1.29862711587627
267,470,0.0257636698187272
267,496,1.70929098235447
268,270,0.541087100289613
268,271,1.59576834016343
268,272,0.595272108344806
268,274,0.671257162278003
268,276,0.569031609747157
268,278,1.52648677665873
268,286,-0.0124108568934029
268,316,0.985759426659403
268,338,0.0658917625472155
268,351,-1.07789796713125
268,393,0.308768307613574
268,399,1.4615371004886
268,430,0.653432045637428
268,484,0.482189275192067
269,273,2.17003846882926
269,275,1.49417207767628
269,276,1.37562014936182
269,279,0.516599236158209
269,281,0.896442138332229
269,304,2.29487958977464
269,323,0.891521825506151
269,383,1.34741600233103
269,404,0.479877491710273
269,433,2.17627766687263
269,444,-0.793634694259179
270,274,0.13017006198839
270,276,0.0279445094575448
270,277,-0.322560945786344
270,280,-1.23541311681316
270,282,0.130253996801606
270,289,-1.48190509260663
270,376,0.895949631356517
270,382,-0.40947184372723
270,421,-0.983995065461702
270,422,-0.299599119753934
270,425,-0.797738836375566
270,438,-0.394117212023154
270,450,-1.1654113476848
270,474,-1.23030608257934
271,274,-0.924511177885431
271,277,-1.37724218566017
271,278,-0.0692815635047075
271,416,-1.38863405620952
271,431,-2.26336695223702
271,453,-0.741604177606987
271,495,-0.80932527072608
272,281,-0.505418509627243
272,283,1.92397521447066
272,336,-0.030509991328174
272,368,-1.63940828088576
272,403,0.439165089710527
272,434,0.0281313123693709
272,486,-1.13909557111486
273,274,-0.69219276693659
273,275,-0.675866391152984
273,276,-0.794418319467436
273,280,-2.05777594573814
273,281,-1.27359633049703
273,283,1.15579739360087
273,316,-0.37769050255519
273,335,-0.171619153441398
273,340,-0.568002084578993
273,368,-2.40758610175555
273,371,-1.82703022931363
273,413,-1.10383570896994
273,442,-0.116427112509224
273,469,-0.95629812690072
273,470,-1.93441727779723
273,491,-0.624513640571024
273,496,-0.250889965261485
274,275,0.0163263757836066
274,277,-0.452731007774734
274,280,-1.36558317880155
274,287,0.0398500245072098
274,333,0.102755208977896
274,337,-0.512222486839495
274,392,-0.0527352445172937
274,439,-0.56220490996281
274,483,0.37655717737046
275,276,-0.118551928314452
275,282,-0.016242440970391
275,283,1.83166378475386
275,285,0.311206560676924
275,286,-0.699994394955012
275,332,0.558168825999384
275,356,-0.85694951690204
275,371,-1.15116383816065
275,374,-1.26123202773524
275,391,-1.07090906866428
275,467,-0.143575109762249
275,469,-0.280431735747737
276,279,-0.859020913203614
276,281,-0.479178011029595
276,282,0.102309487344061
276,283,1.95021571306831
276,284,-0.583353985240329
276,286,-0.58144246664056
276,288,-0.647507060655067
276,294,-0.393357117063374
276,297,-1.21674719899153
276,353,-0.5004110991323
276,364,-0.526009555719936
276,422,-0.327543629211479
276,429,-1.19978131404919
276,446,-1.17888750527983
276,452,-0.0329997374318953
276,493,-0.611954790955593
277,281,-0.128672555785706
277,282,0.452814942587949
277,283,2.3007211683122
277,284,-0.232848529996441
277,287,0.492581032281943
277,290,0.119276660306751
277,303,0.45501658528441
277,323,-0.133592868611784
277,369,0.327326405412102
277,373,-0.915032081797825
277,383,0.322301308213099
277,446,-0.828382050035938
277,456,-0.712577160342978
277,481,-0.261262460094237
277,487,-0.381555104454544
277,491,0.5204101341403
278,280,-2.22081279318228
278,281,-1.43663317794116
278,288,-1.60496222756664
278,311,-1.64933510520025
278,314,-0.584120810361297
278,351,-2.60438474378998
278,413,-1.26687255641407
278,424,-0.574676510616461
278,436,-1.39287914742597
278,487,-1.68951572661
278,496,-0.413926812705618
279,283,2.80923662627192
279,284,0.275666927963285
279,286,0.277578446563053
279,287,1.00109649024167
279,289,-0.650828688860559
279,360,1.17822652338372
279,365,0.95395203223223
279,395,0.814621427466328
279,424,1.24179956949872
279,455,0.335905425725863
280,284,0.68000364103038
280,288,0.615850565615641
280,300,0.356048697365196
280,325,0.321622054229577
280,339,1.05222596817446
280,376,2.13136274816968
280,416,0.901460300477461
280,419,1.2089647838434
280,441,1.39622211399845
280,442,1.94134883322892
280,448,0.678086522872366
280,451,-0.486645282917223
280,484,1.17651529171562
280,499,0.972054072472477
281,283,2.4293937240979
281,287,0.62125358806765
281,289,-1.03067159103458
281,293,-0.307431551986331
281,320,1.56248491489493
281,341,-0.635749106662599
281,370,0.0342385962003529
281,372,1.20064777976086
281,375,-0.0893432138607663
281,433,1.2798355285404
282,283,1.84790622572425
282,288,-0.749816547999128
282,289,-1.61215908940823
282,290,-0.333538282281198
282,309,-1.48972617111995
282,376,0.765695634554911
282,385,-0.967835700096338
282,389,-0.465051750420285
282,484,-0.189151821899151
283,284,-2.53356969830864
283,288,-2.59772277372337
283,289,-3.46006531513248
283,292,-3.65831720565756
283,293,-2.73682527608423
283,296,-2.79471119083866
283,301,-1.07087746255701
283,333,-1.74523495155957
283,392,-1.90072540505476
283,454,-3.05397193145158
284,285,1.0131124742317
284,294,0.189996868176955
284,295,-0.862031697379107
284,297,-0.633393213751202
284,306,0.474518106634792
284,332,1.26007473955416
284,354,0.358302701425659
284,399,1.47585947598177
284,400,-0.352306024064122
284,401,-1.38700023869568
284,443,0.140109465546673
284,484,0.496511650685238
285,288,-1.07726554964644
285,293,-1.2163680520073
285,295,-1.87514417161081
285,332,0.24696226532246
285,350,-0.963347516148207
285,372,0.291711279739888
285,414,-1.26906737527591
285,428,-0.491113813035745
285,435,-1.12144628293794
285,449,-0.513464839999997
285,464,-1.18514959798706
285,465,-1.12628670965564
285,474,-1.68800908102826
285,498,0.471727021241799
286,288,-0.0660645940145069
286,296,-0.263053011129789
286,376,1.44944758853953
286,403,1.04684805494874
286,411,0.860817118690305
286,425,-0.244240879192551
286,447,0.112691391175172
286,477,-0.464624833135344
287,288,-0.789582637693122
287,293,-0.928685140053981
287,294,-0.535432694101429
287,296,-0.986571054808404
287,299,-0.355974151459791
287,345,-0.583950328140627
287,363,-0.547837110251697
287,364,-0.668085132757991
287,373,-1.40761311407977
287,411,0.13729907501169
287,415,0.171811238429945
287,463,-0.69961862412971
287,495,0.0753358826521413
288,289,-0.862342541409105
288,300,-0.259801868250445
288,304,1.56676650106788
288,338,0.144367213455125
288,341,-0.467420057037126
288,354,0.422455776840397
288,369,0.624328010823281
288,378,-0.0180482912322005
288,386,0.686224803881718
288,392,0.696997368668619
288,415,0.961393876123067
288,426,0.746900886472428
288,440,0.152927922587434
288,462,0.667536215183832
288,477,-0.398560239120837
288,490,-0.0602623960192376
289,291,2.33294239232915
289,294,1.1164924850008
289,297,0.293102403072642
289,298,1.05918206399185
289,300,0.60254067315866
289,314,1.88318395861444
289,336,1.50558010933365
289,348,1.13262582459337
289,371,0.477237692217976
289,408,0.229785432181026
289,452,1.47684986463228
289,458,1.09402379651865
289,477,0.463782302288269
289,497,1.24914371111681
289,499,1.21854604826594
290,291,1.05432158520211
290,296,-0.613266682833212
290,298,-0.219438743135186
290,299,0.0173302205154014
290,303,0.335739924977659
290,323,-0.252869528918535
290,340,0.45764502982558
290,343,-1.06315682738974
290,385,-0.63429741781514
290,421,-0.780710779982109
290,427,-0.0212741638752312
290,469,0.0693489875038526
290,497,-0.0294770960102229
291,292,-2.53119428285423
291,295,-2.26847847288441
291,296,-1.66758826803532
291,297,-2.03983998925651
291,298,-1.2737603283373
291,300,-1.73040171917049
291,315,-0.551625987492729
291,328,-2.06647331002202
291,333,-0.618112028756234
291,342,-0.861857725681788
291,494,-1.22758559854006
292,294,1.31474437552588
292,297,0.491354293597721
292,308,1.34907818073298
292,323,1.22400316873358
292,367,1.40378093026526
292,438,1.28603977110855
292,448,1.12283038919091
292,449,1.62439514158063
292,484,1.62125915803416
292,492,1.27651370517165
292,495,1.92551295227945
292,496,2.2516298467952
293,300,-0.120699365889587
293,304,1.70586900342874
293,380,0.210622087792455
293,386,0.825327306242577
293,428,0.725254238971556
293,445,0.132472265079554
293,452,0.75360982558403
293,488,0.430334346195164
294,295,-1.05202856555606
294,298,-0.0573104210089497
294,300,-0.513951811842138
294,304,1.31261655747619
294,305,0.719098391979453
294,314,0.766691473613646
294,352,1.00231464258672
294,390,-0.116525486345607
294,401,-1.57699710687264
294,417,-0.806349440207697
294,429,-0.806424196985819
294,441,0.52622160479112
295,296,0.600890204849087
295,299,1.2314871081977
295,302,1.29445418393259
295,304,2.36464512303225
295,305,1.77112695753551
295,328,0.202005162862391
295,338,0.942245835419494
295,379,1.33904586957093
295,406,1.66573423018641
295,447,0.976634607154047
295,459,0.352099520382129
296,297,-0.372251721221181
296,301,1.72383372828165
296,306,0.735659599164813
296,320,1.92780238163568
296,357,0.638216933310899
296,359,1.17391632209331
296,394,0.62868279734699
296,409,1.01857985409867
296,442,1.52248668472856
297,298,0.766079660919207
297,299,1.00284862456979
297,302,1.06581570030468
297,303,1.32125832903205
297,304,2.13600663940434
297,308,0.857723887135259
297,313,1.47522425610067
297,321,1.84997108721859
297,352,1.82570472451487
297,365,1.31167831802015
297,374,0.0740670995707377
297,405,1.80061287748432
297,436,0.781323218477132
297,451,-0.533255710196401
297,463,0.659204151899875
297,465,0.520218978327265
298,300,-0.456641390833189
298,305,0.776408812988402
298,307,1.04674994351344
298,309,-0.936749145703562
298,341,-0.66425957961987
298,351,-1.19626203880609
298,366,0.208955611363171
298,375,-0.117853686818038
298,400,-0.484992471232128
298,401,-1.51968668586369
298,414,-0.388641348212214
298,419,0.396274695645017
298,446,-0.728219967207502
298,479,1.55359277887277
299,300,-0.693410354483776
299,301,1.09323682493304
299,308,-0.145124737434536
299,310,-0.473014646986008
299,312,0.267934271763236
299,331,-0.522871783994078
299,341,-0.901028543270457
299,357,0.0076200299622862
299,359,0.543319418744698
299,394,-0.0019141060016236
299,419,0.15950573199443
299,484,0.127056239866646
300,306,0.798473050299976
300,307,1.50339133434663
300,310,0.220395707497768
300,408,-0.372755240977634
300,420,1.01473349861347
300,423,0.494591613890531
300,427,0.654805970093144
300,452,0.874309191473617
300,458,0.491483123359994
300,463,0.349765881813857
300,495,1.12472038859571
301,302,-1.03026974919815
301,307,-0.283255845070183
301,311,-1.57121818879998
301,312,-0.825302553169801
301,314,-0.506003893961029
301,321,-0.246114362284239
301,324,-1.02707654563889
301,449,-0.963044601519922
301,492,-1.3109260379289
302,303,0.255442628727372
302,307,0.747013904127969
302,309,-1.23648518508903
302,311,-0.54094843960183
302,315,0.422398301459097
302,357,-0.0553470457725991
302,362,-1.31442486496223
302,373,-1.11460603835486
302,412,0.307725497908363
302,437,-0.956711069458062
302,465,-0.545596721977415
302,468,-0.536782412827272
302,483,0.629714228588156
303,304,0.814748310372293
303,307,0.491571275400596
303,310,-0.791424351448266
303,314,0.268823226509751
303,315,0.166955672731724
303,345,-0.546385881143094
303,382,-0.541927483225296
303,391,-1.05686827039035
303,421,-1.11645070495977
303,470,-1.24451008837031
304,306,-1.02809531901835
304,311,-1.61113937870149
304,315,-0.647792637640568
304,343,-2.21364506273969
304,365,-0.824328321384199
304,382,-1.35667579359759
304,412,-0.762465441191302
304,413,-1.22867682991532
304,422,-1.24680306962429
304,434,-0.864887629445795
304,441,-0.786394952685068
304,458,-1.33508524595833
305,307,0.270341130525039
305,309,-1.71315795869196
305,310,-1.01265449632382
305,311,-1.01762121320476
305,313,-0.067264217806944
305,315,-0.0542744721438328
305,318,0.031858707568465
305,326,-0.400188168297865
305,420,-0.218316705208121
305,424,0.0570373813790299
305,433,0.47491624259473
305,441,-0.192876787188332
305,454,-1.42949749329936
306,318,0.46643586109008
306,321,0.742059766832598
306,322,0.424678480685304
306,323,-0.375262445250136
306,326,0.0343889852237505
306,441,0.241700366333283
306,453,0.393968431414827
306,494,-0.295656929669551
307,309,-1.983499089217
307,311,-1.2879623437298
307,315,-0.324615602668872
307,319,-1.30371958563358
307,375,-1.16460363033148
307,385,-1.4616086181934
307,413,-0.905499794943622
307,443,-1.03932692513477
307,450,-1.78943826258346
307,477,-1.64214970521702
307,498,0.305403104792057
308,310,-0.327889909551473
308,312,0.413059009197772
308,320,1.44233021572161
308,340,0.585439546744715
308,348,-0.0182004656145278
308,400,-0.57663669744818
308,445,-0.2951139860801
308,458,-0.0568024936892463
308,465,-0.337504908807994
308,499,0.0677197580580398
309,312,1.44145238111739
309,313,1.64589374088502
309,314,1.76075104032616
309,319,0.679779503583424
309,321,2.02064057200295
309,322,1.70325928585565
309,334,0.719977927075247
309,390,0.877534080366904
309,413,1.07799929427338
309,432,1.28449107207996
309,460,0.152968392095721
309,471,1.60785433466491
310,311,-0.004966716880936
310,312,0.740948918749244
310,313,0.945390278516879
310,314,1.06024757795802
310,316,1.10364103831999
310,319,-0.0207239587847165
310,355,-0.155595856626656
310,406,0.90726176897472
310,462,0.706942375936509
310,490,-0.0208562352665606
310,492,0.255325433990144
311,366,0.450168011579528
311,378,0.0263245864014126
311,381,0.490348103316623
311,388,1.14038797106651
311,393,0.431616636155096
311,440,0.197300800221047
311,445,0.0377426403523089
311,481,0.0801120229505553
311,483,1.17066266818999
311,493,0.0799251473330876
312,313,0.204441359767635
312,319,-0.761672877533961
312,320,1.02927120652384
312,322,0.261806904738268
312,323,-0.538134021197173
312,324,-0.201773992469092
312,325,-0.995771269382631
312,373,-1.31957323438321
312,429,-1.25381701139069
312,471,0.16640195354753
312,485,-0.750339839473905
312,500,0.374514924878006
313,315,0.0129897456631112
313,321,0.374746831117927
313,323,-0.742575380964807
313,389,-0.621219320185359
313,403,0.20692853119904
313,426,-0.159083231291774
313,460,-1.4929253487893
313,471,-0.0380394062201052
313,482,-0.690243122742371
313,497,-0.519182948056495
313,500,0.170073565110371
314,315,-0.101867553778026
314,316,0.0433934603619732
314,322,-0.0574917544705045
314,353,-0.873745455682573
314,403,0.092071231757903
314,429,-1.57311567059946
314,461,-0.131984165446226
314,467,-0.398357537998069
314,475,-1.59558665256059
314,481,-0.985102271888397
315,316,0.145261014139999
315,319,-0.979103982964707
315,324,-0.419205097899838
315,325,-1.21320237481338
315,327,-1.00654658429115
315,367,-0.57578736509624
315,395,-0.315866288509532
315,399,0.621038687969192
315,456,-1.33454941835911
316,317,-1.37304314034702
316,319,-1.12436499710471
316,321,0.216496071314816
316,348,-0.793951594383045
316,356,-1.15512540549983
316,386,-0.378010073685594
316,394,-0.632540497335605
316,418,-1.69141660149035
316,448,-1.00199892031059
316,492,-0.848315604329846
317,320,2.03962222730011
317,323,0.472216999579099
317,325,0.0145797513936408
317,327,0.221235541915865
317,368,-0.656852458853343
317,404,0.060572665783222
317,420,1.06373989314273
317,479,2.05924056423522
317,497,0.695609432487412
318,319,-1.065237162677
318,323,-0.841698306340216
318,324,-0.505338277612136
318,345,-0.799474733587116
318,368,-1.97076776477266
318,418,-1.63228876706265
318,420,-0.250175412776586
318,424,0.0251786738105649
318,465,-1.05412820314881
318,487,-1.08966054218298
319,320,1.7909440840578
319,326,0.633190286810675
319,327,-0.0274426013264464
319,329,1.30196616956609
319,330,-0.187245575559699
319,331,-0.0291331782233536
319,353,0.20722608106016
319,390,0.197754576783479
319,439,0.247657822760496
319,441,0.840501667920207
319,456,-0.355445435394406
319,468,0.0199232686783378
319,490,-0.0001322764818441
320,322,-0.767464301785567
320,327,-1.81838668538424
320,328,-2.32668742362238
320,333,-0.878326142356594
320,357,-1.28958544832479
320,380,-1.65929437908881
320,455,-1.60642239134309
320,474,-2.34155749590222
321,324,-0.780962183354653
321,325,-1.57495946026819
321,326,-0.707670781608848
321,329,-0.0388948988534349
321,332,0.0434968660867741
321,333,-0.42824312671832
321,389,-0.995966151303286
321,396,0.0339854748445819
321,421,-1.64516346314631
321,429,-1.83300520227625
321,438,-1.05528560970776
322,323,-0.79994092593544
322,324,-0.46358089720736
322,333,-0.110861840571026
322,353,-0.816253701212068
322,368,-1.92901038436788
322,370,-0.76078201690901
322,394,-0.531655282503127
322,396,0.351366760991876
322,399,0.57666288866167
322,402,-0.297248807193019
322,429,-1.51562391612896
322,451,-2.0658455112677
323,324,0.336360028728081
323,329,1.0784273132293
323,330,-0.410784431896487
323,333,0.689079085364414
323,336,0.479828831125147
323,339,0.272966665759423
323,480,-0.0907381418537321
324,327,-0.587341486391315
324,330,-0.747144460624568
324,335,0.77053746115363
324,383,0.119534148096803
324,416,-0.214159030665655
324,450,-1.04561756201475
324,493,-0.464216495828001
325,328,-0.301644947715914
325,330,0.0468528162889716
325,354,0.716684288226461
325,370,0.496796157211889
325,392,0.991225880054683
325,464,0.186344463045449
325,469,0.779855764607846
325,473,0.605891919138923
325,487,0.209675012342699
325,496,1.48526392624708
326,328,-1.16893362637526
326,329,0.668775882755413
326,331,-0.662323465034028
326,333,0.279427654890528
326,334,-0.592991863318852
326,336,0.0701774006512604
326,378,-0.591108458505482
326,388,0.522954926159613
326,434,0.128818704348805
326,446,-1.10444061189804
326,481,-0.537321021956339
327,328,-0.508300738238138
327,331,-0.0016905768969071
327,334,0.0676410248182688
327,335,1.35787894754495
327,348,0.357856004048108
327,389,0.372337518442683
327,419,0.680686939091601
327,453,1.0202123343282
327,466,-0.882939934345132
328,330,0.348497764004885
328,332,1.92010127407088
328,334,0.575941763056407
328,335,1.86617968578308
328,341,0.128453402064852
328,343,-0.051005102569835
328,360,1.56258612993715
328,416,0.881483193963798
328,417,0.0436739624859741
328,431,0.0067502979363006
329,330,-1.48921174512579
329,335,0.0284701766524114
329,342,-0.63309392479044
329,343,-1.88871461170051
329,349,-1.02800613186806
329,356,-1.33272657796121
329,404,-1.49007164702518
329,418,-1.86901777395173
329,421,-1.60626856429287
329,425,-1.42001233520674
330,332,1.571603510066
330,334,0.227443999051521
330,335,1.5176819217782
330,338,0.391742908552218
330,340,1.1212989906406
330,341,-0.220044361940034
330,342,0.856117820335346
330,345,0.453008004649587
330,372,1.61635252448342
330,469,0.733002948318875
330,478,2.24412673737793
331,332,1.41349111272965
331,344,0.962141206043777
331,373,-0.528767178625899
331,401,-1.2335838655202
331,418,-0.537918426162292
331,422,0.409226729204335
331,430,0.821170794306085
331,460,-0.497677933264349
331,479,1.83969559921626
331,486,-0.376084714101393
331,498,1.63825586864899
331,500,1.16532098063532
332,333,-0.471739992805094
332,339,-0.887852412410085
332,354,-0.901772038128506
332,387,-1.4408779160604
332,390,-1.18660335772282
332,404,-1.57246341196539
332,416,-1.03861808010708
332,443,-1.11996527400749
333,341,-1.31990787920094
333,342,-0.243745696925555
333,343,-1.49936638383562
333,347,-1.63452859700447
333,362,-1.67033712515782
333,364,-0.730990317228678
333,473,-0.54082441441095
334,337,0.257441822391988
334,342,0.628673821283825
334,343,-0.626946865626242
334,344,0.892809604328601
334,345,0.225564005598066
334,346,0.517609536911775
334,347,-0.762109078795093
334,357,0.461160212241189
334,366,0.425726829991486
334,370,0.222499341871396
334,379,0.561098943652133
334,448,0.0821676533022965
335,337,-1.03279610033469
335,339,-0.833930824122288
335,340,-0.396382931137595
335,342,-0.661564101442851
335,347,-2.05234700152177
335,348,-1.00002294349684
335,378,-1.28835451791331
335,395,-0.667198651763324
335,443,-1.06604368571969
335,479,0.48012607477441
336,338,-0.498870354469416
336,341,-1.11065762496167
336,347,-1.42527834276521
336,369,-0.0189095571012607
336,380,-0.571717982492945
336,389,-0.358472770345699
336,427,-0.248233466081843
336,444,-2.16498535089048
336,453,0.289402045539816
336,480,-0.570566972978879
337,341,-0.704930183383543
337,343,-0.88438868801823
337,344,0.635367781936613
337,348,0.0327731568378507
337,349,-0.0236802081857855
337,350,-0.123592092848181
337,422,0.0824533050971713
337,473,0.0741532814064423
338,341,-0.611787270492251
338,342,0.464374911783129
338,343,-0.791245775126938
338,345,0.0612650960973698
338,357,0.296861302740492
338,397,-1.44304520732336
338,402,0.521733642086691
338,418,-0.771548937378165
338,438,0.0810781257192434
338,453,0.788272400009232
338,471,0.723577498088972
338,492,0.0715520597823413
339,340,0.437547892984693
339,347,-1.21841617739948
339,348,-0.16609211937455
339,349,-0.222545484398186
339,350,-0.322457369060582
339,351,-1.43579791878216
339,373,-1.05440587894546
339,416,-0.150765667696998
339,420,0.318556227804207
339,435,-0.480556135850316
340,341,-1.34134335258064
340,343,-1.52080185721532
340,345,-0.668290985991015
340,347,-1.65596407038417
340,348,-0.603640012359242
340,350,-0.760005262045274
340,351,-1.87334581176685
340,375,-0.794937459778804
340,376,0.641588887010529
340,404,-1.12215889253999
340,464,-0.981807343884125
340,485,-0.922720377020848
341,352,1.72388464321554
341,368,-0.498240664595922
341,380,0.538939642468723
341,444,-1.05432772592881
341,447,0.646176042226804
341,475,-0.107325178318125
341,490,0.407157661017888
342,343,-1.25562068691007
342,344,0.264135783044776
342,347,-1.39078290007892
342,348,-0.338458842053986
342,349,-0.394912207077622
342,350,-0.494824091740018
342,351,-1.6081646414616
342,355,-0.803744142617587
342,373,-1.2267726016249
342,392,0.0882552434303648
342,402,0.0573587303035624
342,436,-0.396659045097585
343,345,0.852510871224308
343,348,0.91716184485608
343,352,1.90334314785022
343,396,1.96159498539852
343,431,0.0577554005061356
343,437,0.186743054181967
343,440,0.799806484259247
343,449,1.21067927131826
343,459,0.201099460089574
343,478,2.64362960395265
343,488,0.938110405506118
344,345,-0.667245598730535
344,348,-0.602594625098762
344,350,-0.758959874784794
344,353,-0.725781946760263
344,354,-0.450422131442633
344,356,-0.963768436215551
344,369,-0.248549897459749
344,371,-1.25798275747416
344,396,0.441838515443681
344,456,-1.28845346321483
345,353,-0.0585363480297282
345,356,-0.296522837485016
345,357,0.235596206643122
345,364,-0.0841348046173637
345,369,0.418695701270786
345,396,1.10908411417422
345,499,0.15057119730434
346,349,-0.283847922705572
346,351,-1.49710035708955
346,355,-0.692679858245537
346,361,-0.52287841608015
346,366,-0.091882706920289
346,420,0.257253789496821
346,439,-0.310150137643101
346,457,-1.00980175544506
347,348,1.05232405802493
347,351,-0.21738174138268
347,353,0.929136736363431
347,354,1.20449655168106
347,355,0.587038757461331
347,356,0.691150246908144
347,366,1.18783590878658
347,386,1.46826557872238
347,389,1.06680557241951
347,401,-0.54080638844028
347,417,0.229841278224661
347,487,0.697487275797299
348,350,-0.156365249686032
348,351,-1.26970579940761
348,354,0.15217249365613
348,404,-0.518518880180751
348,450,-0.816132079671541
348,452,0.344224040038904
348,493,-0.234731013484793
349,350,-0.0999118846623955
349,354,0.208625858679766
349,355,-0.408831935539965
349,359,0.763097986817397
349,362,-1.03167922115464
349,366,0.191965215785283
349,380,-0.142310332729035
349,384,0.134882387020783
349,387,-0.33048001925213
349,421,-0.578262432424811
349,428,0.372321818450066
349,431,-0.802953079326309
349,488,0.0774019256736739
350,353,0.0331779280245308
350,354,0.308537743342161
350,357,0.327310482697381
350,358,0.24427706037867
350,359,0.863009871479793
350,361,-0.139118608712182
350,363,0.12782749394319
350,372,1.2550587958881
350,395,0.489189541419545
350,451,-1.2164138820311
350,468,-0.154124884357292
350,492,0.102001239739231
351,352,2.25588710240176
351,355,0.804420498844011
351,356,0.908531988290824
351,359,1.97635042120137
351,364,1.12092002115848
351,378,0.981374224991144
351,406,1.86727812444539
351,451,-0.10307333230952
352,353,-1.10936862465564
352,356,-1.34735511411093
352,387,-1.37311468726991
352,415,-0.295070710055344
352,460,-1.84340581720351
352,467,-0.63398070697114
352,477,-1.65502482529925
352,484,-0.695799860078434
353,354,0.27535981531763
353,356,-0.237986489455287
353,357,0.294132554672851
353,358,0.21109913235414
353,359,0.829831943455262
353,365,0.595342218160916
353,366,0.258699172423148
353,388,0.948919131910127
353,396,1.16762046220394
353,401,-1.46994312480371
353,402,0.51900489401905
353,464,-0.254980009863382
354,356,-0.513346304772918
354,358,-0.0642606829634907
354,367,-0.0792692785093239
354,375,-0.343469941075691
354,474,-1.03319930822221
355,360,1.16171468821451
355,362,-0.622847285614677
355,363,0.436747544820759
355,364,0.316499522314465
355,365,0.937440197063016
355,368,-0.770658704253715
355,374,-0.300171021386393
355,389,0.479766814958176
355,414,0.003200191749863
355,441,0.975373565762147
355,488,0.486233861213639
356,357,0.532119044128138
356,359,1.06781843291055
356,378,0.07284223670032
356,422,0.410853959376109
356,448,0.153126485189246
356,472,0.838851721659961
357,361,-0.466429091409563
357,368,-1.40688923782867
357,377,-0.773090066069149
357,444,-1.96297629916155
357,475,-1.01597375155087
357,496,0.749806898665401
357,499,-0.0850250093387821
358,359,0.618732811101123
358,360,0.60851757695827
358,363,-0.116449566435481
358,364,-0.236697588941775
358,367,-0.0150085955458331
358,431,-0.947318255042584
358,432,0.186386355082238
358,471,0.50974961766719
359,363,-0.735182377536603
359,364,-0.855430400042898
359,367,-0.633741406646956
359,370,-0.774360259152204
359,395,-0.373820330060248
359,401,-2.29977506825897
359,426,-0.230027018505601
359,428,-0.390776168367331
360,361,-0.991913246049122
360,369,-0.342384660011896
360,373,-1.58474314722182
360,392,-0.269715302166558
360,420,-0.211781040472152
361,363,0.266946102655371
361,370,0.227768221039771
361,372,1.39417740460028
361,397,-1.27347741865429
361,412,0.829501635090525
361,419,0.618314793441707
361,470,-0.467291322460779
361,480,0.0978711701596082
362,363,1.05959483043544
362,372,2.18682613238034
362,393,1.20509306151549
362,412,1.62215036287059
362,422,1.1378127344376
362,462,1.48538551817784
362,470,0.325357405319286
362,473,1.12951271074687
363,367,0.101440970889648
363,371,-0.626850376632555
363,373,-0.859776003828072
363,375,-0.162759691676719
363,379,0.299421720165136
363,400,-0.52989847609081
363,402,0.424355328100391
363,493,-0.206193257741951
364,370,0.081070140890694
364,371,-0.506602354126261
364,372,1.2474793244512
364,374,-0.616670543700857
364,375,-0.0425116691704251
364,379,0.41966974267143
364,409,0.700093932048259
364,433,1.32666707323074
364,468,-0.161704355794187
364,490,-0.181759900954369
365,372,0.626538649702648
365,375,-0.663452343918977
365,376,0.773074002870356
365,377,-1.07429972955721
365,378,-0.760486470915884
365,389,-0.45767338210484
365,393,-0.3551944211622
365,438,-0.516992840509314
365,446,-1.27381862430844
365,483,0.383851610872689
366,367,-0.0626086356148416
366,370,-0.20322748812009
366,371,-0.790899983137044
366,375,-0.326809298181209
366,376,1.10971704860812
366,377,-0.737656683819446
366,378,-0.423843425178116
366,405,0.825577605201944
366,427,-0.0107910321032163
366,428,0.180356602664783
366,441,0.374576414436899
367,368,-1.30884721996412
367,425,-0.521362783509117
367,464,-0.451070546671688
367,476,-1.04066131793321
368,369,1.58998873245633
368,371,0.580555872441918
368,375,1.04464655739775
368,376,2.48117290418709
368,377,0.633799171759516
368,381,1.41163594731606
368,460,0.378719490607952
369,370,-0.421760364997455
369,372,0.74464881856305
369,373,-1.24235848720993
369,374,-1.11950104958901
369,377,-0.956189560696812
369,378,-0.642376302055481
369,380,-0.552808425391684
369,382,-0.414237303352988
369,398,-0.253254814166023
369,444,-2.14607579378922
369,455,-0.499936437645964
369,485,-0.673125092300618
370,374,-0.697740684591551
370,376,1.31294453672821
370,377,-0.534429195699357
370,378,-0.220615937058026
370,383,0.416735267798453
370,424,0.82771807112435
370,449,0.361233063820621
370,490,-0.262830041845063
371,376,1.90061703174517
371,379,0.926272096797691
371,380,0.456624434622726
371,381,0.831080074874139
371,384,0.733817154372544
371,391,0.0802547694963681
371,442,1.71060311680441
371,454,-0.071144308537081
371,484,0.945769575291106
371,487,0.300551350147764
371,490,0.324842453171892
372,373,-1.98700730577298
372,379,-0.827809581779769
372,380,-1.29745724395473
372,403,-0.256064180423089
372,415,-0.407582953263264
372,425,-1.54715311456437
372,444,-2.89072461235227
372,480,-1.29630623444067
373,377,0.286168926513115
373,382,0.828121183856939
373,383,1.23733339001092
373,404,0.369794879390163
373,465,0.569009316377448
373,478,2.61478151866748
373,494,0.861044728766626
374,375,0.574158874530432
374,376,2.01068522131976
374,378,0.477124747533525
374,379,1.03634028637229
374,381,0.941148264448735
374,382,0.705263746236018
374,384,0.84388534394714
374,387,0.378522937674227
374,410,0.701161093678241
374,425,0.316996753587682
374,456,0.0795974838339265
374,466,-0.475339616443247
375,377,-0.410847385638238
375,378,-0.0970341269969068
375,381,0.366989389918304
375,385,-0.297004987861916
375,386,0.607238968117012
375,390,0.0586386214813797
375,412,0.725315224111874
375,418,-0.706167559687746
375,445,-0.0856160730460104
375,466,-1.04949849097368
376,379,-0.974344934947478
376,380,-1.44399259712244
376,381,-1.06953695687103
376,389,-1.2307473849752
376,404,-1.76374777955052
376,411,-0.588630469849227
376,442,-0.19001391494076
377,379,0.873028797480093
377,381,0.777836775556541
377,382,0.541952257343824
377,384,0.680573855054946
377,385,0.113842397776321
377,390,0.469486007119617
377,397,-0.9668164439947
377,419,0.924975768101293
377,440,0.484789472460965
378,379,0.559215538838762
378,380,0.0895678766637972
378,396,1.33276471495891
378,414,-0.17375353439727
378,453,0.950687904696558
378,459,-0.427730810350039
379,383,0.0781356660177167
379,389,-0.256402450027719
379,391,-0.846017327301323
379,430,0.190740248938776
379,434,0.160711624015525
379,495,0.323751272738702
379,497,-0.154366077898855
380,383,0.547783328192682
380,385,-0.289538737528807
380,387,-0.188169686523095
380,391,-0.376369665126358
380,392,0.625477783237022
380,393,0.315724173089887
380,404,-0.319755182428079
380,420,0.683412044931428
380,426,0.675381301040831
380,432,0.473061863527548
380,434,0.63035928619049
380,440,0.0814083371558375
380,460,-0.658460816456693
381,382,-0.235884518212717
381,385,-0.66399437778022
381,388,0.650039867749884
381,392,0.251022142985609
381,394,-0.0142808454513022
381,399,1.0940373257135
381,437,-0.906110733172855
381,468,-0.486182076542066
381,489,0.0424627572585945
381,499,-0.0897717188261744
382,384,0.138621597711122
382,385,-0.428109859567503
382,386,0.476134096411426
382,388,0.885924385962602
382,392,0.486906661198326
382,430,0.521816789075045
382,495,0.654827812874971
383,384,-0.270590608442864
383,394,-0.187608533392571
383,395,-0.0161953387064971
383,396,0.695413510102432
383,406,0.248552694597764
383,407,1.72519998014744
384,386,0.337512498700304
384,388,0.74730278825148
384,389,-0.0639475076025714
384,393,0.0385314533400691
384,395,0.254395269736367
384,430,0.383195191363923
384,433,1.09945227298446
384,479,1.4017199962741
384,487,-0.43326580422478
385,389,0.502783949676053
385,394,0.649713532328918
385,395,0.821126727014991
385,398,0.589092348754468
385,410,0.424007207009725
385,420,0.972950782460235
385,434,0.919898023719297
385,457,-0.294104762481645
385,464,0.110135103756595
385,498,1.76701172298545
386,391,-0.99107488357648
386,392,0.0107725647869006
386,399,0.853787747514787
386,415,0.275169072241349
386,467,-0.0637409246744476
387,388,1.21266519452439
387,390,0.254274558337584
387,392,0.813647469760117
387,393,0.503893859612982
387,394,0.548344481323206
387,396,1.43136652481821
387,398,0.487723297748757
387,419,0.70976431931926
387,442,1.44214836870478
387,446,-0.41473034353326
387,465,0.0676289410822998
388,390,-0.958390636186808
388,392,-0.399017724764275
388,398,-0.724941896775636
388,399,0.443997457963611
388,444,-2.61776287639883
388,474,-1.70675862481471
388,492,-0.880095820195428
389,390,-0.147140340332757
389,391,-0.589614877273604
389,393,0.102478960942641
389,396,1.02995162614787
389,399,1.25524775381766
389,400,-0.572917746228227
390,391,-0.442474536940847
390,396,1.17709196648062
390,397,-1.43630245111432
390,400,-0.42577740589547
390,403,0.975288191717157
390,488,0.15360738658822
391,392,1.00184744836338
391,395,0.907957654612543
391,397,-0.99382791417347
391,398,0.67592327635202
391,401,-1.01799708358618
391,402,0.970950935236578
391,403,1.417762728658
391,418,-0.322331644228278
391,470,-0.187641817979963
392,396,0.617719055058092
392,401,-2.01984453194956
392,404,-0.945232965665102
392,422,-0.37703393722503
392,447,-0.51824138347894
392,469,-0.211370115446836
393,397,-1.68592175238972
393,401,-1.71009092180243
393,404,-0.635479355517966
393,405,0.844128980626375
393,406,0.480611849700559
393,422,-0.0672803270778951
393,480,-0.314573163575821
394,395,0.171413194686074
394,396,0.883022043495003
394,398,-0.0606211835744493
394,405,0.799678358916151
394,406,0.436161227990335
394,410,-0.225706325319193
394,424,0.598591336718468
394,466,-1.40220703544068
395,398,-0.232034378260523
395,400,-0.891260523567165
395,401,-1.92595473819873
395,402,0.0629932806240352
395,421,-0.96754008918196
395,450,-1.14895637140505
395,497,-0.216306405210074
396,398,-0.943643227069453
396,406,-0.446860815504668
396,411,-0.387834711021899
396,412,-0.510415363850131
396,444,-2.83646420669265
397,399,2.83869054526474
397,405,2.53005073301609
397,407,3.64318088763995
397,408,0.666120884640153
397,426,2.04557888034066
397,427,1.69368209571093
397,440,1.45160591645567
397,468,1.25847114300918
397,483,2.4249677844246
397,486,0.833329982006092
398,402,0.295027658884558
398,404,-0.619308793653741
398,405,0.8602995424906
398,407,1.97342969711446
398,411,0.555808516047554
398,449,0.192727512989188
398,459,-0.816852298239497
398,500,0.704984486217315
399,400,-1.82816550004589
399,407,0.804490342375211
399,408,-2.17256966062458
399,410,-1.33402449648399
399,412,-0.735711491519925
399,432,-0.99543110243736
399,433,-0.091847973230629
399,461,-0.651155299637391
399,467,-0.917528672189234
399,479,0.21041975005901
400,403,1.40106559761263
400,404,0.0399173516529012
400,406,1.15600855687143
400,408,-0.344404160578695
400,411,1.2150346613542
400,439,0.475680651872487
401,409,2.14443860026433
401,413,1.66093683443351
401,414,1.13104533765147
401,424,2.35313288023112
401,446,0.791466718656186
401,447,1.50160314847062
401,468,1.28264031242189
402,403,0.446811793421426
402,408,-1.2986579647699
402,409,0.155490581441574
402,411,0.260780857162996
402,412,0.138200204334763
402,414,-0.857902681171287
402,450,-1.21194965202909
402,469,-0.180473602320034
402,500,0.409956827332757
403,404,-1.36114824595973
403,438,-0.887467309788874
403,444,-2.63466043192918
403,458,-0.881231393853693
403,473,-0.801249241210383
403,476,-1.81038746856538
403,492,-0.896993375725776
403,493,-1.07736037926377
404,405,1.47960833614434
404,410,0.454223651908998
404,412,1.05253665687306
404,413,0.586325268149046
404,414,0.0564337713670127
404,473,0.559899004749342
405,406,-0.363517130925816
405,409,-0.409781302164468
405,410,-1.02538468423534
405,411,-0.304491026443046
405,412,-0.427071679271279
405,413,-0.893283067995295
405,415,-0.269978863024791
405,416,-0.945763004286039
405,417,-1.78357223576386
405,418,-1.8585544630709
405,440,-1.07844481656042
405,467,-0.608888859940588
406,407,1.47664728554967
406,408,-1.50041271745012
406,410,-0.661867553309528
406,413,-0.529765937069479
406,414,-1.05965743385151
406,418,-1.49503733214508
406,428,-0.281703871611345
406,485,-0.91665268969938
407,410,-2.1385148388592
407,412,-1.54020183389514
407,413,-2.00641322261915
407,414,-2.53630471940119
407,415,-1.38310901764865
407,419,-1.75138867554395
407,420,-1.58957126340869
407,431,-2.93362605493739
407,487,-2.42905639281508
407,489,-1.85606491083011
408,411,1.55943882193289
408,412,1.43685816910466
408,414,0.440755283598609
408,415,1.59395098535115
408,416,0.918166844089899
408,427,1.02756121107078
408,442,1.95805537684136
408,460,0.0456158782029826
408,483,1.75884689978445
409,410,-0.615603382070875
409,413,-0.483501765830827
409,426,-0.0746905505109623
409,448,-0.759355479726665
409,474,-1.43233496836521
409,492,-0.605672163745924
410,411,0.720893657792297
410,412,0.598313004964065
410,413,0.132101616240048
410,417,-0.758187551528519
410,421,-0.570420569176694
410,435,-0.250168788204013
411,412,-0.122580652828232
411,413,-0.588792041552249
411,415,0.0345121634182553
411,416,-0.641271977842992
411,418,-1.55406343662785
411,423,-0.692091967064726
411,424,0.103404004245364
411,446,-1.45826215732957
411,453,0.0057579007595452
412,420,-0.0493694295135553
412,425,-0.982477345054624
412,427,-0.409296958033881
412,438,-0.578855720702211
412,443,-0.600038518915168
412,470,-1.2967929575513
412,500,0.271756622997993
413,414,-0.529891496782033
413,415,0.623304204970504
413,417,-0.890289167768567
413,422,-0.0181262397089749
413,423,-0.103299925512477
413,426,0.408811215319865
413,446,-0.869470115777322
413,460,-0.925030902177659
413,483,0.788200119403809
413,490,-0.398352067171801
414,415,1.15319570175254
414,418,-0.435379898293569
414,436,0.403884905770139
414,451,-0.910694022903394
414,475,-0.38294340972578
414,480,0.264472420575133
415,418,-1.58857560004611
415,423,-0.726604130482982
415,428,-0.37524213951237
416,417,-0.837809231477824
416,423,-0.050819989221734
416,424,0.744675982088356
416,433,1.16255484330406
416,444,-1.80735751782776
416,465,-0.334630894871019
416,481,-0.249870589544878
417,422,0.872162928059592
417,425,0.37402321143796
417,429,-7.47567781214407e-05
417,434,1.25407836823809
417,441,1.33257104499882
417,456,0.136623941684205
417,489,1.04063747955761
418,421,0.26274920965886
418,424,1.65746744087322
418,470,0.134689826248315
418,498,2.17617429481128
419,421,-0.95754673249194
419,426,0.153786668244667
419,429,-1.14538847162189
419,430,0.138793278317577
419,431,-1.18223737939344
419,442,0.732384049385518
419,487,-0.677667717271127
419,493,-0.557561948528287
420,431,-1.3440547915287
420,432,-0.21035018140388
420,463,-0.664967616799613
420,465,-0.803952790372223
420,472,-0.0069704366355845
420,492,-0.539012357125558
421,422,0.684395945707768
421,424,1.39471823121435
421,427,0.759436616106878
421,428,0.950584250874877
421,434,1.06631138588627
421,461,1.25328976602329
422,423,-0.0851736858035024
422,425,-0.498139716621632
422,426,0.42693745502884
422,435,-0.364144164735086
422,440,-0.167035508856154
422,493,-0.284411161744114
423,424,0.79549597131009
423,425,-0.41296603081813
423,427,0.160214356202613
423,429,-0.787063999034211
423,430,0.497117750905252
423,432,0.309791703319059
423,445,-0.24141998292139
423,449,0.32901096400636
423,454,-0.691038903368296
423,456,-0.650365300571885
423,463,-0.144825732076674
424,429,-1.5825599703443
424,432,-0.485704267991031
424,434,-0.32840684532809
424,435,-1.07446645024167
424,485,-1.07908279842751
425,428,0.764328021788741
425,429,-0.374097968216081
425,435,0.133995551886546
425,438,0.403621624352412
425,457,-0.333947629400811
425,495,1.04309480552331
426,428,-0.16074914986173
426,430,-0.0149933899270901
426,431,-1.3360240476381
426,434,-0.0450220148503415
426,439,-0.559373183249325
426,474,-1.35764441785424
426,484,-0.186236160372451
426,486,-1.21224889833457
426,491,0.0705108530790507
427,430,0.336903394702639
427,433,1.05316047632318
427,437,-0.855139609332544
427,489,0.0934338810989057
427,497,-0.0082029321349917
428,434,0.115727135011389
428,440,-0.433223814023264
428,441,0.194219811772116
428,442,0.739346531002582
428,458,-0.354470481501148
428,461,0.302705515148416
428,471,0.281792974933399
428,475,-1.16089697196595
428,479,1.16428056484482
429,431,-0.036848907771552
429,433,2.00043883156
429,435,0.508093520102627
429,437,0.0921387459042797
429,439,0.739801956617228
429,457,0.0401503388152703
430,431,-1.32103065771101
430,432,-0.187326047586193
430,440,-0.578979573957904
430,441,0.0484640518374757
430,467,-0.109423617338067
431,432,1.13370461012482
431,434,1.29100203278776
431,436,0.801206241306346
431,437,0.128987653675832
431,441,1.36949470954849
431,442,1.91462142877896
431,463,0.679087174729089
431,479,2.33955546262119
431,482,0.804864156187508
432,435,-0.588762182250643
432,457,-1.056705363538
432,476,-1.24205626856128
433,434,-0.746285706543789
433,437,-1.90830008565572
433,442,-0.122666310552597
433,443,-1.24390203720446
433,444,-2.96991236113181
433,445,-1.45479481544718
433,449,-0.884363868519429
433,457,-1.96028849274473
433,496,-0.257129163304857
433,497,-1.06136340845817
434,436,-0.489795791481417
434,437,-1.16201437911193
434,440,-0.548950949034652
434,443,-0.497616330660675
434,445,-0.708509108903391
434,446,-1.23325931624685
434,447,-0.523122886432408
434,490,-0.762141267641324
434,493,-0.666326601922612
435,436,0.256263813432167
435,438,0.269626072465867
435,439,0.231708436514601
435,440,0.197108655878932
435,442,1.36967900090478
435,443,0.24844327425291
435,444,-1.47756704967444
435,445,0.037550496010194
435,448,0.106416690548224
435,450,-0.501668063195775
435,451,-1.05831511524137
435,478,2.04093177557234
435,494,0.287194985671478
436,437,-0.672218587630514
436,446,-0.743463524765428
436,453,0.720556533323688
436,456,-0.627658635072468
436,477,-0.610643319261506
436,485,-0.260880161618006
437,439,0.647663210712948
437,441,1.24050705587266
437,444,-1.06161227547609
437,445,0.453505270208541
437,447,0.638891492679524
437,458,0.691816762599395
437,481,0.495874652806788
438,440,-0.0725174165869345
438,441,0.554926209208445
438,443,-0.0211827982129572
438,447,-0.0466893539846901
438,450,-0.771294135661642
438,479,1.52498696228115
438,494,0.0175689132056111
439,440,-0.0345997806356685
439,442,1.13797056439018
439,444,-1.70927548618904
439,448,-0.125291745966377
439,465,-0.236548863232301
439,484,0.373137022876874
440,443,0.0513346183739773
440,447,0.0258280626022444
440,452,0.461579400635738
440,479,1.59750437886808
441,442,0.545126719230466
441,444,-2.30211933134875
441,446,-1.31175199300757
441,449,-0.216570838736367
441,454,-1.23662070611102
442,443,-1.12123572665187
442,445,-1.33212850489458
442,446,-1.85687871223804
442,447,-1.1467422824236
442,497,-0.938697097905573
443,444,-1.72601032392735
443,446,-0.73564298558617
443,451,-1.30675838949428
443,455,-0.0798709677840947
443,456,-0.61983809589321
443,476,-0.901737360563549
444,445,1.51511754568463
444,450,0.975898986478662
444,453,2.45438739643029
444,455,1.64613935614325
445,446,-0.524750207343454
445,447,0.185386222470983
445,450,-0.539218559205969
445,452,0.621137560504476
445,455,0.131021810458621
445,458,0.238311492390853
446,449,1.09518115427121
446,450,-0.0144683518625143
446,456,0.115804889692959
446,458,0.763061699734308
446,465,0.48235928461556
446,467,1.15386432383203
446,469,1.01700769784654
447,448,-0.116520027932953
447,451,-1.28125183372254
447,460,-0.765697216214775
447,475,-0.753501220544929
447,482,0.0369850098321527
448,449,0.501564752389721
448,455,0.0621556159205913
448,457,-0.57435987183558
448,458,0.169445297852824
448,459,-0.508015058838965
448,490,-0.122498353275963
448,492,0.153683315980741
449,452,0.0507066135767255
449,455,-0.43940913646913
449,460,-1.15074194067154
449,461,0.325056542112667
450,453,1.47848840995163
450,454,0.0895996387590625
450,455,0.67024036966459
450,458,0.777530051596822
450,460,-0.0410924345378234
451,456,0.686920293601065
451,457,0.590371933954009
451,500,2.17855353140744
452,453,0.318132290241186
452,455,-0.490115750045855
452,458,-0.382826068113623
452,459,-1.06028642480541
452,462,0.0530288919606599
452,480,-0.541836728277509
453,454,-1.38888877119257
453,456,-1.34821516839616
453,459,-1.3784187150466
453,461,-0.0437823617052441
453,465,-0.981660773473556
453,473,-0.620976205711498
453,489,-0.444201630522753
453,495,-0.0677210931190938
454,459,0.0104700561459711
454,461,1.34510640948732
454,462,1.12378537291204
454,463,0.546213171291622
454,464,0.348365109387596
454,466,-0.514263497480762
455,456,-0.539967128109116
455,461,0.764465678581797
455,462,0.543144642006515
455,465,-0.173412733186515
455,466,-1.09490422838629
455,467,0.498092306029954
455,468,-0.164598424036372
455,478,1.87235946910352
455,491,0.693020166374162
456,459,-0.0302035466504401
456,466,-0.554937100277173
456,469,0.901202808153582
457,458,0.743805169688404
457,459,0.0663448129966156
457,463,0.602087928142267
457,467,1.13460779378613
457,469,0.997751167800637
457,470,0.0196320169041304
457,473,0.823787322331714
458,459,-0.677460356691789
458,463,-0.141717241546137
458,467,0.390802624097721
458,470,-0.724173152784274
458,486,-0.69702926697169
459,461,1.33463635334135
459,464,0.337895053241624
459,465,0.396757941573041
459,466,-0.524733553626733
459,468,0.405572250723183
459,469,0.931406354804022
460,473,0.898604638777955
460,480,0.659611825970759
460,484,1.14760595712507
461,463,-0.798893238195701
461,464,-0.996741300099728
461,466,-1.85936990696809
461,470,-1.38134914943384
461,471,-0.0209125402150165
462,472,0.0804249785436082
462,474,-1.27827974656565
462,478,1.32921482709701
462,492,-0.451616941946365
462,497,-0.280735045476125
463,464,-0.197848061904027
463,465,-0.138985173572611
463,467,0.532519865643859
463,473,0.221699394189447
463,476,-0.787438833165549
463,481,-0.0542248682464698
464,470,-0.38460784933411
464,472,0.855845242068055
464,477,-0.290676190780222
465,466,-0.921491495199773
465,469,0.534648413230981
465,476,-0.648453659592938
465,478,2.04577220229004
466,474,0.359769123827157
466,475,0.395767419853722
466,476,0.273037835606835
466,477,0.571952416088136
466,478,2.96726369748981
466,494,1.21352690758895
467,469,-0.136856625985488
467,475,-1.19722911456252
467,476,-1.31995869880941
467,477,-1.02104411832811
467,488,-0.331252035372965
468,474,-0.570536680522759
468,475,-0.534538384496195
468,476,-0.657267968743081
468,478,2.03695789313989
468,480,0.112877445804718
468,481,0.0759459961759979
468,487,-0.0443466481843096
469,473,-0.173963845468923
469,475,-1.06037248857703
469,480,-0.41295665827612
469,490,-0.54588964924102
470,474,-0.118251633707091
470,476,-0.204982921927413
470,477,0.0939316585538877
470,479,2.24292419913024
470,482,0.708232892696556
470,483,1.6187816882311
471,472,-0.119983517816657
471,475,-1.44268994689935
471,479,0.882487589911418
471,483,0.258345079012275
471,486,-1.33329272340624
472,474,-1.35870472510925
472,475,-1.32270642908269
472,480,-0.675290598781777
472,481,-0.712222048410498
472,499,-0.391757686870605
473,474,-0.922406939134674
473,476,-1.009138227355
473,478,1.68508763452798
473,480,-0.238992812807197
473,484,0.249001318347118
473,485,-0.360460489230197
474,476,-0.0867312882203222
474,481,0.646482676698757
474,487,0.52619003233845
475,476,-0.122729584246887
475,478,2.57149627763609
475,479,2.32517753681077
475,480,0.647415830300913
475,482,0.790486230377082
475,484,1.13540996145523
475,486,0.10939722349311
475,487,0.490191736311885
475,488,0.865977079189556
475,497,0.961546405062957
476,478,2.69422586188298
476,480,0.7701454145478
476,484,1.25813954570211
476,492,0.913394092839604
476,493,0.733027089301612
477,478,2.39531128140167
477,482,0.614301234142668
477,483,1.52485002967721
477,485,0.349763157643499
477,486,-0.0667877727413035
477,489,0.886998222062441
477,490,0.338297843101599
478,481,-1.9610118969639
478,483,-0.870461251724466
478,486,-2.46209905414298
478,487,-2.0813045413242
478,496,-0.80571562741982
479,482,-1.53469130643368
479,485,-1.79922938293285
479,488,-1.45920045762121
479,490,-1.81069469747475
479,492,-1.53451302821805
479,500,-0.674374618580942
480,481,-0.0369314496287204
480,483,1.05361919561071
480,485,-0.121467676423
480,486,-0.538018606807803
480,488,0.218561248888643
480,490,-0.1329329909649
480,491,0.744741144605816
480,493,-0.0371183252461881
481,482,0.180001849704889
481,488,0.255492698517363
481,490,-0.0960015413361798
481,491,0.781672594234536
482,483,0.910548795534541
482,485,-0.264538076499169
482,487,-0.300294494065197
482,488,0.0754908488124743
482,494,0.0272732573581485
482,495,0.649177525323433
482,500,0.860316687852742
483,484,-0.565625064456396
483,488,-0.835057946722067
483,490,-1.18655218657561
483,492,-0.910370517318906
483,494,-0.883275538176393
483,495,-0.261371270211109
484,495,0.304253794245287
485,486,-0.416550930384803
485,487,-0.0357564175660279
485,491,0.866208821028816
485,495,0.913715601822601
485,496,1.23983249633836
486,488,0.756579855696446
486,492,0.681267285099607
486,495,1.3302665322074
486,497,0.852149181569847
487,490,0.0242911030241277
487,499,0.440757005900201
488,490,-0.351494239853543
488,494,-0.0482175914543258
488,500,0.784825839040268
489,495,0.376480537403659
489,496,0.702597431919414
489,497,-0.101636813233897
490,495,0.925180916364501
490,500,1.13632007889381
491,500,0.258645943323095
492,496,0.975116141623552
492,500,0.860138409637107
493,498,1.51344030118877
493,499,0.320651237157361
494,495,0.621904267965284
494,496,0.948021162481039
494,499,0.113189254476856
495,498,0.684074050542979
497,500,0.689256513166866
