node1,node2,flow
1,2,-0.131427422264869
1,4,-0.0155160276088782
1,12,-0.361423077177119
1,13,-0.127303450942582
1,127,-0.551152232984323
1,376,-0.263726014207681
1,379,-0.249254393255897
1,473,-0.292796385535341
1,503,0.0997365813917172
1,625,-0.346599350552901
1,646,0.155301326690062
1,741,0.156702293671456
1,903,-0.288088473913438
1,986,0.153831846365405
1,1040,0.190162292584979
1,1101,0.597908502603255
1,1145,-0.411630440184648
1,1483,-0.480071356633174
1,1488,0.174678217649635
1,1521,0.183745046167329
1,1548,-0.221623290202263
1,1583,-0.207516864169771
1,1636,-0.637531329265007
1,1803,-0.303264731137816
1,1949,-0.182782080208869
1,1990,-0.0292594282040888
1,1992,-0.560187614236131
1,1997,-0.0970563078512961
1,2000,0.177842228310798
2,8,-0.11617418980893
2,10,-0.0290155823981652
2,11,-0.185856944712124
2,13,0.0022828457383253
2,67,-0.240167088696337
2,237,-0.246905123227145
2,262,0.227868067559368
2,305,-0.0409280240021459
2,583,0.0921220709710526
2,678,0.0997919170338481
2,686,0.218328735232148
2,688,0.108547676224481
2,776,0.422348595035209
2,921,-0.452428421916013
2,984,-0.588862936284383
2,1399,0.0971182768412678
2,1468,0.0788688807301348
2,1536,-0.342076711128702
2,1682,0.261085290733704
2,1852,-0.141617676574766
2,1936,-0.1500845609577
2,1996,0.0833707637447814
2,1997,0.0397301465108216
2,1998,-0.0746683473244057
3,7,0.190595964601345
3,8,0.298523745175629
3,265,0.765106220398634
3,343,0.448447884054684
3,375,0.350908724065397
3,444,0.382407987845323
3,471,0.432017397616557
3,549,0.312054053116942
3,750,0.260865259946662
3,753,1.53782076258212
3,788,0.024446561848771
3,836,-0.0707188746948701
3,873,0.734854380793521
3,911,0.420470741479935
3,1015,0.522030395834674
3,1096,-0.212311182874331
3,1289,-0.148757859912219
3,1364,0.710742945642497
3,1465,0.656659477913776
3,1473,0.804794804141358
3,1669,0.551467117735624
3,1873,-0.0094500622908337
3,1906,0.373126754764063
3,1991,0.313854840174603
3,1992,-0.0311504945027069
3,1993,0.31969143488128
3,1995,0.973688010884276
3,1999,0.686890400979355
4,7,-0.410386497695163
4,11,-0.321092572574045
4,12,-0.385208521499056
4,38,-0.113731804024217
4,419,-0.27213982920904
4,492,0.204163709234986
4,589,0.0354498894429211
4,843,-0.0147316777924505
4,859,-0.628461651674621
4,965,-0.0312264038080568
4,985,0.41383460236627
4,1114,-0.380867217385
4,1318,-0.572669421517136
4,1329,-0.338440819273786
4,1443,-0.564353163415399
4,1479,0.208404121367363
4,1816,-0.0086548153379614
4,1991,-0.233670433497753
4,1992,-0.612877496955986
4,2000,0.213947420757336
5,8,-0.649402541031027
5,9,-0.324775135542033
5,12,-0.778571741551946
5,13,-0.518978205549118
5,17,-1.00382388868069
5,121,-0.700587923012157
5,122,-0.328228025825248
5,332,-0.373532284345199
5,396,-0.213850823186439
5,475,-0.942276216155483
5,608,-0.254481056130568
5,671,-1.0607556375489
5,809,-0.780637010997395
5,909,-0.54285612651641
5,996,-0.617695695213081
5,1021,-0.0009227197506054
5,1187,-0.63393025831024
5,1364,-0.214980440277604
5,1380,-0.534875821095066
5,1478,-1.08139539862746
5,1763,-0.656861288165251
5,1800,-0.0136794889947409
5,1961,-0.607290393470169
5,1994,-0.670562141218214
5,1995,0.0320245466333637
5,1996,-0.482690398368029
6,7,0.060017172388479
6,8,0.177181719453485
6,11,0.0981449696038099
6,15,0.0242669769818972
6,16,0.242052913607017
6,19,0.0900667681706438
6,116,0.280978841567375
6,334,0.451184636887741
6,345,-0.0709809514807361
6,372,0.28719795416991
6,557,0.34482186217301
6,664,0.269254682654164
6,677,-0.053541583924708
6,991,0.229736662717679
6,1311,0.0773341655594689
6,1576,0.040573271513275
6,1616,0.529879219219496
6,1804,0.745536500029627
6,1820,0.096990885641779
6,1828,0.370174510303487
6,1848,0.537899850765275
6,1900,0.0917500575472686
6,1995,0.860114255062585
6,1996,0.390372178203068
6,1997,0.337613099444093
6,1999,0.564904496643158
6,2000,0.607569677423517
7,9,0.467709154795161
7,18,0.784955259564298
7,272,0.338444429212572
7,583,0.336608549627018
7,652,0.0605732530030348
7,660,-0.526143324709689
7,688,0.366009911432227
7,779,0.540985419907485
7,1091,-0.0681533997907773
7,1341,0.173911571499753
7,1378,-0.0085090629491608
7,1556,0.197835537060806
7,1751,0.125619345982528
7,1782,0.711885657929192
7,1863,0.239159817405878
7,1914,0.276709368105318
7,1942,0.1948539714755
7,1999,0.551967588836559
8,16,0.0626357451195782
8,20,0.121481324611806
8,24,0.11961699856488
8,79,-0.245984435156549
8,98,0.15771140517377
8,213,-0.256364573367294
8,501,0.32956571857242
8,652,-0.0714072139694916
8,671,-0.369884849364576
8,688,0.223318744579976
8,764,0.262819273598753
8,992,0.244125667046949
8,1004,-0.216240595509439
8,1118,-0.290813941253906
8,1250,0.0081140859821772
8,1367,0.119460145299958
8,1544,-0.0811690708763517
8,1856,0.463749843066745
8,1887,0.401452435166367
8,1996,0.205772287577185
8,1997,0.158887296287295
9,11,-0.38165634075905
9,15,-0.456330528119414
9,17,-0.683395601281856
9,19,-0.437146091221653
9,74,-0.506526008319803
9,440,0.208125439282303
9,526,0.410043090870551
9,570,0.149641257135602
9,622,0.0043589194290983
9,773,-0.0980419638727361
9,779,0.0874559184628024
9,990,-0.379874261858526
9,994,0.238637253017967
9,1126,-1.09117086822305
9,1237,-0.121767787545846
9,1426,-0.771392602018531
9,1549,-0.243551366746214
9,1757,0.236333262723085
9,1853,0.0579240365831688
9,1862,-0.045016452029649
9,1993,-0.305988225066087
9,1997,-0.171377882876398
9,1998,-0.263336970934978
9,1999,0.0516689518362451
10,15,-0.24393618967024
10,16,-0.0260986554759187
10,25,-0.240401592302083
10,325,-0.143241654543402
10,361,0.0667072519706579
10,571,0.323523999625628
10,583,0.123988570833433
10,776,0.468243627123921
10,791,-0.422298380477237
10,794,-0.242644526242315
10,805,-0.0811633119264447
10,866,-0.277546518587963
10,873,0.401557304241138
10,986,0.346181970253389
10,1233,-0.313784312959468
10,1392,0.119559163317619
10,1547,-0.156727540936087
10,1681,-0.343531659930324
10,1800,0.532806898415444
10,1901,-0.144422989897796
10,1999,0.31075649842622
11,22,0.241492722406345
11,24,0.187534167254689
11,106,0.36999326284128
11,281,-0.202818285886851
11,486,-0.182516959419461
11,635,0.0165622375894882
11,677,-0.155636380943774
11,689,0.546366520484785
11,825,-0.152162623075092
11,847,-0.354655621765414
11,881,0.434345436803436
11,998,0.502395585094132
11,1088,0.206579006969355
11,1130,0.699926275347247
11,1205,-0.201621159121094
11,1279,0.593499055445928
11,1353,0.143039903482018
11,1408,-0.084634988260976
11,1410,0.218081446499401
11,1435,0.221993030107754
11,1638,-0.320523912676183
11,1912,0.132118331052217
11,1922,0.0257785309330571
11,1999,0.451907845116588
12,13,0.236421451406249
12,15,-0.0337042612474901
12,16,0.189730877325637
12,17,-0.262296937856962
12,19,0.0257371803498637
12,22,0.297430886046831
12,137,0.194388039668875
12,210,0.412298510704749
12,357,-0.0819671340766146
12,381,-0.113196622770166
12,531,0.0462821111866383
12,637,0.0603900326814976
12,722,0.102948060030077
12,892,0.45147623890772
12,932,0.303932511779246
12,991,0.181795421709314
12,1103,-0.0880944076771215
12,1160,0.431707376444645
12,1786,0.243681957756282
12,1832,-0.0728749118564544
12,1858,-0.0101181564539751
13,14,0.45852656694302
13,15,-0.256311177767512
13,17,-0.478298477117549
13,18,0.476504793939455
13,21,0.187322153031751
13,24,-4.04228146819452e-05
13,25,-0.249726731788201
13,26,-0.454118176131898
13,93,0.0114511634428285
13,174,-0.209113464036282
13,310,-0.378939103293164
13,343,0.0420785516977341
13,583,0.0886011237954007
13,664,-0.0236321753250521
13,676,-0.119160294018669
13,1036,-0.506046702257823
13,1080,-0.152007426892105
13,1444,-0.311645908864106
13,1557,-0.247552864800397
13,1562,-0.396536937397899
13,1574,0.186199208965732
13,1734,-0.0963785027064122
13,1877,-0.16874994916806
14,20,-0.527501034572441
14,67,-0.696354863784379
14,231,-0.75949955940627
14,273,-0.37639210226822
14,402,-0.601391546434036
14,554,-0.764951696357635
14,581,0.0555832959459227
14,698,-0.131390311631864
14,820,-0.51647666645577
14,910,-0.688123661897971
14,977,-0.591767166044511
14,1004,-0.83516111743051
14,1019,-0.426646271269321
14,1128,-0.837083368292303
14,1250,-0.570236765305175
14,1722,-0.398865443968401
14,1817,-0.440870280404978
14,1862,-0.303337660530601
14,1873,-0.873730735444621
14,1889,-0.714836241571628
14,1969,-0.529734853601897
14,1975,-0.783646266653194
15,26,-0.194947879537852
15,53,0.0184646679902629
15,83,-0.063650003928738
15,93,0.274824332383903
15,265,0.626588388381154
15,325,0.0840766752721557
15,413,0.304104034845411
15,465,0.776350028277846
15,643,-0.057624849731562
15,686,0.468270206675474
15,761,-0.112391176039277
15,820,0.252401726078906
15,823,-0.368064425368211
15,838,0.191587499716414
15,1146,0.468727852685211
15,1262,0.284565165796801
15,1376,0.190043736018071
15,1383,0.74599375414794
15,1416,-0.302995727625491
15,1448,0.0997319927206304
15,1485,0.546841060807576
15,1725,0.196815383495706
15,1843,0.0703389216470895
16,23,0.257126492689363
16,26,-0.42156025848753
16,27,0.0376481952849224
16,29,-0.336953251111759
16,96,-0.704219412291508
16,103,0.019702675329253
16,204,0.199741781795518
16,244,0.51247593744846
16,397,0.059442186150325
16,546,-0.41268586382648
16,580,-0.511727562781327
16,911,0.0964466662570146
16,1053,-0.726858155458495
16,1064,0.349721573437681
16,1408,-0.213040758571359
16,1544,-0.141625496925881
16,1590,-0.237865916778638
16,1647,-0.159185925788273
16,1732,-0.0930013875700378
17,19,0.300064241184695
17,22,0.530690971760609
17,24,0.491606860223415
17,25,0.23511895134337
17,28,0.864591913205786
17,30,0.506358949740842
17,116,0.47011963697642
17,357,0.162962960697759
17,731,0.603265659722015
17,855,0.106519476497172
17,1027,0.417621678004411
17,1098,0.0165241435530292
17,1109,0.304721337409655
17,1177,0.444841326301745
17,1204,0.384469416239035
17,1253,0.263434246543809
17,1304,0.400411076253628
17,1483,0.101219830056332
17,1505,0.666971826045625
17,1525,0.671081747658192
17,1542,0.920048603829747
17,1621,0.830612161629402
17,1966,0.372911815911817
18,19,-0.753296093924204
18,21,-0.275982412789749
18,29,-0.867483926199825
18,31,-0.581912318898444
18,65,-0.466759340030599
18,422,-0.843620812003825
18,443,-0.658411448953402
18,517,-0.190069374854055
18,520,-0.486667278797872
18,536,-0.566877059479439
18,558,-0.573528917417585
18,721,-0.161874660754427
18,847,-1.07426845358718
18,885,-0.831535461066623
18,927,-0.0879577914032912
18,1038,-0.9207162016019
18,1174,-0.407246506701362
18,1197,-1.01555201859483
18,1501,-0.690942736752238
18,1703,-0.899765009612186
18,1964,-0.640978480074485
18,1989,-0.252242010399894
19,20,0.242163033463998
19,21,0.420142608818492
19,25,-0.0529547228027585
19,30,0.243065948004396
19,32,-0.146275675754193
19,47,0.218036883568346
19,59,0.405282276167938
19,576,0.564305909661415
19,594,-0.125866782637816
19,622,0.450668483894697
19,801,0.213827448015626
19,870,0.141841467431494
19,1203,0.526674540329623
19,1207,0.165919274043847
19,1594,-0.0092938992346406
19,1897,0.133739392067092
20,22,0.0803553953648095
20,23,0.216610591568658
20,27,-0.0141015590233406
20,38,0.0132925398275612
20,111,-0.283924996886339
20,283,-0.0316836023897625
20,451,-0.190706496647223
20,515,-0.674770844557034
20,664,-0.0154906524632482
20,704,0.499605411461625
20,974,-0.480554683004605
20,1097,-0.188741408705456
20,1313,0.354442746825331
20,1396,0.0543930240741253
20,1704,-0.195251844315086
20,1780,-0.525581115690763
21,22,-0.119139248386826
21,23,-0.0005795250115187
21,32,-0.531724039608126
21,33,0.243654682664533
21,34,-0.130006961101732
21,139,-0.401962452708418
21,161,-0.0197857941963293
21,177,-0.313499272536914
21,195,-0.313859751236992
21,211,-0.274673441588771
21,216,-0.693815584576618
21,230,-0.206813513566933
21,405,-0.240293963920433
21,903,-0.350511755326028
21,1046,-0.56172697364279
21,1053,-0.922458808276647
21,1057,-0.209483376074769
21,1166,0.179954827528803
21,1242,-0.166467625012025
21,1370,-0.337591830148676
21,1375,0.280342026548413
21,1436,-0.379916664439035
21,1631,0.1882145678829
21,1682,0.0658037371548437
21,1951,-0.447169949023017
22,23,0.120087238295715
22,28,0.263293311099577
22,32,-0.40202630167901
22,34,-0.0077378451192188
22,50,-0.171803902834383
22,431,-0.738384860265871
22,541,0.0401488786404311
22,733,-0.367708825176504
22,780,0.073911879156884
22,868,-0.454496405667942
22,896,-0.412854474578465
22,965,0.0214306790975193
22,1023,0.147777333860076
22,1071,-0.350727976043146
22,1272,-0.507243892738108
22,1303,-0.16325444726866
22,1374,0.110629614190343
22,1391,0.346027877279018
22,1559,-0.226634443242755
22,1611,-0.0158587017508296
22,1631,0.307635331576441
22,1646,-0.092927904724396
22,1741,-0.220357346032359
22,1750,0.152554879351687
23,24,-0.192847771259353
23,25,-0.440435935606145
23,28,0.140795309727577
23,168,0.0163040106968892
23,301,-0.277489692764331
23,449,-0.181680036177699
23,522,0.405820121125026
23,566,-0.291104714534085
23,628,-0.822944153686734
23,801,-0.192705583219605
23,818,-0.0008752263676659
23,842,0.0035782427048537
23,942,-0.311394665295205
23,1216,-0.597487705201974
23,1245,0.211302165387099
23,1255,0.0410994567579113
23,1313,0.128061735301017
23,1438,0.0985209588258291
23,1447,-0.499411289396575
23,1611,-0.139319236175126
23,1805,-0.726677015562809
23,1867,-0.547486454766052
23,1961,-0.266691974173998
24,26,-0.466887772721343
24,27,-0.0228666222456729
24,30,0.0141814696652351
24,31,-0.090448463425178
24,36,0.222707148909867
24,567,-0.138080637082407
24,675,0.0507158131063496
24,747,-0.148739481231608
24,751,-0.544376332909283
24,830,-0.442091107824486
24,849,-0.0338699960282695
24,900,-0.0007605479672107
24,998,0.330270630366588
24,1016,-0.77133812342183
24,1096,-0.598881682413963
24,1157,0.31598541892881
24,1183,-0.048348213315598
24,1275,-0.214993567258133
24,1343,0.195690880441508
24,1404,-0.360707622852878
25,27,0.241184516048354
25,33,0.706152162527732
25,34,0.307620867031758
25,101,0.417139151094322
25,183,0.278157793126101
25,185,0.363119625693755
25,250,0.372601874574375
25,270,0.30252200598589
25,373,0.51245273417386
25,639,0.792048682248853
25,760,-0.0221268735443228
25,786,0.387387248056091
25,844,0.060545862792164
25,857,0.55208351455082
25,870,0.172903866174072
25,1207,0.199538207693088
25,1214,0.791976691691099
25,1487,0.650586301869055
25,1667,-0.0774406776534744
25,1800,0.707375405274419
25,1823,0.200637812539391
26,27,0.452853236291515
26,28,0.834334491041369
26,34,0.511433368061917
26,38,0.452576971052084
26,39,0.556753959804468
26,41,0.287263753123738
26,71,0.396659766308281
26,87,0.540528512191406
26,110,0.577812863667159
26,118,0.906670429232125
26,141,0.286646234221854
26,245,0.787779995404213
26,343,0.502246507780308
26,495,0.400337037782461
26,536,0.368831800778989
26,575,0.5353404374732
26,621,0.517046693776299
26,666,0.262728218522288
26,1034,0.322572727679124
26,1124,0.699659621522828
26,1407,0.345193144790279
26,1724,0.61218652120409
26,1726,0.32856737430306
26,1812,0.495492966904954
27,36,0.252547617219953
27,141,-0.12557761167195
27,281,-0.37461283994561
27,296,0.0505805954265308
27,486,-0.357984288515041
27,699,-0.583337051145188
27,728,-0.413855437931518
27,989,0.0401675912017239
27,1241,0.220731168962481
27,1264,-0.176734087928661
27,1382,0.322368269111068
27,1397,0.0762570590360603
27,1498,0.175282668903381
27,1507,0.29330776273981
27,1538,-0.0133799430990697
27,1649,-0.0082057546922583
27,1786,0.0227937277458826
27,1885,-0.0005059224962395
27,1910,-0.0532388601667648
28,30,-0.339108810183352
28,32,-0.728450433941941
28,34,-0.283325911312301
28,39,-0.195965295467353
28,63,-0.538304090313497
28,531,-0.53469563115086
28,643,-0.726004516550536
28,1082,-0.462899991915966
28,1109,-0.555734421492012
28,1186,0.101869023573472
28,1197,-0.906830306850236
28,1471,-0.577576817880967
28,1503,-0.946385528856388
28,1543,-0.50197103972701
28,1551,-0.518886464923335
28,1678,-0.498447510489638
28,1832,-0.658704873737228
29,31,0.298775533859307
29,32,0.0409955713211213
29,33,0.826826260184525
29,36,0.641731246531227
29,71,0.321568683292553
29,158,-0.277993118789348
29,221,0.636708688331691
29,284,0.166614413620094
29,330,0.184770943066239
29,537,-0.145414679094721
29,543,0.498001943873638
29,559,0.645317957479934
29,705,0.339623220626891
29,720,0.504807195922847
29,734,0.585770993312843
29,737,0.788949930295169
29,970,0.492536107838435
29,1029,0.658773597247924
29,1059,0.823786722946929
29,1169,-0.15041780664984
29,1392,0.457073924862456
29,1536,0.078439752010511
29,1540,0.32719666029646
29,1622,-0.391128786369872
29,1791,0.304162796009729
30,33,0.43964865703701
30,34,0.0434882414577331
30,35,-0.0293881975426578
30,38,-0.0059622134304204
30,43,-0.298309729490168
30,65,-0.0394161500538301
30,73,-0.131681797151105
30,143,-0.236157765470002
30,146,0.213410251063827
30,403,0.666731407210662
30,541,0.10191339628182
30,683,-0.318346500605183
30,866,-0.312274983995533
30,1188,0.0208167828498505
30,1356,-0.13779462984238
30,1530,-0.115874287177035
30,1560,0.201018406020361
30,1606,-0.703146959963004
30,1614,-0.422121741617083
30,1960,0.182836447308869
30,1961,-0.0913831764856818
31,34,0.144786470486166
31,37,0.224499111334619
31,40,0.357003334883515
31,200,-0.309889873735949
31,241,0.20946707951521
31,506,-0.657204255005316
31,569,-0.319249474805893
31,934,-0.120621257671861
31,943,0.0770504363366021
31,1068,-0.183817980041554
31,1149,-0.242710441177339
31,1162,0.87242425371923
31,1173,0.0694278264651474
31,1315,0.443056791520483
31,1333,0.192577688039353
31,1498,0.246163842207423
31,1537,0.198176346091851
31,1547,-0.0908627752234845
31,1555,0.185357919029875
31,1558,-0.0357789878533781
31,1632,0.420208489494726
31,1910,0.0159489660751386
32,33,0.808001303946657
32,35,0.371891549546981
32,39,0.456871378344883
32,41,0.15852578998346
32,42,0.276104108787402
32,43,0.0563956855047437
32,61,-0.155219074945077
32,397,0.323832705323144
32,437,0.519641303478668
32,482,-0.175870615886055
32,504,-0.395348092558338
32,1002,0.288578297036995
32,1088,0.371698652697716
32,1153,-0.336891138809368
32,1207,0.293642341873092
32,1389,0.425949781347376
32,1407,0.224070574101144
32,1583,0.289783914444532
32,1757,0.772491395940809
32,1850,0.350427598665997
33,34,-0.383264255839052
33,36,-0.274893639532269
33,39,-0.298753958705818
33,40,-0.171047391441704
33,41,-0.686306395584254
33,45,-0.347163063289469
33,127,-0.887230736210464
33,199,-0.368223777624223
33,438,-0.50806062099769
33,482,-0.922153097078073
33,574,-0.603119799047233
33,812,-0.788925506162665
33,1195,-0.429117499601918
33,1197,-0.971206144398101
33,1302,-0.696949649395273
33,1328,-0.197987491524526
33,1532,-1.16170787906538
33,1543,-0.58360116147108
33,1795,-0.822817329153908
33,1970,-0.909588492833491
34,43,-0.333461056904615
34,45,0.0230114652427946
34,47,-0.0781855117784004
34,75,-0.0274885048493821
34,164,0.11840760513202
34,215,0.546997354302359
34,216,-0.574858335790069
34,261,-0.123692759602058
34,351,-0.242275565138783
34,630,-0.325274422628246
34,937,0.297910986951998
34,947,-0.159245758222192
34,996,-0.171217569542209
34,1119,0.444711691520829
34,1210,-0.417804298986392
34,1527,-0.0002868053955227
34,1815,0.0068874329374176
34,1824,-0.543239171487096
34,1928,0.139833118105398
35,40,0.306855531526527
35,176,-0.0893457458168218
35,492,0.338651614307888
35,596,-0.288525859573622
35,663,0.463382470293194
35,758,-0.102458498383771
35,968,0.401826678561519
35,969,-0.177211853890486
35,1149,-0.351373764600063
35,1160,0.217674141255983
35,1299,0.277255044904497
35,1497,-0.0625716261338434
35,1538,-0.02860384884975
35,1549,-0.02876836119507
35,1633,-0.0918773756214198
35,1795,-0.386599286350709
35,1929,0.0547108110787146
36,37,-0.0908826237304251
36,40,0.074666722181598
36,42,-0.338172023915495
36,44,-0.0708428044700763
36,46,-0.315513110268058
36,113,-0.31107254240583
36,205,-0.469223693934306
36,355,-0.489077647997674
36,580,-0.818714421137476
36,895,-0.252473769830607
36,1156,-0.68477715307192
36,1524,0.174079745540024
36,1841,-0.392036022109919
36,1891,-0.0510270482685992
36,1984,-0.998788602743107
37,39,0.0043555848856756
37,41,-0.352977052401185
37,45,-0.0405341353873259
37,48,-0.426370516468863
37,49,-0.323886596764061
37,83,-0.456457007535321
37,160,-0.328800481735704
37,427,-0.26078112182647
37,469,-0.10092786100557
37,563,-0.132694704031455
37,586,-0.295478440447212
37,801,-0.134525238086335
37,861,-0.591909321806223
37,942,-0.259065310715414
37,1014,0.551602236144428
37,1217,-0.0820948383166628
37,1295,-0.195689866457859
37,1404,-0.508756800549956
37,1522,0.592507381625931
37,1560,0.0861333408524747
37,1748,0.0269824855763085
38,40,0.247712801378385
38,43,-0.27983145787679
38,44,0.115661428755917
38,48,-0.282202337163412
38,94,0.39684973949958
38,354,0.276917548955759
38,415,-0.312575909252895
38,457,-0.0272977412336094
38,560,0.420613464366536
38,704,0.415716611915344
38,829,-0.420201981117179
38,876,-0.21096317140695
38,937,0.337470415635938
38,1132,-0.212897357437653
38,1359,0.435868479682132
38,1410,0.014380316002498
38,1426,-0.555778587856426
38,1466,-0.195571041056946
38,1474,0.277822073994075
38,1538,-0.0412056801461003
38,1593,-0.151063408453847
38,1691,0.419303460002276
38,1698,0.13877468883607
38,1904,0.126865051164392
38,1981,0.442022487585241
39,40,0.132809404639931
39,42,-0.217107731319994
39,44,0.0018438936638842
39,49,-0.299795270684968
39,52,-0.317368284201753
39,247,-0.414443866138235
39,261,-0.187362943145979
39,279,-0.14228562001296
39,479,0.487980620205347
39,602,0.247904018872803
39,785,0.0051201531963482
39,846,-0.489251816385752
39,867,-0.681402134164151
39,899,0.0702439631016891
39,962,0.279515780109893
39,1050,-0.241211987170192
39,1098,-0.575878231522595
39,1114,-0.349715616480124
39,1169,-0.634275238964141
39,1452,-0.633801175014705
39,1574,0.047756865462529
39,1712,-0.260950864367334
39,1742,-0.142920878436985
39,1745,-0.473321323711295
39,1754,-0.298558496397949
40,41,-0.485713003534731
40,43,-0.536869820603468
40,46,-0.344794239862076
40,51,-0.466223760321371
40,52,-0.463460547754927
40,54,-0.284253683801969
40,296,-0.223323482124504
40,746,-0.15782306768543
40,952,0.0205291848678554
40,983,-0.371615798434971
40,985,0.227819429006746
40,1016,-1.00811564382392
40,1092,-0.0745672300193797
40,1205,-0.658823243158475
40,1313,0.0562844199330409
40,1575,-0.327481413999445
40,1588,-0.636497309416849
40,1794,0.0394954908590882
40,1884,-1.12624795845211
40,1947,-0.221895602801992
40,1959,-0.227870744392351
41,47,0.199228249491117
41,48,-0.0890902258003187
41,49,0.0193134497555441
41,52,-0.0214109881037234
41,366,0.249304843707437
41,419,0.0576598021736606
41,613,0.45927634028961
41,911,0.233409961389432
41,982,-0.0081277995513857
41,1268,-0.109341588253026
41,1364,0.532198648526378
41,1476,0.681624853118076
41,1524,0.598164240041672
41,1754,0.0200952651083672
41,1770,-0.26747437085605
41,1925,-0.475538976283235
41,1946,0.343281750127655
42,44,0.230759639485934
42,46,-0.0080796648020151
42,48,-0.206668544604261
42,49,-0.100140559468218
42,75,0.115214483228223
42,369,-0.0111863851908784
42,378,1.08746697006726
42,534,-0.200871976420075
42,642,-0.10157489704143
42,779,0.382394970105531
42,879,-0.20404394383777
42,912,-0.864635828864927
42,998,0.436996169623981
42,1043,0.391326792116243
42,1315,0.462464209252625
42,1625,0.0475762464688323
42,1873,-0.345252149476461
42,1884,-0.851820795384711
42,1930,0.240059569328226
43,49,0.109795230317668
43,50,0.186096324425396
43,54,0.292924376665095
43,98,0.315448784892252
43,167,0.375529124189318
43,813,0.242783844936511
43,838,0.210330214878095
43,951,0.471663036046043
43,955,0.381476468313468
43,961,0.531921821558457
43,980,-0.124773365544737
43,999,-0.443754577244261
43,1098,-0.18298755551222
43,1108,0.215714537640957
43,1158,0.478210098741262
43,1198,0.506583644335442
43,1273,-0.0155535718698966
43,1501,0.104444368244133
43,1574,0.479272253732813
43,1778,0.523006809388964
43,1835,-0.177475852716751
43,1912,0.226833181395155
43,1953,0.118153533824043
44,45,-0.0456216470885106
44,138,-0.634298882339513
44,183,-0.095317144226324
44,262,0.0805801291059974
44,320,0.363698886031052
44,385,-0.202786152282768
44,532,-0.473634770428871
44,611,-0.695225200910687
44,682,-0.828502366920193
44,696,-0.307680200030955
44,706,0.183185105844474
44,786,0.0124087270577994
44,845,-0.232474410768324
44,1016,-0.87606427120145
44,1126,-1.01005836381197
44,1207,-0.185120164872364
44,1338,-0.549326622507615
44,1344,0.17392529833091
44,1533,-0.212269277350936
44,1627,-0.383999728270142
44,1665,-0.111265267769809
44,1780,-0.609136142657922
44,1853,0.124281314330588
45,46,-0.161816367251983
45,47,-0.104680404086701
45,51,-0.278080073627248
45,53,-0.323895711555026
45,56,0.0894175086644249
45,323,-0.563505796314248
45,359,-0.391288868227779
45,681,0.0774008168065571
45,700,-0.370105518857012
45,706,0.222370629547757
45,717,-0.431596639220374
45,813,-0.117215859010717
45,847,-0.621855874412993
45,874,-0.629816647684216
45,906,-0.210595266528698
45,1003,0.348616502465501
45,1325,-0.325184996281264
45,1349,0.140626765889961
45,1442,0.2004901089704
45,1461,-0.43038833973795
45,1526,-0.187780036888969
45,1527,-0.0255693168626106
45,1622,-0.820231591964648
45,1656,-0.297428274976369
45,1699,-0.281857252278992
46,50,-0.0098809732662932
46,53,-0.151071332596012
46,88,-0.0680111914998438
46,215,0.683909802801516
46,217,0.339533143997525
46,368,0.560360918802904
46,386,0.519075307442602
46,733,-0.218156438788708
46,737,0.491049964122479
46,938,-0.390639065817452
46,953,-0.0660391522208838
46,954,0.0922757381454682
46,1008,-0.466175391283187
46,1045,0.0037488355354741
46,1051,0.332577076041317
46,1115,0.232638600342869
46,1226,-0.305027936533706
46,1332,0.69053286923503
46,1374,0.264856937085801
46,1556,0.0346007141824086
46,1566,0.144802734345831
46,1672,0.16681270509829
46,1774,-0.220222368180374
46,1854,-0.121014408452656
46,1945,-0.294675443622699
47,48,-0.27658182716891
47,51,-0.192829093330718
47,52,-0.197259640650171
47,114,-0.318428555863686
47,416,-0.265805839892444
47,432,-0.0777934201313423
47,476,-0.0788938995894488
47,521,0.306964394484816
47,595,-0.609386198237834
47,604,-0.245403130814522
47,625,-0.22099533252021
47,667,-0.716455573443237
47,678,0.120314355395097
47,711,-0.213537364983981
47,894,0.148489493823898
47,1278,-0.211254319558636
47,1570,0.381642346995478
47,1712,-0.138004461405437
47,1719,-0.0621704348268884
48,49,0.105779952369271
48,50,0.18478781317293
48,51,0.073113793378623
48,52,0.0622615556969599
48,53,0.0317443809016289
48,54,0.296736154109058
48,58,0.346243061255428
48,60,0.631835123701123
48,89,-0.136011383446297
48,91,0.303687479729467
48,295,0.211795754391894
48,390,-0.141445111019904
48,672,0.208368897885374
48,676,0.153402320468697
48,889,0.343774893860474
48,1027,0.211166928425678
48,1097,0.103653666691441
48,1482,-0.130670032160632
48,1795,-0.0702414314215114
48,1848,0.537588961506291
49,51,-0.0293211373184475
49,52,-0.0387446982837226
49,55,0.0979006036140208
49,57,0.0502041130548522
49,58,0.25181436354154
49,62,0.308060148277792
49,256,0.3649706930396
49,314,0.460139976742931
49,699,-0.429032920397729
49,798,-0.0198632878171671
49,831,0.292557747210047
49,879,-0.101311980044046
49,1074,0.230526125679401
49,1279,0.611444312844133
49,1346,0.150184986637513
49,1550,0.376287251698548
49,1772,-0.204549313596039
49,1981,0.664351176201895
50,51,-0.105000684179652
50,55,0.0226639115353689
50,58,0.184087899327651
50,60,0.481653613753604
50,94,0.544245504450544
50,353,0.035931557586779
50,363,0.634136292914398
50,393,0.54305672868766
50,403,0.800940057822223
50,477,0.114815087946527
50,871,-0.499450138541381
50,1065,0.0590205362095949
50,1318,-0.329529214968272
50,1356,-0.0170817330324812
50,1490,-0.551069686827675
50,1679,-0.0398003345147304
50,1727,0.345360709248113
50,1818,0.308433131994541
50,1970,-0.366665245383061
51,52,-0.0077074544167004
51,57,0.0779928984564293
51,61,-0.282190633853607
51,64,0.216561098015019
51,397,0.191510608944152
51,523,0.463558326752591
51,628,-0.41837803712183
51,739,-0.157201020729665
51,839,0.589318469014689
51,855,-0.178038824603889
51,936,-0.283528870511999
51,1128,-0.172622213942578
51,1180,0.482586603651812
51,1283,0.0405147620146862
51,1310,0.505493845886973
51,1402,0.069694456661808
51,1692,-0.0788715606329501
51,1892,-0.0845979067703398
51,1943,0.166196686524562
51,1954,0.210087527996714
51,1975,-0.121088066211138
52,54,0.217173397994071
52,55,0.128887872836278
52,56,0.382979084481125
52,58,0.271341890453976
52,59,0.368480447001858
52,61,-0.267263919755047
52,64,0.219047067693302
52,325,0.0382114139480628
52,413,0.249524228423784
52,472,0.279323944962204
52,629,-0.259624736912634
52,709,0.303359393862306
52,711,-0.0078035506225167
52,770,0.158175436001125
52,821,-0.0203369071463065
52,832,-0.106867967501141
52,1113,0.413227177384633
52,1605,-0.135115277192818
52,1613,0.273370108133401
52,1822,0.196220524584631
52,1931,0.106336740814072
52,1934,0.61887158445049
53,56,0.434871710305615
53,58,0.314198975929422
53,60,0.59968856231987
53,61,-0.250333970025815
53,64,0.261806619707835
53,65,0.204574037816724
53,66,0.319994331052706
53,178,0.222072682218423
53,195,0.111554442912809
53,240,0.617990268168378
53,613,0.493864070806825
53,733,-0.0750336556291127
53,803,0.066673486209773
53,1311,0.0299155072726051
53,1350,0.246929057069264
53,1437,0.33000811007416
53,1539,0.837285886164773
53,1620,-0.342274378020711
53,1757,0.678232735026782
53,1777,0.340268750310281
53,1871,0.145613279378833
54,57,-0.15059821747882
54,59,0.183588307292879
54,64,0.020793317072973
54,67,-0.250860455724387
54,284,-0.233231368219758
54,392,-0.138105443297968
54,399,-0.0820393336662125
54,595,-0.635245554222276
54,711,-0.233616613474471
54,779,0.298605935402708
54,1007,-0.0839673663558446
54,1035,-0.0204643226251252
54,1371,-0.780524400056406
54,1495,0.110270828903863
54,1526,-0.123229084291308
54,1752,0.348332968207476
54,1800,0.507153732612365
54,1895,0.116328898101557
55,58,0.157589181367064
55,60,0.445357288270823
55,61,-0.408133331419623
55,64,0.0971876711054593
55,65,0.0519839015848398
55,67,-0.158634614421529
55,567,-0.0566093568839782
55,633,0.213740405180383
55,655,-0.287854315454221
55,667,-0.630524305316866
55,715,-0.124191788874114
55,931,0.253222101400194
55,994,0.512822717710027
55,1112,-0.0646435347137901
55,1185,0.387962059860376
55,1285,-0.580481254872351
55,1491,-0.24310139882582
55,1509,0.462002161364306
55,1580,0.260756356005015
55,1594,-0.132160330545007
55,1649,0.0506390627518879
55,1794,0.389015814431852
55,1821,-0.0158850595004155
56,59,-0.0029371084821153
56,66,-0.14022033673694
56,68,-0.11635705204621
56,73,-0.298110861688329
56,116,-0.168252125015853
56,155,-0.0273623229398534
56,275,0.227748067776083
56,314,0.0910602891447893
56,332,-0.0088305190387941
56,641,-0.429108868982643
56,718,0.133457865280192
56,765,-0.274894042765358
56,789,0.220857564596274
56,824,-0.336306459435454
56,934,-0.389659159203844
56,1057,-0.198953081134479
56,1165,-0.0644692662130428
56,1223,-0.36706767797732
56,1375,0.311690585420263
56,1410,-0.163286947464075
56,1419,-0.479491943830642
56,1532,-0.886467190469945
57,58,0.215686458063913
57,60,0.51956040763117
57,64,0.155421895451522
57,65,0.0982694120934309
57,70,-0.187792363532317
57,178,0.116417708806629
57,275,0.556272127724766
57,378,1.14774764319902
57,588,0.342178957133894
57,812,-0.238789866975211
57,995,0.0691826192949203
57,1056,0.566097780729451
57,1092,0.336525444676677
57,1298,-0.0459401286473134
57,1358,0.196904481194209
57,1366,0.167436932286622
57,1967,-0.0963423879516577
57,1978,-0.418093911747478
58,60,0.273629598020845
58,62,0.0349444691822919
58,64,-0.0634893297294126
58,133,-0.108674892892677
58,160,-0.259012516678731
58,249,-0.469021557846352
58,341,-0.416342604556067
58,468,-0.383214295297794
58,534,-0.344244415955426
58,681,0.0738595188954603
58,713,-0.26362167389526
58,734,0.105911922395192
58,829,-0.479299103565531
58,1035,-0.0995680380355984
58,1064,0.188791756860295
58,1123,0.277260722498532
58,1241,0.0990765004155285
58,1286,-0.127448638685153
58,1342,-0.48645665105069
58,1366,-0.0803663307756655
58,1390,-0.0571745559208199
58,1502,-0.27003152037005
58,1812,-0.0337184384393381
58,1922,-0.226915344672805
58,1933,-0.19937623185927
59,69,0.586442652729227
59,71,-0.192631258979585
59,158,-0.852590156194342
59,165,-0.411748756712813
59,324,0.234024291499972
59,418,-0.484121580856913
59,473,-0.338921047770217
59,547,-0.239713838001307
59,763,-0.254030550493962
59,894,-0.0473716640601614
59,942,-0.289672067199516
59,960,-0.275473023641146
59,1012,-0.000240866940232
59,1066,-0.0888023379150421
59,1369,-0.426062341825171
59,1386,-0.510628489513287
59,1388,-0.315460800484021
59,1407,-0.305728298119627
59,1609,-0.561906264911823
59,1806,-0.7054678170367
59,1911,-0.210882534419949
59,1979,-0.337067589704696
59,1986,-0.69305801290733
60,67,-0.567923140688654
60,70,-0.634717902713598
60,72,-0.444017105952693
60,93,-0.36425661129435
60,127,-0.753340155078502
60,138,-0.822581628914187
60,139,-0.561886852636857
60,309,-0.21011685918513
60,504,-0.959307899193718
60,542,-0.36621403253472
60,632,-0.415881525569054
60,908,0.0397458455628368
60,911,-0.32030573171405
60,941,-0.809638776113723
60,1106,-0.61230577119059
60,1223,-0.538523977438904
60,1265,-0.158620011189724
60,1282,-0.237345744757646
60,1329,-0.539244312699715
60,1412,-0.657629390970903
60,1415,-0.595101361099955
60,1475,-0.878056712127041
60,1498,-0.253903265979399
60,1500,-0.421946736750573
60,1668,-0.56954578987802
60,1758,-0.233309000943377
60,1778,-0.165993611136107
60,1791,-0.396166913181642
60,1836,-0.395043473716271
61,62,0.59765723205607
61,68,0.532757084181575
61,69,1.21008649388257
61,70,0.188380578139191
61,73,0.389739648323082
61,258,0.509365198676528
61,262,0.725061674366908
61,449,0.48179187805289
61,652,0.323442326935844
61,722,0.343050235577893
61,768,0.384170706852701
61,786,0.614517965931341
61,848,0.895214745932223
61,861,0.08370995078354
61,981,0.722651854854253
61,1031,0.46516736569945
61,1073,0.60377847450042
61,1195,0.560071046746259
61,1211,0.228890477432697
61,1225,0.342484240838783
61,1231,0.238579011798609
61,1451,-0.0747965834793665
61,1566,0.550336911910367
62,70,-0.41746679532616
62,72,-0.217615587817537
62,94,0.296262734475762
62,173,-0.324803087654783
62,184,-0.249555053069208
62,245,0.226471638333784
62,338,-0.420364665798777
62,433,-0.434719040714633
62,726,-0.327940810195802
62,748,-0.353650093278281
62,784,0.0013946358626428
62,812,-0.460147882340545
62,850,-0.380890865318515
62,982,-0.321975596607298
62,1273,-0.42103397704663
62,1303,-0.225096086222346
62,1304,-0.246919686887986
62,1408,-0.368782246735695
62,1455,-0.362635446377614
62,1467,-0.338374819160276
62,1517,-0.203220105471917
62,1851,-0.630602288246333
62,1937,-0.216689040200619
62,1972,-0.267292475503135
62,1987,-0.302060120021566
63,65,0.104349953614177
63,66,0.21705660277261
63,69,0.943849421981356
63,71,0.101057012536004
63,73,0.0335599819055747
63,219,-0.209130477765209
63,275,0.556935832770216
63,417,-0.0536795243921453
63,664,0.128213981694104
63,780,0.280163735255723
63,834,0.735605412248736
63,943,0.142999237477698
63,946,-0.179694224474514
63,991,0.0916389501693005
63,1186,0.577020779904859
63,1251,-0.300299525395327
63,1635,0.205511119861611
63,1839,0.141551379924802
63,1888,0.459197022554828
63,1907,0.485033860362143
63,1917,-0.0287797276930386
64,65,-0.0372423138851
64,66,0.0263978257116473
64,69,0.723775506434218
64,72,-0.115898431923581
64,74,-0.321248001932514
64,75,0.0137894586095375
64,76,-0.0574588573382443
64,272,0.0628272537051415
64,497,-0.151405216968268
64,602,0.370319834867523
64,630,-0.280508905189505
64,649,-0.353311302625105
64,696,-0.184322546636028
64,735,0.0665638492785876
64,761,-0.378062960864634
64,944,-0.664874588760551
64,1039,-0.0490123630806974
64,1052,-0.634351121686897
64,1355,-0.110237622269449
64,1682,0.233133738998731
64,1855,-0.0298886572768694
65,69,0.718203466409578
65,70,-0.251853028448267
65,94,0.41075230183474
65,325,-0.130696753920463
65,426,0.491347435308101
65,467,-0.31207983922784
65,482,-0.435425214710898
65,558,-0.0116790660276285
65,622,0.214959337918665
65,649,-0.293724822796793
65,884,0.120275729159125
65,971,0.155446484859604
65,981,0.25450552578622
65,998,0.322170544319817
65,1112,-0.112599091243815
65,1170,-0.196891274673134
65,1174,0.0945119491851235
65,1293,-0.0408619971828367
65,1352,0.0537282789847806
65,1353,-0.0136977742961214
65,1572,0.0511938989032925
65,1581,-0.19077326828354
65,1625,-0.0127482723511013
65,1689,0.0639365251099789
65,1820,-0.138523133406892
65,1996,0.106101909478399
66,68,0.0136651240489841
66,70,-0.372951629358114
66,71,-0.0775230157548704
66,75,-0.0145630465826808
66,135,-0.206940430816095
66,168,0.179877970905282
66,305,-0.0855152005625192
66,627,-0.136745841282191
66,628,-0.733409456070904
66,866,-0.364793409913327
66,957,-0.391348530226846
66,1145,-0.368492143518565
66,1666,-0.075597774392207
66,1740,-0.0908854533890413
66,1761,0.0496817787813838
66,1805,-0.631964891170112
66,1840,-0.0764571984018581
67,69,0.958297720517989
67,70,-0.0552986822504897
67,77,0.271583704731193
67,85,-0.0619850559958738
67,187,0.514023315757732
67,322,0.605314283474059
67,377,0.34064674554221
67,537,-0.274917057101921
67,786,0.367720621794613
67,835,0.302847337029988
67,1003,0.667966404329111
67,1007,0.157511907499835
67,1188,0.270539766003323
67,1195,0.29657248404988
67,1210,-0.100441108935756
67,1263,0.0418310010940454
67,1379,0.103126743652842
67,1424,0.150288039570979
67,1604,0.0938497988345325
67,1694,-0.112067820705916
67,1738,-0.0825989275372564
67,1853,0.467824439166983
67,1924,0.527498065113851
67,1938,0.373305667838477
68,71,-0.0898499925969465
68,76,-0.0978289145150296
68,78,0.186780459087015
68,80,0.0293829241650342
68,81,0.146191837939031
68,246,-0.15620515973836
68,318,-0.411945610044667
68,330,-0.24896323381419
68,449,-0.0509652061286849
68,517,0.222456513970718
68,741,0.232560153113215
68,769,-0.443209777485265
68,800,-0.164374535596473
68,864,-0.322076345441006
68,913,-0.154659360156213
68,1041,-0.742259763883921
68,1120,0.346391547032168
68,1132,-0.266563423559204
68,1334,0.0379646788438377
68,1361,0.413327519972722
68,1375,0.412903364025508
68,1445,-0.298968326751522
68,1517,-0.123426463270165
68,1655,0.374764600424239
68,1888,0.237636641211162
69,82,-1.13005210442185
69,247,-1.06243035414541
69,326,-1.03099481751596
69,338,-1.00750019329457
69,418,-1.07997511049765
69,489,-1.2567004259315
69,568,-0.73856930733852
69,927,-0.362360764838316
69,938,-1.23842399677692
69,981,-0.496320360161342
69,1025,-0.65784470694138
69,1147,-0.536612968704146
69,1395,-0.541259716151857
69,1458,-1.74387194087165
69,1506,-1.01511932178731
69,1510,-0.759887901019942
69,1523,-0.928588227068506
69,1568,-1.00137219576338
69,1736,-0.617007839940474
69,1765,-1.29076865919489
69,1853,-0.4783888203707
69,1860,-1.09271856068965
69,1944,-0.21901948602055
70,75,0.315224291422075
70,147,0.176999757469906
70,203,0.589205252164754
70,254,0.303085469083009
70,291,0.617737324415363
70,301,0.236700091307801
70,407,0.520909754670496
70,520,0.258042511732622
70,624,0.503199855230777
70,748,0.118043854383261
70,1036,-0.1988312940769
70,1091,0.0014992401751793
70,1163,0.402749302489835
70,1270,0.797177536996416
70,1313,0.597053927629016
70,1550,0.48949968880427
70,1684,0.454003654925429
70,1753,0.378408486845891
70,1833,0.472988397828656
70,1952,-0.0198203706050224
71,72,-0.0621159966106041
71,73,-0.0732212519825697
71,74,-0.260830326390189
71,75,0.0634875742173902
71,172,-0.064995228383948
71,202,0.0641882797367356
71,363,0.524672194368578
71,392,-0.091544477120988
71,448,0.0686199303343237
71,451,-0.131358423671326
71,495,-0.049249034313902
71,496,-0.298609848630465
71,655,-0.316047589249294
71,666,-0.128760636134777
71,730,-0.645436555511586
71,754,0.113114161067223
71,828,0.106924836030071
71,1011,-0.0342583693775641
71,1389,0.114624096052295
71,1578,0.0134324971651172
71,1602,-0.0117730953950635
71,1713,-0.0049534864860063
71,1835,-0.394451392578696
71,1897,-0.0278917798065231
71,1975,-0.269846113309355
72,73,-0.0023562543000442
72,75,0.126919341139004
72,80,0.189582304650255
72,273,0.196166273479619
72,307,-0.196908843426396
72,308,-0.0520319588446484
72,496,-0.2256759119888
72,500,-0.17491518672069
72,515,-0.493358118418839
72,639,0.613897689812036
72,814,0.822232327028661
72,829,-0.299499362932428
72,974,-0.318415255980465
72,975,0.132567176682915
72,1007,0.0259893242101472
72,1087,0.288672052122455
72,1104,-0.164241684619691
72,1125,-0.211316145177726
72,1280,0.605623058038958
72,1358,0.155724923683035
72,1454,-0.0703049686116345
72,1521,0.412307817617164
72,1631,0.472264790208502
72,1648,-0.0011656960618639
72,1723,0.319268417684773
72,1892,-0.176495450509101
73,77,0.152863908249683
73,282,0.125706667047011
73,358,0.648378221989898
73,359,-0.228473915806705
73,367,-0.452280668520193
73,529,-0.394153347277267
73,532,-0.254170294826184
73,789,0.511601370013944
73,850,-0.166259515975788
73,987,-0.172256911995866
73,1020,0.0593079097661453
73,1104,-0.175305904532067
73,1229,0.0384043549208007
73,1261,0.428873280794484
73,1388,-0.0233694827287567
73,1446,0.0905666033928176
73,1750,0.339411502247592
73,1856,0.466846982851856
74,75,0.327771194409923
74,76,0.262457526391905
74,85,0.0181160755516756
74,204,0.433678127220733
74,229,0.207365749122207
74,251,0.142641342989761
74,336,0.179349064817252
74,390,-0.0811014741210213
74,410,0.212788894697052
74,446,0.702338104408813
74,473,0.15166751999225
74,492,0.578326182230865
74,937,0.656339989287791
74,979,0.105009296451084
74,1016,-0.419142290817473
74,1020,0.272225514523474
74,1184,0.350528628419809
74,1201,0.688721958041474
74,1366,0.344129734904981
74,1407,0.196874216757449
74,1491,-0.012132565268255
74,1648,0.214186245159586
74,1746,0.143583340131604
74,1796,-0.177508059788571
74,1928,0.5039855109807
74,1938,0.445258868852828
74,1982,0.437777744989175
75,77,0.0073360957659812
75,81,0.167831389943098
75,245,0.308043698781737
75,279,-0.0495498083789923
75,390,-0.432297940105741
75,411,-0.270903925728844
75,428,-0.104494339356553
75,566,-0.123872889692976
75,618,0.268376468516421
75,740,0.235215817296847
75,796,0.385576819796322
75,925,0.370037812119418
75,947,-0.128430496004798
75,1097,-0.191435024624397
75,1170,-0.257270725515285
75,1276,0.306240710016857
75,1294,0.470097786431427
75,1309,0.414710345255822
75,1377,-0.190453683783878
75,1483,-0.380042189133131
75,1683,-0.11565120311371
75,1767,-0.045123407793642
76,77,0.0797649601803878
76,78,0.280740993742622
76,89,-0.347143564448425
76,226,0.103019629084483
76,343,0.0853740519543615
76,421,-0.0324306785461705
76,450,0.301062409123984
76,533,0.520814544735266
76,581,0.511540015991114
76,685,-0.0480417422203134
76,741,0.331741133466092
76,805,-0.061851787501718
76,858,-0.2222849242385
76,881,0.288985215712052
76,888,-0.0631937138348284
76,939,0.23043217934379
76,1261,0.339850520461449
76,1276,0.390872221675256
76,1359,0.492040713572729
76,1385,-0.0377056794558244
76,1410,0.0705525498930954
76,1421,-0.226156081462333
76,1536,-0.276204845094671
76,1566,0.0996602872694018
76,1860,-0.266145487067846
76,1917,-0.119654500042797
77,86,0.345641746676581
77,90,-0.118435120818783
77,96,-0.75881993227077
77,186,0.0866198264663545
77,243,-0.472332905081281
77,369,-0.129747027606345
77,512,0.0918045229586338
77,535,0.0936302239294094
77,588,0.132051929861511
77,619,0.0425726287025645
77,798,-0.22458875154249
77,800,-0.148141198842135
77,831,0.057242840077039
77,838,-0.082695949889334
77,1204,-0.169307147616991
77,1273,-0.337193049512884
77,1357,-0.126952665782406
77,1454,-0.222604039739059
77,1495,0.0609253255791806
77,1877,-0.207385858111937
77,1887,0.244610261284451
77,1933,-0.164027748545524
77,1937,-0.115844644972045
78,82,-0.633427114251429
78,84,-0.819699272209366
78,85,-0.555624179775236
78,86,0.12006619501804
78,89,-0.627884558191047
78,90,-0.334124247125312
78,294,0.0512780130268607
78,296,-0.207265335017546
78,368,0.236101737488857
78,461,-0.286911705543615
78,490,-0.326735041769394
78,631,-0.477611405411601
78,672,-0.327319361920929
78,884,-0.168768134395367
78,1036,-0.744676093168995
78,1130,0.253700213462875
78,1270,0.208967081920836
78,1322,-0.313160876129256
78,1455,-0.481967142969857
78,1457,-0.494681580544521
78,1664,-0.489728233830078
78,1696,-0.656185784639847
78,1762,-0.525872245724728
78,1784,0.281270243329119
78,1847,-0.0951007279152167
78,1863,-0.25898691397236
78,1956,0.0415886311182947
79,82,-0.0982357240780112
79,85,0.0233638400589942
79,225,0.994858682881809
79,304,0.341055804359303
79,330,0.14568334278387
79,505,0.297498671485449
79,599,0.43973685351399
79,723,0.384092273532609
79,741,0.703196979157981
79,1037,0.210289077660265
79,1195,0.450656522206898
79,1370,0.195557111297171
79,1439,0.582840065916701
79,1500,0.320331252768696
79,1630,0.833878159074117
79,1790,0.256894905450653
79,1856,0.734133025264528
79,1963,0.364750477921657
80,87,-0.0392684399515569
80,88,-0.246628762200233
80,89,-0.494868469487209
80,91,-0.0690441993055011
80,93,-0.0788451634981192
80,166,-0.548032568106601
80,385,-0.160458666203576
80,438,-0.143933551751844
80,482,-0.586941180817323
80,562,-0.230753111020618
80,574,-0.227729714179589
80,631,-0.331594134502631
80,635,-0.273980043219705
80,951,0.100060438405101
80,1124,0.184103659496236
80,1276,0.25887912008496
80,1451,-0.653107687148811
80,1509,0.293097424549758
80,1582,0.203316024918895
80,1667,-0.471790944919933
80,1729,-0.0550205389130508
80,1933,-0.219294242687705
80,1953,-0.262841468789908
81,83,-0.511534001255437
81,84,-0.79620924260971
81,86,0.168927169310778
81,91,-0.191280577510242
81,93,-0.200932925764074
81,178,-0.200897871956826
81,265,0.187613351905111
81,453,-0.0690802805564329
81,466,-0.608615044857097
81,536,-0.292421474336319
81,666,-0.364358168146461
81,749,-0.315844323878632
81,769,-0.600593267430411
81,855,-0.597511895747827
81,871,-0.783366213783209
81,980,-0.633778663373127
81,993,-0.421215097781988
81,1019,-0.162664102100224
81,1246,-0.371401222791925
81,1383,0.283026863860504
81,1805,-0.743923108338503
81,1832,-0.496018039144351
81,1861,-0.446011024886697
81,1943,-0.247595955653647
81,1978,-0.754608715729814
82,88,0.241033504828253
82,94,0.798526440332707
82,376,0.331506140175336
82,405,0.357291257211013
82,486,0.0304576696188848
82,556,0.143734518570424
82,579,0.37002363073074
82,601,0.237633254407954
82,615,0.56702706948348
82,704,0.838620315588283
82,801,0.398512449823011
82,814,1.14596670422712
82,933,0.57621306855099
82,940,0.484312383989383
82,1044,0.477198097125589
82,1062,1.01827893460411
82,1305,0.646290174380797
82,1352,0.400030847674539
82,1409,0.402021463784308
82,1420,0.307017606629676
82,1528,0.305591031682692
82,1577,0.488769307609401
82,1722,0.497993275996339
82,1742,0.404341006721634
82,1993,0.321991659119391
83,84,-0.237380956054245
83,88,0.15836103648407
83,94,0.706286755288055
83,96,-0.400583920109445
83,164,0.479326822720484
83,263,0.0126968954158548
83,352,0.375927763417992
83,406,0.306551915372372
83,456,0.509930297961769
83,570,0.655680327505849
83,590,0.638346323372444
83,734,0.515683902743875
83,748,0.138790262789216
83,870,0.238289914623017
83,1033,0.235971385263787
83,1075,0.143283995187613
83,1212,0.384799956235268
83,1267,0.0801493651878813
83,1285,-0.310819647318179
83,1338,-0.08247382072365
83,1407,0.202031047427709
83,1524,0.673094589864501
83,1542,0.731332399740945
83,1595,0.468435615470304
83,1666,0.288100032977658
83,1812,0.356556380394093
83,1856,0.633828543286452
84,86,1.00542229486178
84,87,0.684685446492048
84,91,0.612156042626506
84,94,0.990308963777381
84,105,0.507808370372078
84,182,0.649699636926835
84,204,0.718752611884671
84,425,0.516539933161879
84,523,0.851508326772702
84,550,0.992805395176786
84,609,0.893585214474041
84,672,0.521879877675576
84,736,0.605000678757744
84,882,0.801788760970996
84,1169,0.0474680680280653
84,1223,0.392069393935512
84,1342,0.152767204917201
84,1640,0.27064715273107
84,1680,0.541978755661855
84,1743,0.203418521672063
84,1766,0.667809905930677
84,1782,1.0134324675739
85,92,0.341839770102
85,98,0.351584854250715
85,123,0.140686158063072
85,198,0.117683044822866
85,240,0.676194976483985
85,251,0.137989902590972
85,346,0.0242275971361012
85,359,-0.0329924019194452
85,363,0.803079700719308
85,610,-0.0368804359605409
85,768,0.198875574991228
85,786,0.451571989540428
85,805,0.18459258391969
85,994,0.742889742499016
85,1180,0.614903805871195
85,1209,0.455155462709156
85,1626,0.641632994564695
85,1816,0.415458868928445
85,1840,0.306548589032246
85,1861,0.066618389573009
85,1871,0.214090040433746
86,87,-0.356510576539946
86,89,-0.790434294430564
86,90,-0.490479065149402
86,368,0.133080901576615
86,412,-0.305816603353897
86,417,-0.62260354911682
86,466,-0.800677805724237
86,551,-0.202207758037469
86,884,-0.3163310943226
86,920,-0.606601299637322
86,963,-0.397460138392334
86,1125,-0.710130252355429
86,1272,-0.872008967209477
86,1299,-0.144700074980492
86,1380,-0.408773842230678
86,1456,-0.616530164939407
86,1557,-0.62077312574745
86,1632,-0.0598539787987931
86,1681,-0.743272084020021
86,1897,-0.424995018300909
87,88,-0.217471963877902
87,93,-0.0438507960074008
87,94,0.398354886919433
87,95,-0.649516883147449
87,96,-0.822438997614292
87,145,0.366305068741081
87,388,-0.1309300967388
87,463,-0.419731020567552
87,482,-0.574300860640833
87,785,0.0852262501937876
87,914,-0.0411774348774435
87,1063,-0.255013596977445
87,1104,-0.345788567987207
87,1224,-0.102890393815214
87,1473,0.382087248559715
87,1696,-0.49625735794748
87,1808,0.23282121456889
87,1876,-0.675718459935586
88,91,0.175172715169379
88,99,-0.179387085211749
88,106,0.340093932690222
88,183,0.18700235270482
88,226,0.217422399419413
88,263,-0.136275351965556
88,478,0.340188933827966
88,483,-0.062325977475081
88,530,-0.0317553397480575
88,713,-0.0299129989948611
88,742,0.212500641496932
88,859,-0.310075823446902
88,1020,0.105099938614225
88,1153,-0.503588900595046
88,1253,-0.0468038522677911
88,1257,0.0072616684881568
88,1431,0.17476207158327
88,1444,-0.153769915891819
88,1508,0.0646677535165539
88,1594,-0.0536150394983671
88,1682,0.40250656342931
88,1762,-0.126673178444601
88,1956,0.430944956328163
89,93,0.420973565755651
89,96,-0.331595308851141
89,102,0.648323821609236
89,290,0.25389567791912
89,400,0.621833170444056
89,442,0.655556981305216
89,480,0.328624736369407
89,561,0.338611219603491
89,763,0.314107804931275
89,888,0.26245080088397
89,1078,0.404179710624387
89,1117,0.464898361220287
89,1124,0.641574388465269
89,1179,0.0817361618346129
89,1301,0.72208540009837
89,1431,0.405613736693155
89,1433,0.0070358796065447
89,1456,0.192771748592204
89,1588,0.0262984711010449
89,1784,0.951638342741643
89,1787,0.624897812407614
89,1863,0.384972359794438
89,1913,0.131881841144278
89,1934,0.817144523593748
90,92,0.105666779016075
90,444,0.0542537351162173
90,449,0.0804807195853312
90,489,-0.482257217958131
90,576,0.413058721358328
90,640,-0.233244751756424
90,648,0.27871859043267
90,659,0.255395730754424
90,740,0.362094891742192
90,1105,0.241310129504289
90,1118,-0.340686319915427
90,1133,0.0979308019109616
90,1236,-0.109607494008009
90,1384,-0.27130075222253
90,1422,0.288598439300083
90,1424,-0.0181847957404248
90,1716,-0.0416663295018445
90,1749,0.493888276540271
90,1824,-0.433920661756293
90,1866,0.138262258205245
91,93,-0.0084895780214875
91,95,-0.578959226138627
91,96,-0.745764301701267
91,99,-0.361112765507612
91,100,0.227668634565414
91,103,-0.0509208413007072
91,263,-0.301646986383462
91,616,-0.178778504348807
91,874,-0.59010965805262
91,887,0.378761085331984
91,982,-0.22105193962589
91,1232,0.0999844276365321
91,1295,-0.0802855582108083
91,1371,-0.757404538537018
91,1452,-0.557691197588713
91,1496,-0.501220134517796
91,1618,-0.192858866554541
91,1647,-0.221228969978145
91,1690,0.0498730972486132
91,1716,-0.137851000363317
91,1988,-0.12662320029246
92,94,0.399486216067328
92,97,-0.171228205717829
92,101,0.119125772132258
92,103,-0.0623732934331373
92,141,-0.16684236181258
92,292,-0.320224283382024
92,295,-0.0853584272719535
92,386,0.422119572658732
92,498,0.293240561834045
92,615,0.17258042674249
92,646,0.267890286820777
92,661,0.130735717279125
92,739,-0.394811023260993
92,858,-0.30154673200873
92,958,0.165927087066189
92,966,-0.744051015114785
92,1042,-0.104986585012418
92,1234,0.0293470499850322
92,1321,-0.161188007575067
92,1666,-0.052814837437415
92,1674,-0.115954340692771
92,1802,-0.0802537763418149
92,1994,-0.156765963851199
92,1998,-0.0986909548907122
93,96,-0.754088849039921
93,97,-0.160310332164535
93,102,0.256820757041689
93,103,-0.0498960048459715
93,203,0.278739051871083
93,318,-0.381267871377797
93,383,-0.379952267563174
93,499,0.162386727175899
93,507,0.375642172939338
93,761,-0.388424919216023
93,819,0.110012120173968
93,970,0.0947352607772561
93,989,0.0072735822455532
93,1216,-0.430764262826807
93,1382,0.285093592104405
93,1578,-0.0340732884795057
93,1910,-0.0853573913083191
94,97,-0.60162590202782
94,102,-0.160951492900715
94,103,-0.429849505180309
94,189,0.183597008410153
94,228,-0.200242657242521
94,249,-0.822066877202366
94,317,-0.914241791175513
94,464,-0.308000993605134
94,563,-0.401267225462319
94,615,-0.206247976275461
94,813,-0.45934889218703
94,1080,-0.575944703876014
94,1156,-0.809684858999186
94,1199,-0.640547235376008
94,1606,-1.04984996765239
94,1673,-0.434811648557082
94,1745,-0.770163099685972
94,1854,-0.617361000853223
94,1895,-0.330312687681667
94,1943,-0.460283445153244
94,1998,-0.462689531157143
95,98,0.585491528805677
95,103,0.474198155500478
95,136,0.830817424013527
95,142,0.329072787087811
95,230,0.60992036043722
95,334,0.718170776372462
95,474,0.387401589671827
95,521,0.807021076363356
95,737,0.985982804350504
95,899,0.748842501544046
95,957,0.180883179382566
95,1125,0.194118508477461
95,1173,0.537740733445663
95,1298,0.36211973563269
95,1453,1.02894117903441
95,1718,0.52165741155438
95,1735,0.625137220072085
95,1747,0.359219899097365
95,1947,0.549309500541518
95,1970,0.0812612973080981
95,1973,0.757923568752218
96,98,0.755517918172127
96,100,0.941955291520445
96,101,0.908799685949384
96,103,0.644937443936296
96,106,0.931306702338002
96,108,1.06570913907681
96,193,0.582251202538373
96,211,0.678688712263827
96,252,0.732863857584298
96,320,1.20907687181556
96,496,0.456142396159129
96,709,0.837915857858509
96,870,0.658080745405007
96,898,0.642986879847585
96,1183,0.722736963843177
96,1240,0.637152773368667
96,1262,0.750092424632225
96,1269,0.561326230035464
96,1377,0.56458201453518
96,1438,0.983124483560441
96,1598,1.08112247896364
96,1677,1.03407521480242
96,1838,1.00782540643371
96,1973,0.914507318081179
96,1993,0.657237433501251
97,98,0.18460553365472
97,99,-0.246295939670327
97,100,0.407757747672306
97,106,0.358168856466056
97,108,0.536016196065697
97,110,0.288574129977082
97,455,0.449641390901634
97,583,0.231212500707557
97,873,0.528361997447956
97,963,0.146080728907758
97,1187,0.0116922948236238
97,1288,0.219900376856643
97,1519,-0.485530281825499
97,1522,0.883762365986239
97,1682,0.420142118413312
97,1865,0.398727261482293
98,100,0.195902644925189
98,103,-0.0784294037823467
98,108,0.295837565767757
98,110,0.0932581442450979
98,220,0.0092606699291282
98,355,-0.267314509344478
98,474,-0.205044318491571
98,541,0.0668889960139942
98,883,0.0933491347946975
98,1035,-0.0636878853280104
98,1116,-0.135653138537847
98,1229,-0.118438116975871
98,1258,-0.113795919612272
98,1279,0.362055473221266
98,1310,0.257040761839434
98,1470,-0.511188722748526
98,1630,0.393652202162927
98,1665,-0.0215846953510088
98,1722,0.0330530365504306
98,1752,0.273149762516812
98,1895,0.0633138857602244
98,1970,-0.486486522619745
99,100,0.573158089486482
99,102,0.593024137263852
99,103,0.28019761726042
99,110,0.465608934591914
99,111,0.0533575040951486
99,164,0.50782792111768
99,210,0.504704988948969
99,290,0.192125682921197
99,304,0.319094689744773
99,380,0.0862685403196054
99,795,0.414931996843863
99,803,0.165334020808824
99,1035,0.323927527541576
99,1160,0.528855901733878
99,1306,0.12335262170041
99,1398,0.296219287809886
99,1428,0.256852208003686
99,1447,0.0399617397207124
99,1539,0.907853255179478
99,1611,0.394779656640311
99,1710,0.838540453904601
99,1755,0.451905637409051
99,1773,0.484799701965443
99,1930,0.466038024109744
99,1941,0.437462126151883
100,102,0.0198660477773701
100,108,0.0918895518112083
100,109,-0.464880744207941
100,110,-0.100152547039015
100,121,-0.417402673697393
100,135,-0.405687212220584
100,178,-0.237054553513773
100,324,0.15409986424772
100,493,-0.420255193432921
100,519,-0.465858073033457
100,599,-0.182927369335706
100,981,0.007641726000055
100,1014,0.392384080044817
100,1039,-0.282517387753191
100,1092,-0.0544793237644656
100,1097,-0.409151566937904
100,1103,-0.5429779231158
100,1108,-0.295636892176484
100,1227,-0.567239370621763
100,1343,-0.0681431994827577
100,1765,-0.797273958978222
100,1898,-0.28287030147286
100,1901,-0.421526775296381
101,104,-0.0603746954071376
101,114,-0.482329162354602
101,159,-0.60501999389952
101,524,-0.747536338076207
101,540,-0.294039256221579
101,545,-0.578739068863772
101,639,0.426036973368141
101,673,0.0738295131696259
101,902,-0.160485466926828
101,977,-0.264005328211474
101,992,-0.0240497839504464
101,1020,-0.217179125659455
101,1116,-0.253081389496515
101,1258,-0.225688988255286
101,1279,0.290840667104429
101,1312,0.125496630689754
101,1376,-0.234547360589959
101,1431,-0.116476547687743
101,1480,-0.0490791797639291
102,105,-0.382667963805747
102,317,-0.766499176475517
102,409,-0.282352756298477
102,458,-0.822623610056084
102,578,0.128495906668767
102,635,-0.445930855737245
102,672,-0.344693436035968
102,799,-0.233737962952082
102,824,-0.419068591984996
102,855,-0.648193389469106
102,972,-0.42174701646244
102,975,-0.235990037404353
102,995,-0.319502532796703
102,1031,-0.288444237435746
102,1049,-0.270964080199785
102,1059,0.189903049131777
102,1067,-0.275212585952429
102,1136,-0.721201477620578
102,1308,-0.667818844870894
102,1430,0.17509995373086
102,1468,-0.184642284782968
102,1757,0.164582623345837
102,1949,-0.317544234397937
103,104,0.126198131694619
103,105,-0.0623254474251855
103,110,0.166003331406192
103,111,-0.213658534422652
103,113,-0.0323021678387975
103,114,-0.264000445033096
103,116,0.0416434039195439
103,129,0.227211812731542
103,265,0.397596493911639
103,339,0.657834921992446
103,362,-0.175313377573256
103,406,-0.0031758666721237
103,719,-0.251251584674985
103,737,0.42706542412823
103,842,0.230145881934253
103,1041,-0.621716809305028
103,1179,-0.292134608696402
103,1263,-0.145578066642158
103,1370,-0.106366308683609
103,1432,0.141606405860592
103,1448,-0.112820241548182
103,1803,-0.128470986936339
103,1999,0.284357519779964
104,110,0.0586600635317497
104,114,-0.430940608720664
104,117,0.130649654198499
104,388,-0.166021345740645
104,425,-0.161045510777883
104,569,-0.520675450375524
104,772,-0.0075599162172105
104,801,-0.0959842873577129
104,802,0.0927303471688336
104,883,0.0566713442199488
104,1130,0.467498963738662
104,1142,0.493640951047986
104,1258,-0.168165661444238
104,1307,-0.44717108029341
104,1322,-0.148417171401647
104,1378,-0.336796394889477
104,1631,0.319610690996777
104,1738,-0.413949454955824
104,1772,-0.488531224393976
104,1799,-0.15993943835865
105,110,0.250208493738638
105,111,-0.175613594323453
105,113,0.0248762711624234
105,121,-0.0824210749661155
105,279,0.0840166863950458
105,407,0.328606583127724
105,517,0.407197059672553
105,771,0.459431389517943
105,803,-0.0797457666397728
105,829,-0.336898593298875
105,854,0.0577849677645119
105,1090,0.117350863119135
105,1146,0.320801348360265
105,1194,-0.314734797722195
105,1248,-0.164866145073782
105,1260,0.231075231872982
105,1532,-0.617130201524515
105,1584,0.329061284696567
105,1789,0.0352863721636467
105,1938,0.263145976195567
106,107,-0.649938892641442
106,110,-0.0296935760779631
106,111,-0.442170963402094
106,118,0.319238788805881
106,119,-0.0932116115514294
106,191,-0.100153944284981
106,200,-0.571410836765884
106,242,-0.490165239746685
106,442,0.095728997773292
106,461,-0.225889058450828
106,898,-0.344519583362369
106,1064,0.126648714854424
106,1095,-0.363194457999982
106,1201,0.238816659387688
106,1254,0.0750603075595955
106,1450,0.0304100505192843
106,1470,-0.681723980266927
106,1501,-0.382608516533632
106,1859,-0.441121621214876
107,108,0.813609424480527
107,112,0.322942823397388
107,116,0.423499212509975
107,143,0.179680417502115
107,356,0.0819354942603669
107,544,0.41416212698662
107,619,0.511666908701033
107,741,0.757015592053382
107,869,0.312840335545082
107,946,0.102832901811165
107,1080,0.280954639397623
107,1098,-0.0611233941797192
107,1212,0.521438955340794
107,1290,0.680901725201345
107,1329,0.20563568351253
107,1370,0.26975673555858
107,1494,1.00735941880702
107,1619,0.403538807352368
107,1622,-0.390216693016959
107,1915,0.164054431465664
107,2000,0.779730683221619
108,109,-0.582423219232901
108,116,-0.331617657259825
108,117,-0.139798590983831
108,120,-0.556185355440983
108,121,-0.528552446611624
108,191,-0.263410711383302
108,302,-0.295927430803843
108,368,0.166101264660953
108,424,-0.187037835588575
108,427,-0.466820517811567
108,431,-1.04403531500312
108,719,-0.66560075469943
108,1137,0.113524532016271
108,1302,-0.605533061073084
108,1335,-0.401919802865254
108,1470,-0.832156386334492
108,1604,-0.530138289526735
108,1637,-0.380770427598584
108,1721,-0.158161865692751
108,1959,-0.305927656653166
109,111,-0.0768676494180635
109,114,-0.129823984158289
109,429,0.0756813147838733
109,463,-0.139786573430251
109,513,-0.265066549654481
109,545,-0.220796041857263
109,756,0.641585459186873
109,773,0.337250272681815
109,803,0.0260967053675187
109,815,0.317387491119519
109,994,0.659602030150209
109,1205,-0.197965102939506
109,1354,0.0112983304680515
109,1436,-0.0214603598897253
109,1469,0.498072261351909
109,1568,-0.101200993619562
109,1659,-0.0466457618300258
109,1686,0.1510352348542
109,1887,0.505126144855665
109,1902,-0.360009435083792
109,1970,-0.259435846931453
110,111,-0.384930194541067
110,113,-0.211112270459829
110,115,0.269762525767735
110,119,-0.0585166684394255
110,121,-0.310538303109787
110,204,-0.0113146597006261
110,429,-0.269202677640176
110,444,-0.16306355321485
110,617,-0.897505061283235
110,768,-0.276886590799832
110,943,-0.163353671547551
110,960,-0.237353990463327
110,1081,-0.735346027244201
110,1145,-0.42050180846312
110,1288,-0.0783783609566881
110,1537,-0.021199631088706
110,1740,-0.179253831879269
110,1748,0.0043856622444318
110,1779,-0.0812144309257057
110,1904,0.0016291585493177
111,120,0.0592209999139136
111,122,0.422152075002368
111,123,0.105960461215885
111,335,0.63292646458486
111,341,-0.0306196221163247
111,363,0.716710757366607
111,431,-0.389776070998517
111,461,0.21859930086047
111,958,0.426718575653379
111,1084,0.185757783830064
111,1131,0.265265802881874
111,1152,0.730980763881182
111,1220,0.197518193703226
111,1268,0.0026843722977185
111,1291,0.265259414042557
111,1416,-0.264001882852679
111,1462,-0.164512857200181
111,1514,-0.0516876402623453
111,1556,0.218245254064948
111,1676,0.210594181369923
111,1713,0.212980711689792
111,1806,-0.205263750707861
111,1816,0.358805411709894
111,1960,0.450716515724719
111,1963,0.258683587346
111,1997,0.310895053967626
112,113,0.0560775676413081
112,114,-0.212089145250691
112,118,0.655338762002115
112,119,0.21310355497307
112,121,-0.055917722557526
112,123,-0.0561760302218594
112,125,0.191540499257502
112,161,0.341072988021633
112,510,0.119643240782746
112,720,0.269651136033528
112,784,0.273800048149734
112,889,0.203970957343302
112,1220,0.054346428010115
112,1296,0.352608032212839
112,1371,-0.655848973353348
112,1572,0.171146145889424
112,1726,-0.0001294274873471
112,1887,0.451743208601056
112,1950,-0.552473652598357
113,118,0.543696310086648
113,119,0.141865555023834
113,122,0.250321046873799
113,126,-0.0170842954493101
113,279,0.0547960825809814
113,299,-0.0015354046523592
113,350,-0.254722609997365
113,398,0.486204516382469
113,991,0.02665182444397
113,1259,-0.137909331468813
113,1293,0.0060736321209417
113,1328,0.348323552651177
113,1383,0.570598059774958
113,1430,0.500534503097391
113,1562,-0.322850330654637
113,1609,-0.309338201253513
113,1636,-0.447054493620907
113,1661,0.381172992648751
113,1668,-0.140564831854793
113,1714,0.0164697554891585
113,1798,0.0166658753659265
113,1924,0.376215395871539
114,117,0.53363972280623
114,118,0.770965302097805
114,123,0.159198657318365
114,252,0.323245419830992
114,351,0.131680969400302
114,366,0.355022326575851
114,407,0.536527488613643
114,464,0.463154692694628
114,589,0.424922020555837
114,602,0.726394682513752
114,829,-0.0787832313603509
114,840,-0.0570012327451932
114,1265,0.515342004665468
114,1295,0.277540796167453
114,1463,0.237530039622307
114,1486,0.362164914652297
114,1606,-0.3465727094208
114,1681,-0.0238912607927475
114,1724,0.474024938920265
114,1791,0.253437010532555
114,1834,-0.151250347220229
114,1849,0.486029750094052
114,1927,0.402324720326256
115,118,0.0791698391161098
115,120,-0.642332912084366
115,121,-0.616815377611507
115,126,-0.504905627961213
115,127,-0.88665326500509
115,138,-0.955206213953107
115,231,-0.726095451398252
115,299,-0.54362905154245
115,380,-0.628910944534227
115,460,-0.794801073678985
115,471,-0.380584422378066
115,545,-0.851451367371511
115,703,-0.555235445212926
115,1167,-0.964137563229896
115,1274,-0.625521076661705
115,1295,-0.508053402182443
115,1334,-0.31777477261527
115,1564,-0.373315896695873
115,1658,-0.73837312876806
115,1782,0.0304632977265015
115,1793,-0.641679533487628
115,1977,-0.684068571502192
116,118,0.454749789534863
116,124,-0.13952726312002
116,129,0.192264637908269
116,335,0.380933731685892
116,406,-0.048267613649535
116,582,-0.338092836001331
116,621,0.0690634144336943
116,767,-0.466404724604972
116,821,-0.245789543356715
116,869,-0.112960640305725
116,998,0.309352745250705
116,1254,0.235917120665953
116,1270,0.464309495462318
116,1302,-0.267670866903698
116,1336,-0.121821002883144
116,1370,-0.152682093971337
116,1476,0.433211624798101
116,1673,0.0106629942706233
116,1687,0.219481248502903
116,1738,-0.304147142442475
116,1831,0.207355685847337
116,1954,0.0031650196721719
116,1992,-0.435572214530303
117,119,-0.125946667653582
117,124,-0.363516614553415
117,127,-0.658873878373382
117,220,-0.168090428428986
117,309,-0.0131787711682853
117,455,0.0917740191692017
117,492,0.104690093367638
117,757,-0.384154384998717
117,795,-0.170266498174413
117,843,-0.100691230821128
117,924,-0.37126039577952
117,931,-0.0352345767837289
117,1099,-0.361552128966189
117,1149,-0.534754587630788
117,1363,-0.520197861269257
117,1487,0.169017336946285
117,1542,0.206667873513669
117,1623,-0.0957529170849133
117,1868,0.0306070115645245
117,1892,-0.541649641563315
117,1897,-0.264132047976382
117,1957,-0.442780486259201
118,124,-0.630007508854521
118,126,-0.540809191140405
118,131,-0.319846030165556
118,162,-0.983154598911332
118,271,-0.106778469770415
118,477,-0.450242177797374
118,687,-0.0926587760658941
118,693,-0.296294869173425
118,857,-0.0979955566636094
118,1001,-0.75936602870909
118,1028,-0.113162787471864
118,1052,-1.10221029484735
118,1092,-0.282291291059469
118,1198,-0.281107378668535
118,1302,-0.712110606409727
118,1407,-0.614346916170254
118,1486,-0.39991301881018
118,1612,-0.461220302582615
118,1735,-0.409003653704016
118,1920,-0.229424986419676
118,1946,-0.330880550401637
118,1956,-0.173066119038638
119,120,-0.27118055963603
119,121,-0.237961824056113
119,122,0.0960426148598654
119,123,-0.251650646835275
119,125,-0.0251700541062998
119,128,0.18234036079482
119,130,0.462642884771359
119,228,0.14072147942347
119,979,-0.267087468109643
119,1009,0.20211035611268
119,1145,-0.347012915728073
119,1214,0.43569957108354
119,1221,0.131824366455185
119,1248,-0.319993761933777
119,1322,-0.121409442768638
119,1420,-0.211256423402805
119,1443,-0.451554711591624
119,1478,-0.570878297813884
119,1502,-0.262733979876163
119,1529,-0.290539990739164
119,1674,-0.155831765240303
119,1708,-0.345223387061604
119,1713,-0.108503552844064
119,1769,-0.216006988089023
119,1775,-0.0557933688977612
119,1865,0.125497860952011
119,1969,-0.143551005686695
120,121,0.0412581483782141
120,122,0.38099578839128
120,125,0.252290652263384
120,132,0.466398748027851
120,179,-0.0755734920854748
120,203,0.495493553179471
120,207,0.474344982052304
120,415,-0.100129050307192
120,558,0.19105394120575
120,581,0.681193575890269
120,757,0.0776311109823453
120,837,0.3482052425173
120,1108,0.155476579658393
120,1191,0.688850026919856
120,1240,0.13862762377599
120,1262,0.24234364232416
120,1373,-0.413741993751932
120,1407,0.0973452653039719
120,1560,0.436818185893184
120,1591,0.0953538058407951
120,1627,-0.0172106046027755
120,1718,0.209906056438658
120,1742,0.208132826573523
120,1945,-0.168924659316035
120,1963,0.210712552229083
121,123,0.0048408003919414
121,132,0.437670867598153
121,133,0.161816245820941
121,152,-0.0566447194857524
121,653,0.511243142171262
121,709,0.280197933093722
121,841,0.880591607331473
121,858,-0.0939194266930976
121,866,-0.101515776236644
121,1263,-0.0187215665882013
121,1329,-0.027337055082937
121,1393,0.44595683030881
121,1495,0.287848583661227
121,1504,-0.423430635767994
121,1676,0.122311125779843
121,1691,0.618853691280523
121,1789,0.109903026499894
121,1950,-0.454833214959737
122,134,-0.424802748164507
122,223,-0.119094302768272
122,352,-0.108167773598261
122,619,-0.096529600537289
122,697,-0.334424519030658
122,750,-0.322924350746737
122,783,0.0814103378355349
122,785,-0.0473017684250732
122,1167,-0.663370682023059
122,1200,0.0210717670093341
122,1292,-0.802765584814115
122,1327,-0.0334758720778172
122,1339,0.0662893409559253
122,1402,-0.297642159641263
122,1439,-0.0254477628088108
122,1553,-0.218167067581405
122,1595,-0.0211471259557597
122,1674,-0.255869521865709
122,1698,-0.0228610332697508
122,1700,-0.773936552440638
122,1765,-0.725792613101883
122,1868,0.0504631449274148
122,1874,-0.254734115922575
122,1938,-0.0223085724820016
123,127,-0.287955723520464
123,128,0.496138352676075
123,130,0.803433238503912
123,134,-0.0845408343528047
123,240,0.579066938009447
123,254,0.196125287860733
123,387,0.504245187780002
123,422,-0.159507917640561
123,485,0.454675433106006
123,509,0.52064551578152
123,615,0.384223160534484
123,864,-0.076046379330299
123,1005,0.144165944398873
123,1115,0.357092500885899
123,1470,-0.321176472936687
123,1982,0.331011161568087
124,125,0.184527260293074
124,127,-0.328159659324347
124,130,0.744305080624443
124,132,0.41541204883627
124,134,-0.129313675536892
124,135,0.013676793275756
124,421,0.0640542676501393
124,437,0.315234564801233
124,438,0.0894576756440277
124,534,-0.140841869696453
124,762,-0.217259867214657
124,853,-0.207432814112213
124,878,0.0094577780961049
124,913,0.0445297304429914
124,1113,0.369238831146933
124,1238,0.034668962398077
124,1449,-0.0055461349546334
124,1833,0.335491050551188
124,1918,-0.460977412813312
124,1963,0.136290843615222
125,130,0.499552923143008
125,131,0.106006193437732
125,132,0.218252248767187
125,135,-0.18547483589347
125,136,0.182273063361233
125,187,0.235669221563919
125,192,-0.288722627402513
125,253,0.146780659420987
125,524,-0.59022904739788
125,532,-0.383987417664825
125,571,0.217942883124195
125,667,-0.715530639068375
125,773,0.0557581074633632
125,806,-0.0760128656234197
125,929,-0.206598989887532
125,1131,-0.0695413521452277
125,1236,-0.210660576437057
125,1298,-0.214775563441101
125,1312,0.19154654981134
125,1386,-0.36992115787986
125,1415,-0.28748970163236
125,1533,-0.12367520898714
125,1551,-0.194674591777936
125,1560,0.152102353396809
125,1779,-0.0010644102130562
125,1780,-0.506442793422155
126,128,0.361128677213327
126,131,0.245256477528356
126,132,0.346053135587468
126,139,-0.119333634407388
126,265,0.455444621165959
126,367,-0.430137125100193
126,394,-0.524566188220561
126,455,0.358367388295882
126,486,-0.265183898507332
126,574,-0.028485100489399
126,621,0.158926073457618
126,708,0.249031137736911
126,780,0.216017178356085
126,788,-0.281574755168418
126,977,-0.0069514786107013
126,1044,0.148812758301165
126,1069,0.216537046414809
126,1154,0.0848086226109847
126,1262,0.116990616634413
126,1294,0.588674281215249
126,1424,0.0046218479586306
126,1578,0.0712012615867911
126,1692,-0.181224069264223
126,1837,-0.0852597768757024
126,1878,-0.1662953769173
126,1909,0.353216439980672
126,1998,0.0136320666308918
127,128,0.743799092817209
127,131,0.601808035694278
127,136,0.697363536719792
127,139,0.223286867598976
127,140,0.403338738262376
127,149,0.954631503343337
127,153,0.816647852198449
127,218,0.648520689639356
127,460,0.0954552731938941
127,467,0.0607250797522423
127,518,0.658302116341357
127,576,0.744863725668879
127,596,0.174421296319517
127,603,0.541723906812263
127,1299,0.677901894267431
127,1439,0.629309300040273
127,1574,0.658205266824877
127,1617,0.773414946240324
127,1681,0.0875060002905501
127,1941,0.531070940444358
127,1989,0.662700015590242
128,129,-0.0665766652599415
128,132,0.0300631585391829
128,133,-0.309151700512903
128,140,-0.309420140809192
128,149,0.250044045314296
128,301,-0.373062589443843
128,367,-0.847100756381636
128,464,-0.13533350729574
128,507,0.121803636807429
128,882,-0.0690861048399289
128,1054,-0.309762851182302
128,1105,-0.112841041439994
128,1121,-0.423120838748326
128,1246,-0.453683100149621
128,1466,-0.465668942308664
128,1515,-0.64032559450051
128,1647,-0.473755031172768
128,1890,0.1574372856698
129,130,0.3845564525988
129,131,-0.0403396431308636
129,134,-0.466788261772705
129,136,0.0436746371402752
129,138,-0.725862336149059
129,496,-0.58823191055052
129,635,-0.394838571773498
129,719,-0.525252543778675
129,759,-0.799333573550039
129,897,-0.275799410229648
129,910,-0.415823721125458
129,1074,-0.167330706432562
129,1136,-0.686487580717064
129,1184,-0.188275379670842
129,1399,-0.11109544251381
129,1412,-0.547316590344806
129,1518,-0.383117146232552
129,1524,0.164005262006752
129,1681,-0.561544000555373
129,1843,-0.391867552632359
129,1947,-0.16126281900021
130,148,-0.615105420781341
130,227,-0.80011945473525
130,288,-0.1722700499976
130,371,-0.550388551003653
130,392,-0.683547171158802
130,404,-0.655016249534867
130,483,-0.834774004530498
130,485,-0.315016130283421
130,618,-0.230229089640777
130,646,-0.27185823190193
130,649,-0.90751134575195
130,746,-0.467945866921958
130,981,-0.305329243734742
130,1098,-1.0556669396009
130,1273,-0.882315411436334
130,1432,-0.505668297709075
130,1486,-0.491753852061736
130,1487,-0.211771129124743
130,1781,-0.695254732891352
130,1951,-0.848041900242007
131,137,-0.213427200630708
131,138,-0.670569412380378
131,140,-0.193913084705987
131,141,-0.293946859754955
131,143,-0.371530700606431
131,149,0.337752586012436
131,240,0.241209083884869
131,367,-0.702026895333589
131,456,0.0680638527781866
131,519,-0.383836221067879
131,879,-0.444956445628958
131,895,-0.188537110323497
131,1200,0.0475816572433412
131,1201,0.243341934083196
131,1337,0.197217776209904
131,1465,0.0368320933424762
131,1486,-0.0982423884231719
131,1595,0.0017287478259723
131,1773,0.0204750942700995
131,1893,-0.380087128922934
131,1935,-0.308945422226424
132,133,-0.306528197778441
132,136,-0.0557046592958336
132,140,-0.305275299629888
132,411,-0.522698243904735
132,505,-0.333329381306319
132,568,-0.259801032481596
132,594,-0.586046767300471
132,596,-0.522466611815526
132,927,0.0675612773426797
132,952,-0.002749043874243
132,989,-0.253053771116103
132,990,-0.439876503425393
132,1037,-0.390124620325339
132,1069,-0.15253029944241
132,1087,-0.0937084058496165
132,1158,-0.066933328756728
132,1578,-0.298987039750216
132,1716,-0.386250271778217
132,1724,-0.129828406570483
132,1736,-0.107534070613322
132,1744,0.218206981702159
132,1843,-0.442378379679034
132,1879,-0.175576189654977
132,1901,-0.443202906984314
132,1943,-0.309525068982375
132,1976,-0.361473319001817
133,137,-0.0255846778876787
133,138,-0.501934785142827
133,140,-0.0102980235539747
133,175,-0.114956861508188
133,212,-0.207752102950708
133,394,-0.634783396994398
133,506,-0.729892625820677
133,603,0.120599956053995
133,667,-0.701128815131593
133,674,-0.483498104995591
133,696,-0.152254296782302
133,721,0.340651343629376
133,1302,-0.257346104727104
133,1355,-0.0748942494785685
133,1390,0.0589128328007708
133,1480,0.119721353945908
133,1512,-0.517779752442332
133,1549,-0.0152132016410012
133,1710,0.550329566672801
133,1721,0.200355622618199
134,137,0.21662156864118
134,140,0.219934333167193
134,141,0.0985286981975407
134,142,0.0299046996428124
134,143,0.0262287038996763
134,144,0.120614123239138
134,147,0.135282937943084
134,239,0.22986173078865
134,470,0.175128224827439
134,793,0.281829724477051
134,977,0.159939658510298
134,1228,-0.0607835036614808
134,1312,0.491586219464081
134,1369,0.0218093001863679
134,1553,0.242006131209838
134,1554,0.400975791759379
134,1625,0.218233170263622
134,1658,0.0490624592145371
134,1722,0.343468947856715
134,1831,0.47159812204283
134,1908,0.226907227974519
134,1926,0.291939695663783
134,1960,0.461146346872753
135,136,0.420830987118806
135,137,0.0880626092938548
135,138,-0.431934119826594
135,148,0.0850607782379981
135,164,0.334997985066777
135,356,-0.236896274446568
135,501,0.378434708669918
135,546,-0.364295688249188
135,629,-0.390256369400958
135,757,-0.0302808908876312
135,826,-0.0047211441222014
135,1023,0.382442115655815
135,1291,0.130412049326902
135,1668,-0.106244098244069
135,1856,0.517754322138035
136,144,-0.412178533061436
136,148,-0.289449134121753
136,473,-0.422327225677262
136,541,-0.152513590092278
136,703,-0.350643246108804
136,880,0.181549573716574
136,1029,0.0370188262015541
136,1072,-0.731439480479418
136,1117,-0.179353738631179
136,1209,-0.172564954478008
136,1283,-0.410412173371227
136,1325,-0.525466956645466
136,1426,-0.834024344614161
136,1443,-0.66133888969141
136,1520,-0.417702976141869
136,1596,-0.440144507750183
136,1605,-0.651376888827992
136,1806,-0.810011239996363
137,138,-0.479155919440508
137,140,0.0131400183330088
137,146,0.282918731471448
137,149,0.571609233942095
137,150,-0.121965735114036
137,270,0.103390515756951
137,282,0.0563505946147512
137,389,-0.697104466739755
137,598,-0.384916753806968
137,881,0.310093346370533
137,944,-0.637494736708655
137,1177,0.031611599589943
137,1372,0.343927190642453
137,1423,0.344466423432662
137,1558,-0.072657490175038
137,1563,0.476544181351328
137,1670,0.0499227132672005
137,1838,0.344548472896206
137,1892,-0.26485224071822
138,141,0.337708577012495
138,142,0.298214935673602
138,143,0.269106492254595
138,210,0.672192350104981
138,321,0.435875759520729
138,540,0.403410441235185
138,575,0.588684865185978
138,644,0.41576114783006
138,748,0.347208232902386
138,777,0.28056202893861
138,821,0.304305542188437
138,911,0.52314026533646
138,1050,0.393050177622171
138,1189,0.285970463770232
138,1248,0.261887387641637
138,1340,0.920128805777066
138,1774,0.241843095458904
138,1788,0.500559030909955
138,1915,0.256564641312735
138,1958,0.583550293877023
139,140,0.182821352074417
139,143,-0.0098764923983917
139,145,0.617329006084782
139,147,0.0986917730438203
139,148,0.173153499105813
139,186,0.338644666397942
139,284,0.0057973801043768
139,465,0.74492742323374
139,473,0.0520261333290794
139,573,0.0348506468948687
139,1203,0.498123717932395
139,1309,0.678346984902001
139,1318,-0.195128969440768
139,1594,0.0022291391459996
139,1595,0.376402671566084
139,1699,0.01497317056154
139,1719,0.172438852931753
139,1816,0.319906668171654
139,1862,0.374887889357827
139,1873,-0.193243863059634
139,1975,-0.107538645245511
139,1981,0.683872917234558
139,1993,0.128083275146394
140,142,-0.203397593874757
140,143,-0.182199163574069
140,145,0.428645258866832
140,149,0.531823294030639
140,151,-0.02594561559791
140,242,-0.256894801764503
140,263,-0.253883272495665
140,537,-0.494915459828388
140,554,-0.217253886448527
140,621,0.110502016801694
140,683,-0.25857372234171
140,713,-0.156441234290219
140,742,0.091666671218356
140,809,-0.222827665368945
140,988,0.481262199370384
140,1317,-0.234008235058525
140,1540,-0.017341745492221
140,1860,-0.284320757088072
140,1897,-0.0317295865025721
141,143,-0.0690192850756136
141,148,0.100175994961441
141,153,0.486203408078149
141,234,0.0051431788888083
141,305,0.0938764650275258
141,416,-0.109694963483405
141,430,0.136739647497681
141,483,-0.0670641377316496
141,616,0.0050950591291284
141,627,0.0653469455473263
141,633,0.259635428323101
141,682,-0.481663833653793
141,943,0.133779354506434
141,971,0.272650838420177
141,1029,0.399198809447593
141,1046,-0.227146686429804
141,1440,0.0641216245507477
141,1455,-0.0872868107716732
141,1508,0.0551635455198545
141,1526,0.0215379576832008
141,1554,0.28135358951009
141,1600,0.173765355962326
141,1617,0.476138476190304
141,1777,0.229938460598493
141,1867,-0.187299392152164
141,1944,0.662992920773802
142,144,0.0965382208984555
142,145,0.661762794173543
142,147,0.112716186405628
142,149,0.780732370125741
142,151,0.199259250237739
142,152,-0.0103130469486672
142,287,-0.156492634740322
142,299,0.16164285973417
142,614,0.187226149044103
142,647,0.378823834800398
142,818,0.449024573717016
142,1035,0.220480126198592
142,1283,0.0689745143153653
142,1503,-0.307392914216145
142,1569,0.411224524659531
142,1579,0.216660442286783
142,1685,0.239381876527244
142,1760,0.158288592989382
142,1951,-0.0253342714908473
143,145,0.595022551461507
143,150,0.0649568312833693
143,156,-0.039547371917203
143,170,0.441769166281964
143,203,0.48892230860224
143,373,0.469671181046126
143,404,0.137413860386918
143,477,0.219148236533956
143,510,0.191231816835166
143,605,0.512789534369664
143,644,0.12408899744263
143,645,-0.125383538479679
143,838,0.156000019645773
143,907,0.429828928969769
143,919,0.135005720082858
143,929,0.0558421946257772
143,1194,-0.162647235949122
143,1253,0.016103816933757
143,1265,0.411011183894025
143,1402,0.0886946439346921
143,1605,-0.114899462828942
143,1607,0.823804262443371
143,1827,0.0419402268251812
144,146,0.388787874666443
144,149,0.684194149227286
144,152,-0.102389544909157
144,155,0.294914108241786
144,157,-0.036002886657914
144,327,-0.280169558832127
144,551,0.297734083652407
144,595,-0.473003710751051
144,656,0.447469623141262
144,888,0.0320553456875188
144,967,-0.375363940276618
144,1336,0.0246270138955095
144,1378,-0.0992496844152889
144,1497,0.0764048697135034
144,1636,-0.404986704345632
144,1647,-0.0792914153196294
144,1674,0.0471615415077659
144,1678,0.0109493255885141
144,1802,0.0903834906178445
144,1929,0.194658751931546
145,146,-0.181146149394628
145,148,-0.439485332220609
145,156,-0.696210337005478
145,157,-0.58033267136679
145,158,-1.10946869655735
145,694,-0.385126693138463
145,739,-0.778900033408648
145,838,-0.413568076489346
145,877,-0.304997650706778
145,978,-0.368364821737136
145,1339,-0.121234959575087
145,1349,-0.162786760167368
145,1381,-0.649058885426014
145,1450,-0.209104137661677
145,1619,-0.408480872102385
145,1641,-0.833664030583109
145,1734,-0.50285380938043
145,1759,-0.207913076478833
145,1812,-0.337956685098375
145,1931,-0.463010380339549
146,147,-0.33726442340777
146,153,0.146572354851707
146,154,-0.229096818489578
146,156,-0.522249977895972
146,193,-0.339276522095383
146,357,-0.525193942656789
146,393,0.183042786967857
146,449,-0.216739042174499
146,580,-0.778519571620827
146,745,-0.22781149779426
146,920,-0.436624598082791
146,938,-0.737635123253194
146,994,0.227043863023185
146,1176,0.285716523065301
146,1239,0.182632973204583
146,1335,-0.278127972973952
146,1464,-0.308401866678208
146,1717,-0.415639909621103
146,1741,-0.393620611870951
146,1947,-0.184119617033897
147,148,0.0701093362069395
147,153,0.472209661949717
147,155,0.245725877023336
147,157,-0.0585017642781707
147,251,-0.0554142371792195
147,315,0.202658327873415
147,347,-0.134434261804548
147,492,0.39410784597138
147,523,0.36800880215829
147,786,0.247476095286058
147,918,0.26649038067516
147,944,-0.538342602660996
147,1137,0.510980875589478
147,1163,0.208325748449516
147,1178,-0.241504968390716
147,1221,0.322075809775434
147,1331,-0.0865499339789264
147,1367,0.116179318565095
147,1487,0.492087076755194
147,1508,0.0234046737245454
147,1642,0.317221588889108
147,1715,0.165568776751079
147,1784,0.655484423859107
147,1864,0.0889700104538169
148,155,0.183225794728801
148,156,-0.230928346462529
148,161,0.217886690523493
148,196,-0.228481961458634
148,203,0.328691232788936
148,560,0.485585729563993
148,593,-0.334847509990152
148,697,-0.105424903699911
148,726,-0.171678729293141
148,803,-0.135324820338747
148,975,0.0745784629844213
148,1001,-0.232303867664152
148,1089,0.0695896674493596
148,1185,0.348182159384168
148,1215,0.288673706160196
148,1660,-0.201693077277066
148,1694,-0.340319613977737
148,1766,0.104020287787595
148,1869,0.291701093035056
148,1977,-0.225926659190881
149,150,-0.695069886714481
149,154,-0.506798044478566
149,159,-0.980580274348162
149,321,-0.617544548685357
149,399,-0.586567728559475
149,474,-0.671974796946803
149,516,-1.07749086841756
149,611,-1.1005556504379
149,775,-0.695050036550902
149,837,-0.39694562674795
149,969,-0.695535336611701
149,1228,-0.831184472162361
149,1271,-0.857259888375186
149,1335,-0.561965297472588
149,1452,-1.0809710068779
149,1478,-1.08832841192688
150,162,-0.382805459393882
150,198,-0.0350088364488048
150,208,0.359504098546346
150,270,0.22122474419765
150,296,0.189551562815175
150,326,-0.112289989853078
150,333,-0.525634166462574
150,589,0.296294282128181
150,617,-0.642979763800051
150,640,-0.140798298989264
150,928,0.598282723134761
150,1042,0.0976906103682206
150,1082,0.0674819911901456
150,1098,-0.316830659313577
150,1343,0.378910229766139
150,1384,-0.175227086881156
150,1453,0.586694258213699
150,1517,0.109651588242304
150,1541,-0.209001789939426
150,1653,0.151788110723598
150,1677,0.557811491176144
151,155,0.219451474998451
151,156,-0.245479323926502
151,158,-0.685062585064305
151,200,-0.356853538000984
151,418,-0.281942663261501
151,493,-0.111762005439751
151,695,-0.230347838931428
151,727,0.279090714118578
151,760,-0.221508400229132
151,895,0.0283017685251766
151,1174,0.143647672847101
151,1191,0.608518748253219
151,1208,-0.0116085800782506
151,1272,-0.435544330801295
151,1447,-0.280143851803018
151,1556,-0.0016224757821025
151,1924,0.397615129022188
151,1948,-0.319672187863701
152,153,0.616605160412154
152,157,0.0619320732584008
152,161,0.416715273637675
152,164,0.41290666302368
152,165,-0.0202717746210294
152,203,0.531607083227503
152,511,0.192425337592734
152,652,0.0624092863499886
152,664,0.221837569103314
152,807,0.391361020905932
152,872,-0.12899289533845
152,888,0.112308343733699
152,1082,0.144424524083863
152,1279,0.660986358357484
152,1495,0.350916456438569
152,1501,0.0614879197102934
152,1552,0.680885951527076
152,1631,0.629236120620887
152,1750,0.451989858244169
152,1816,0.3411241803025
152,1859,0.0043856296734339
152,1889,0.0553380459157001
152,1898,0.182647957162765
153,154,-0.370735920122804
153,155,-0.206370122365482
153,161,-0.186657212104146
153,164,-0.174203663593857
153,207,-0.121711451940008
153,269,-0.346877462860856
153,427,-0.486384667429318
153,471,-0.318832319269899
153,676,-0.483021070647299
153,730,-1.10974714978354
153,1005,-0.422569096040119
153,1063,-0.550513947084129
153,1070,-0.283608495737505
153,1121,-0.503447010751924
153,1205,-0.775204301527981
153,1282,-0.21112077623384
153,1380,-0.387388120886266
153,1883,-0.480887034993507
153,1979,-0.549458927372357
154,155,0.143709049524619
154,164,0.179877193784705
154,165,-0.250385731519907
154,196,-0.275690781149644
154,202,0.0348195046244715
154,228,0.232920925987716
154,468,-0.333824224926934
154,523,0.266562544019793
154,536,-0.0855337326442626
154,616,-0.152397620350244
154,639,0.540755607878203
154,771,0.336925515171581
154,838,-0.0481311607070811
154,999,-0.75185483256485
154,1222,-0.199969866498714
154,1247,-0.147667131621141
154,1259,-0.206397407339014
154,1303,-0.100263201010418
154,1395,0.238553881168196
154,1579,-0.0259075717377542
154,1611,0.054986956518175
154,1693,-0.139508530778308
154,1867,-0.35674630920138
155,162,-0.6535946564128
155,164,0.0325917589723092
155,201,-0.234862972121533
155,386,0.287943982130293
155,458,-0.700801165071338
155,564,-0.197340640532002
155,647,-0.0248076533384959
155,650,-0.117017598862128
155,701,-0.357536598004785
155,761,-0.49434527298058
155,777,-0.363675928758518
155,823,-0.742127100130084
155,935,-0.480285579162138
155,1158,0.0698251217744143
155,1338,-0.548883841476946
155,1510,-0.126498925513743
155,1635,-0.0677560929992047
155,1675,-0.410401445221559
155,1754,-0.32168791885804
155,1795,-0.486317439955909
155,1817,-0.11197254130726
155,1979,-0.303724762572475
156,158,-0.408700231477527
156,159,-0.136178945175537
156,163,0.400020407064942
156,327,-0.139229747883163
156,335,0.693622365164476
156,479,0.945671501937528
156,707,-0.0008431787267961
156,734,0.496072182149001
156,800,0.181204812947771
156,843,0.364976153795525
156,863,0.52547586516312
156,868,-0.123674363040051
156,955,0.389355550315
156,1116,0.210313367297201
156,1700,-0.368928953950768
156,1721,0.442189655952197
156,1801,0.257892189956487
156,1941,0.386090910554106
156,1969,0.189425415532208
157,158,-0.497103203545704
157,161,0.354783200379274
157,162,-0.356778509550524
157,164,0.353664750325974
157,167,0.276643261928195
157,324,0.589250751280048
157,518,0.40383997927428
157,677,-0.17085450357989
157,901,0.0414704728568728
157,911,0.20733984917582
157,949,-0.283800113864509
157,986,0.474736962846819
157,1063,-0.0179504954532912
157,1158,0.387528938499964
157,1238,0.0766878032241045
157,1380,0.123056166739338
157,1418,0.190284264630025
157,1636,-0.353391040821067
157,1737,-0.102891845233148
157,1851,-0.318300836210003
157,1869,0.430509998056453
157,1988,0.0790964030750245
158,160,0.463589438715219
158,165,0.396506912229986
158,186,0.797866671410908
158,225,1.25844859313595
158,320,1.22078495314069
158,433,0.341140342975695
158,588,0.909435925585529
158,702,0.719839930719735
158,1182,0.903293328615346
158,1378,0.41144220137489
158,1472,1.00350415499385
158,1618,0.605129700344294
158,1767,0.707778393423797
158,1800,1.12929426872819
158,1844,0.557335198488702
158,1872,0.195156567171405
158,1905,0.447412559628975
159,160,0.20491757538586
159,161,0.609243801992935
159,168,0.653682330574925
159,172,0.346591179085478
159,218,0.649391886217029
159,221,0.708492291059256
159,267,0.292024457874756
159,387,0.742012785202774
159,488,0.304650288058283
159,609,0.741150350075362
159,776,0.831378099921741
159,887,0.86089091591886
159,919,0.329516013660997
159,1163,0.532670052351893
159,1253,0.18909255601647
159,1495,0.544263906650822
159,1675,0.074334665492811
159,1905,0.176505524371215
159,1989,0.661133733443473
160,163,0.291128137773302
160,165,-0.0596085139039273
160,166,-0.244100059585246
160,167,0.288535365156614
160,169,0.237691199349469
160,300,0.094387585583504
160,319,0.901248812704332
160,444,0.169687255442207
160,559,0.447533064594608
160,618,0.490261385254353
160,785,0.313647457007179
160,941,-0.261499669063943
160,957,-0.134955832323677
160,1045,0.109732264692451
160,1075,0.0188724295275372
160,1339,0.409126187872688
160,1390,0.238904479751379
160,1402,0.0602539475623453
160,1676,0.134942118144849
160,1685,0.189983227468894
160,1795,-0.145633564283287
160,1837,0.0144972015125904
160,1893,-0.0147770130692838
160,1910,0.126244061409362
161,162,-0.706694973308105
161,164,0.0084330716350117
161,169,-0.124839673486636
161,170,0.0643351131338803
161,247,-0.483139506788453
161,468,-0.491912871784844
161,576,0.152179599893018
161,591,-0.101492820025726
161,616,-0.339961882159841
161,839,0.215011411491665
161,926,0.0621369276073998
161,1264,-0.367422770884799
161,1427,-0.692924954933492
161,1458,-1.18740359128392
161,1532,-0.874754876788711
161,1541,-0.547281876969885
161,1747,-0.374969240871979
161,1792,-0.479674769420435
161,1800,0.316130242777413
162,163,0.673486446435814
162,169,0.573861863246842
162,171,1.03345357271051
162,172,0.470163706523592
162,173,0.412223955300097
162,175,0.354824375007717
162,260,0.453668267259335
162,444,0.509802696580782
162,556,0.266378852992713
162,636,0.276985837063819
162,665,0.365553205853929
162,731,0.654646210624716
162,1301,0.857460978936735
162,1362,0.569641100008575
162,1447,0.225769679003696
162,1473,0.938256755305862
162,1651,0.321970073558846
162,1684,0.680017674797034
162,1717,0.420878483604315
162,1775,0.552730317166754
162,1971,0.762239471356403
162,1983,0.417083257879645
163,167,0.0228430243390503
163,169,-0.0258324255873113
163,175,-0.22336361595654
163,235,-0.312886346247212
163,306,-0.265717481188793
163,458,-0.72637273227243
163,512,0.0718732300855962
163,780,0.0808528277502624
163,871,-0.728493629948939
163,1068,-0.38159236645251
163,1092,0.127687039635447
163,1115,0.0642802804279208
163,1194,-0.538260599755764
163,1481,-0.706835012148169
163,1485,0.26192212483926
163,1732,-0.251178661313309
164,170,0.0543281268576045
164,172,-0.296130599763235
164,173,-0.37905079700781
164,175,-0.293964148163754
164,255,-0.925732709458945
164,523,0.0823680257628602
164,554,-0.439359673376976
164,666,-0.334827782173434
164,695,-0.435040257581378
164,939,-0.0014498877699326
164,964,-0.211771133283364
164,1117,-0.116036528646933
164,1136,-0.634388202853961
164,1288,-0.1188394241189
164,1503,-0.704169795387338
164,1590,-0.436601476742868
164,1610,-0.0272067879189661
164,1846,-0.225385559382858
165,166,-0.180946952245545
165,168,0.458412977684731
165,170,0.480979505558524
165,175,0.105802408686355
165,178,0.228617471336489
165,213,-0.101766062637751
165,313,-0.135633835547792
165,323,-0.251694932800802
165,449,0.252353081008694
165,762,-0.0786979335669286
165,776,0.639432290424073
165,811,-0.14184872533087
165,837,0.380381896442235
165,876,0.0422617200408099
165,882,0.444828057213229
165,1000,0.404389395991813
165,1167,-0.228155152933359
165,1172,0.0903595627583205
165,1210,-0.0897679966487771
165,1251,-0.150833848622619
165,1493,-0.288515613731859
165,1709,0.210778632841693
165,1986,-0.299154745345077
165,1989,0.466677016192525
166,167,0.55346542884542
166,169,0.494207832658585
166,174,0.261709988753093
166,175,0.278290804296879
166,177,0.306623935730925
166,178,0.410623770368736
166,179,0.13682961719506
166,294,0.83971580574183
166,323,-0.0923708671417767
166,744,-0.0439392676936309
166,854,0.374185585467619
166,886,0.133709043547332
166,989,0.464906686362606
166,1026,0.401123606360981
166,1037,0.301882162092987
166,1095,0.266781650188636
166,1260,0.569931890690696
166,1376,0.382700072745781
166,1504,-0.16074588495043
166,1555,0.526796085989734
166,1610,0.644872420841252
166,1707,0.474621426346582
167,168,0.119046498378693
167,172,-0.210211294225677
167,175,-0.22445075769442
167,176,-0.183465312557884
167,178,-0.0976739118965021
167,179,-0.389380732908273
167,198,-0.299363912017047
167,407,0.105046203425656
167,442,0.175179754278121
167,581,0.402460367425072
167,830,-0.530943684929357
167,1065,-0.143278240402651
167,1169,-0.639149820622629
167,1200,0.116095044385221
167,1405,-0.1572421110312
167,1426,-0.67393517329149
167,1463,-0.179633201477713
167,1521,0.233098895379335
167,1546,-0.35114445218863
167,1965,0.30856162119908
168,170,0.030883343525024
168,174,-0.439401550130471
168,177,-0.340551181538148
168,452,0.197839840691512
168,492,0.107272951307925
168,522,0.400912770489713
168,777,-0.444882762531398
168,818,-0.0177160376204615
168,1127,-0.285952577804054
168,1135,-0.72749773339161
168,1141,-0.0377846514021116
168,1300,-0.479653591370597
168,1471,-0.428148849631747
168,1478,-0.768805793302916
168,1493,-0.708070052442124
168,1497,-0.267247152170076
168,1558,-0.319307331510572
168,1561,-0.735353417827269
168,1677,0.206219678719345
168,1915,-0.442423272483337
169,170,0.188372863923922
169,171,0.43466105524334
169,172,-0.156710636675785
169,173,-0.235430065548405
169,350,-0.368105204504315
169,381,-0.384964292653723
169,388,-0.118726476091384
169,410,-0.14769516364749
169,490,-0.125753188042008
169,536,-0.133251422741497
169,584,-0.176563077881891
169,671,-0.535322640340671
169,819,0.0677024562677834
169,1040,0.282929648483866
169,1365,-0.351399713555758
169,1497,-0.108499525114652
169,1501,-0.234219501273569
169,1599,0.312126814535039
169,1803,-0.226506652539639
169,1928,0.150343718109813
169,1935,-0.194799380054269
169,1938,0.106744407250598
170,174,-0.466501622834244
170,177,-0.364528990687601
170,178,-0.230045460195187
170,181,-0.504805118272676
170,252,-0.241303273747506
170,350,-0.548960605995237
170,436,-0.0197956513598405
170,509,0.0782954122691989
170,589,-0.0773142321514871
170,657,-0.55022800316739
170,853,-0.554334340671063
170,1045,-0.33826495549626
170,1099,-0.383649517168694
170,1134,-0.477099649733715
170,1218,-0.369218305298789
170,1222,-0.437924673721982
170,1481,-0.802493987944387
170,1745,-0.606390853927586
170,1850,-0.22981826349771
170,1925,-0.847560524861369
171,174,-0.738242434780437
171,175,-0.588734284200761
171,176,-0.575528567667308
171,177,-0.61313583390494
171,182,-0.432514170511096
171,289,-1.22653711085215
171,389,-1.21585673654973
171,408,-0.297757758351854
171,497,-0.608449544864413
171,642,-0.677742682358431
171,865,-0.431647638452749
171,961,-0.24209011215456
171,1012,-0.324131414023131
171,1142,0.0825318584980813
171,1259,-0.644573713528447
171,1291,-0.496263783357073
171,1328,-0.238179594470199
171,1423,-0.143410602902154
171,1470,-0.978872101949211
171,1491,-0.782802372532101
171,1835,-0.931501245199773
171,1893,-0.72322526321727
172,177,-0.0385013514059743
172,181,-0.164961282964026
172,183,0.13852996201261
172,184,-0.026671896115252
172,303,0.446726588450641
172,664,0.0841084820315029
172,762,-0.265123423471963
172,918,0.271186152698799
172,962,0.555189302993682
172,1089,0.133059122419511
172,1460,-0.0277870450471736
172,1592,0.0875776667913141
172,1792,-0.243077422454178
172,1825,0.156444960096625
172,1955,-0.219546355094793
173,179,-0.146162658360258
173,181,-0.0964373345358941
173,183,0.215936968669611
173,186,0.322929244915829
173,249,-0.281465172307573
173,287,-0.243750584304926
173,480,0.0776488744948639
173,629,-0.346203557459925
173,937,0.584450854333496
173,1206,-0.148028014906495
173,1320,-0.376511340011397
173,1330,0.404998242003285
173,1603,0.140208002003329
173,1872,-0.3083202788739
173,1898,0.122709815064766
174,176,0.113038218689989
174,177,0.0655611282186728
174,181,-0.0498644371632242
174,183,0.239900119682126
174,186,0.340607250354185
174,187,0.517802671371102
174,374,0.107226253252505
174,525,0.0445338529023448
174,656,0.513484450047551
174,746,0.334895563824017
174,892,0.430067457452431
174,944,-0.506596640550081
174,1008,-0.398295347442876
174,1167,-0.318851758891646
174,1634,0.641905569767883
174,1795,-0.161769901417366
174,1833,0.402466800144957
175,177,0.0111750306789415
175,183,0.161776736075534
175,184,0.0241133685253921
175,291,0.424997541069582
175,320,0.598949915892059
175,462,0.689206559162747
175,599,0.194130349555499
175,699,-0.409583800469551
175,713,-0.0418053395549113
175,731,0.235798338925798
175,738,0.150961727915761
175,757,-0.0013010355354653
175,773,0.245881108170709
175,1047,0.278260525764733
175,1168,0.432661969650318
175,1387,0.587201233167718
175,1542,0.52853905406979
175,1582,0.415042567796402
175,1614,-0.240781029648407
175,1637,0.14356480964776
175,1679,0.0084894022177588
175,1680,0.0940494337893638
175,1841,0.0128769296326144
175,1848,0.366389126650753
175,1932,0.213445385035269
176,178,0.0700983976612775
176,180,-0.264246384149768
176,187,0.37721440948479
176,221,0.329875122148592
176,275,0.473499177784622
176,302,0.100688459813221
176,328,0.231806848564134
176,634,-0.189727725314416
176,671,-0.38335793466952
176,735,0.167271751213955
176,893,-0.0522558782488803
176,905,-0.0137581725576051
176,1012,0.266953820022166
176,1177,0.066930430414723
176,1259,-0.128185296983645
176,1300,-0.184446795090783
176,1412,-0.260919517565941
176,1423,0.366582640357345
176,1435,0.123740366027051
176,1634,0.487827152814383
176,1677,0.466508164431333
176,1721,0.251563990144819
176,1962,-0.129839716837753
177,178,0.112718624398015
177,180,-0.215458167792034
177,183,0.160223968914268
177,188,0.0481902866926864
177,189,0.70633531921214
177,489,-0.395231528426581
177,683,-0.156017727583685
177,817,0.201300210305578
177,871,-0.434485828140972
177,1138,0.0858746671875499
177,1148,0.327065890240933
177,1181,0.0305392601055222
177,1207,0.0792383730242546
177,1228,-0.180943619645327
177,1400,0.345784559911906
177,1516,0.647390726608434
177,1523,-0.0273909358616494
177,1882,-0.304781662455679
177,1890,0.522591940179861
177,1921,-0.0305035332879354
178,181,-0.221850371301802
178,189,0.568198177549898
178,278,0.389590408970311
178,600,-0.0101891892208727
178,838,-0.0371730910420778
178,887,0.380530480778057
178,921,-0.404179146224021
178,925,0.398099136251801
178,1075,-0.150329976265143
178,1093,0.377169879484627
178,1240,-0.0591893615318734
178,1258,-0.0553207794101784
178,1373,-0.592820175868906
178,1435,0.0408796748635039
178,1506,-0.205260143707018
178,1656,-0.198734423672417
178,1846,-0.0413908007891408
178,1853,0.244275739040618
178,1887,0.273800471931582
178,1929,0.0511373961702306
178,1960,0.188024956056703
178,1986,-0.50609787193774
179,182,0.35200406997711
179,191,0.351628679702587
179,192,0.0647460941144291
179,305,0.236306539623766
179,340,0.440441667408616
179,345,-0.0566070218672768
179,387,0.579623371244406
179,449,0.293208695578296
179,466,-0.119672571847018
179,887,0.68666753289164
179,939,0.489270826493336
179,942,0.166052840929827
179,1009,0.566459620290218
179,1031,0.271123658695342
179,1128,-0.0780380942311974
179,1133,0.305820587875709
179,1141,0.481979199769854
179,1167,-0.184037817882875
179,1338,-0.111799260238508
179,1399,0.388802004720868
179,1666,0.2642303959007
179,1747,0.10864510682585
179,1772,-0.0674879429876696
179,1821,0.216095566529076
179,1887,0.558591251941122
180,185,0.472722613705489
180,188,0.27013978969757
180,190,0.54008138008592
180,192,0.120806602131519
180,193,0.217780499096835
180,196,0.077086061106822
180,306,0.161951217561431
180,342,0.620134104963691
180,576,0.675836600621333
180,586,0.19174677764424
180,593,0.0038349524844805
180,631,0.117189369233698
180,672,0.286159343801955
180,787,0.509751996584115
180,1119,0.876403951131055
180,1140,0.309538936027182
180,1413,1.04015980574231
180,1441,0.527620454364702
180,1463,0.268078495229938
180,1661,0.645544518931134
180,1697,0.12354817348008
180,1706,0.46497392364477
180,1960,0.574439694819705
181,184,0.127530334167478
181,185,0.36804194287008
181,191,0.317012648985356
181,193,0.114516782386233
181,410,0.143317470307214
181,477,0.253944809821195
181,502,0.33694598854736
181,606,0.795256161757823
181,731,0.374820924029308
181,779,0.531129543327996
181,787,0.401583961347015
181,937,0.630404731339956
181,961,0.529857471994618
181,1103,-0.0794211769108853
181,1125,-0.096813476860053
181,1322,0.223033758959689
181,1758,0.436561316338198
181,1964,0.142216625007127
182,185,0.0426801794862881
182,187,0.240110722662885
182,189,0.543034918298371
182,195,-0.18905139715931
182,258,-0.042291300331035
182,320,0.446724736907451
182,503,0.181343057340476
182,527,-0.740446177817843
182,683,-0.356397246677766
182,698,0.271045486314809
182,814,0.701106753961784
182,878,-0.172530199204477
182,1084,-0.145010332869974
182,1122,-0.137075595998864
182,1174,0.0172180085395323
182,1246,-0.219377773572605
182,1313,0.257595023404196
182,1321,-0.193657914561777
182,1324,0.194920528426259
182,1345,0.106196675459289
182,1436,-0.267927614480392
182,1653,-0.0683733053858724
182,1776,0.0746819516508588
183,184,-0.15440068812931
183,186,0.0901815020063528
183,189,0.555733613815547
183,196,-0.302596508086878
183,491,0.582083831555197
183,498,0.277400759485075
183,538,0.020237898149445
183,643,-0.357786835880051
183,657,-0.340003792433195
183,666,-0.199130023725858
183,875,-0.168469377866304
183,887,0.355957757775574
183,935,-0.373433123331154
183,1106,-0.292203730552758
183,1327,0.105671106164531
183,1350,-0.0313845160954745
183,1512,-0.546785229424095
183,1580,0.136210088971244
183,1603,-0.0845931422332194
183,1882,-0.459034725323793
184,186,0.249543283772329
184,188,0.0389093353324981
184,197,-0.465531737586832
184,454,0.0304967555336909
184,485,0.376741494905457
184,505,0.0595848025610915
184,566,0.0206414594215543
184,635,-0.0533774397948555
184,698,0.4592529324132
184,840,-0.268810267296731
184,876,-0.0921015348493464
184,928,0.549312761969819
184,970,0.235127007231599
184,1297,0.264814388173601
184,1317,-0.152001163153436
184,1451,-0.447785210228119
184,1670,0.119120690850969
184,1887,0.40879481512011
184,1954,0.131402767893832
184,1973,0.321466837176485
185,186,0.0328373505293951
185,187,0.209845282482113
185,189,0.524302431119903
185,253,0.110482089149255
185,258,-0.0854965133898149
185,291,0.2148944288191
185,311,0.106443215037218
185,371,-0.0421931841446935
185,486,-0.47479016990619
185,571,0.189495516769678
185,644,-0.203021770863337
185,679,-0.227712812430405
185,713,-0.301532893209334
185,1178,-0.480502111274587
185,1207,-0.156317530273416
185,1437,-0.0012541561275416
185,1493,-0.618085603231234
185,1756,-0.959648366333508
185,1882,-0.544237767229783
185,1918,-0.702880183584582
186,187,0.169470338847531
186,190,0.0468706724673722
186,191,-0.0515522374927442
186,193,-0.23690990854455
186,198,-0.323451978456241
186,520,-0.146222302039776
186,580,-0.650879938447485
186,598,-0.542495819329855
186,716,-0.474953206060783
186,785,0.0065002536320099
186,858,-0.392756657472701
186,877,-0.0293429725473172
186,968,0.206385471332555
186,1013,-0.656727136748744
186,1027,-0.200879392284649
186,1352,-0.0769174771152866
186,1421,-0.38757419592012
186,1669,0.0264078572266827
186,1739,-0.357499166432336
186,1955,-0.419346398999414
187,189,0.306994674778092
187,192,-0.552107550461667
187,193,-0.399800215090429
187,195,-0.416984709277533
187,199,-0.220012204296489
187,200,-0.649949402571069
187,267,-0.425981755825599
187,399,-0.376285723200506
187,536,-0.377685814865863
187,655,-0.664806000874736
187,707,-0.57678256676142
187,809,-0.544127430089561
187,810,-0.495522948984333
187,821,-0.562919832944099
187,889,-0.282107229789959
187,1096,-0.841866694332548
187,1124,-0.0321812322038879
187,1256,0.0507490781693534
187,1491,-0.58315023908358
187,1648,-0.415229227249961
187,1855,-0.296075137758404
187,1864,-0.397500801441498
188,189,0.671568040670933
188,190,0.258771472106987
188,191,0.150907668156466
188,195,-0.0481924307437147
188,196,-0.190567516673704
188,197,-0.489290928645995
188,216,-0.436652161542704
188,291,0.391104068500839
188,357,-0.216667451041965
188,390,-0.335061188791138
188,481,-0.281186442819543
188,508,-0.0657134010716326
188,824,-0.0683796443394622
188,900,0.0804148017713124
188,965,0.179509961232796
188,983,-0.0209748348538935
188,1024,-0.207068330213695
188,1069,0.214276226794959
188,1373,-0.560079135318987
188,1474,0.377102132545478
188,1570,0.425556943943048
188,1735,0.150655379413345
188,1762,-0.204025925590277
188,1882,-0.353647264764423
189,190,-0.438141219898333
189,193,-0.686200158400215
189,194,-1.15246674425034
189,197,-1.1163171582311
189,200,-0.920648329881191
189,209,-0.552376263104696
189,380,-0.757662572007027
189,461,-0.62717622379555
189,482,-1.0229251230016
189,552,-0.681910814102225
189,663,-0.208732971843834
189,664,-0.630254718902843
189,813,-0.632631429087768
189,920,-0.79115542256489
189,965,-0.544533834455235
189,980,-1.00195808991521
189,1062,-0.0108993554838021
189,1148,-0.455295446930967
189,1268,-0.908203513873049
189,1466,-0.748571163402877
189,1521,-0.301148531782227
189,1530,-0.715362689029284
189,1754,-0.784652080494545
189,1853,-0.339300305460387
189,1856,-0.25355298867553
190,191,-0.0997819744416678
190,194,-0.747970895817694
190,195,-0.304504707635738
190,196,-0.456034446504631
190,197,-0.751840330356691
190,198,-0.38111329631302
190,199,-0.0953597531950232
190,201,-0.272813857691404
190,202,-0.151786093176982
190,282,-0.190556957062077
190,293,-0.422490727101371
190,336,-0.327554509539698
190,527,-0.877652449592778
190,563,-0.173137137616489
190,738,-0.167854473146898
190,1090,-0.159309217329758
190,1113,0.0514891817279507
190,1441,-0.0124990694558327
190,1690,-0.1075029100147
190,1711,0.0416187622388201
190,1880,-0.604629769914394
190,1891,-0.0253396512686606
191,192,-0.316045723959047
191,193,-0.184073483657677
191,197,-0.625249327050464
191,198,-0.264729479296572
191,199,0.0096965933162281
191,220,-0.0226191331834717
191,269,-0.0592371985185032
191,282,-0.0756153565077784
191,323,-0.553896796365263
191,354,0.221661415210516
191,386,0.359620904840214
191,392,-0.195264408413871
191,546,-0.505488349576886
191,555,-0.0087147871595111
191,689,0.27465876622941
191,761,-0.425475422837297
191,824,-0.220529574564486
191,938,-0.550093468419839
191,1379,-0.205757300621823
191,1468,0.0042512000255145
191,1503,-0.584606960289698
191,1735,-0.0042174847367524
192,195,0.108656797274745
192,197,-0.358873699820063
192,202,0.292381716736601
192,203,0.555035312447292
192,243,-0.185799008133945
192,465,0.807084533219191
192,788,-0.157894410183269
192,1031,0.229235816506754
192,1339,0.472140040270772
192,1595,0.414360695220385
192,1597,-0.0001318257361706
192,1678,0.113997932585435
192,1752,0.604290924419558
192,1789,0.177430259470377
192,1795,-0.113985942401577
192,1931,0.135628684349852
192,1946,0.384131998508517
192,1999,0.539951499176315
193,194,-0.393960006086952
193,196,-0.1415458169
193,198,-0.0683313440710986
193,200,-0.251262755369841
193,203,0.393127695445941
193,206,0.0356746398156904
193,399,0.0427583379585929
193,585,0.211043448133184
193,672,0.0474889377257703
193,760,-0.130421470426555
193,805,0.0160180367221222
193,809,-0.127579511297873
193,866,-0.154556506067469
193,896,-0.217637373619332
193,1123,0.486795784449803
193,1289,-0.39696225301641
193,1387,0.594001252294599
193,1636,-0.384209921049999
193,1653,0.106799557886401
193,1875,-0.0029729629359916
193,1905,-0.11475960968174
193,1966,0.0131323638756639
194,195,0.395362420912097
194,206,0.461531403655774
194,397,0.51150399796314
194,489,-0.0471629668397865
194,536,0.448986882036709
194,540,0.430823981685519
194,647,0.703056730923143
194,699,-0.11083345201792
194,713,0.349971621246347
194,860,0.811161435769751
194,1068,0.257030410358645
194,1269,0.360919107631615
194,1282,0.747403949394607
194,1611,0.611867443845859
194,1615,0.730146090693066
194,1901,0.402312784798138
194,1934,1.02561599624434
195,196,-0.138389348900817
195,197,-0.435086338626342
195,199,0.21587058158532
195,200,-0.250918103882045
195,204,0.258326014142581
195,483,-0.0893393293132339
195,520,0.0981536672584375
195,1133,0.145671901963702
195,1224,0.0805491771603452
195,1370,-0.020137105179939
195,1395,0.363716156664421
195,1455,-0.109014756924795
195,1569,0.290268915976099
195,1614,-0.264234840258856
195,1712,-0.0213191165168599
195,1782,0.549215572721804
195,1820,-0.0440088632473726
195,1910,0.0629641679532636
195,1926,0.158447265652711
195,1962,-0.0838430899730359
196,200,-0.126505101820163
196,201,0.170080198845151
196,204,0.406742465523937
196,205,0.0852272268744952
196,208,0.453654938503417
196,322,0.659444178146121
196,513,-0.184050245011639
196,618,0.576227478498059
196,672,0.204563521499381
196,842,0.503206250053155
196,1003,0.726491780258458
196,1022,0.447194551432462
196,1165,0.416701522533938
196,1499,0.501381574372445
196,1679,0.134738321487207
196,1680,0.232675904650145
196,1723,0.512077885795627
196,1924,0.580550228733029
197,208,0.7328321729648
197,209,0.600234388059545
197,251,0.401516454062394
197,394,-0.0635376473347217
197,493,0.450581081521265
197,539,0.823582679501083
197,586,0.414618505697924
197,644,0.481278037133895
197,786,0.701947274887744
197,802,0.783993728699064
197,1063,0.37082745435733
197,1085,0.580884396896141
197,1106,0.327728695163384
197,1241,0.767782412403631
197,1261,0.859358611108805
197,1273,0.283678419845399
197,1346,0.574254700451095
197,1598,0.960763945717033
197,1685,0.575001906124257
197,1826,0.626118979244476
197,1990,0.679800602677633
198,200,-0.202325069872466
198,202,0.23821148114769
198,203,0.493824939651193
198,206,0.111212920137165
198,211,0.120484049227105
198,264,0.427565433141276
198,333,-0.487026887530707
198,380,-0.0510185551796301
198,437,0.369698120056085
198,468,-0.154293021476534
198,510,0.172287110817854
198,736,0.23513877426186
198,841,0.919682093256366
198,1081,-0.416989117230004
198,1266,-0.0927878680694252
198,1293,0.125493792177267
198,1645,-0.302040039902841
198,1749,0.600973832349245
199,202,-0.0558718527349382
199,204,0.0512311400860932
199,207,0.169266485381224
199,209,-0.0443501682198526
199,211,-0.173599284655523
199,212,-0.320424192776884
199,260,-0.106417281821138
199,279,-0.107005877730237
199,569,-0.495304287309093
199,722,-0.199754218420554
199,728,-0.509991837595208
199,730,-0.82044823552669
199,766,-0.102448909729944
199,885,-0.462659328864078
199,1050,-0.209991386325043
199,1059,0.383200747448411
199,1151,-0.477424117282461
199,1486,-0.0238015366975027
199,1756,-0.931705561894189
199,1940,-0.343472160712023
200,206,0.305045138941928
200,207,0.64246659521087
200,209,0.410347197004737
200,424,0.490242058139622
200,467,0.0218392078267513
200,514,0.526634435290249
200,524,-0.165647097727532
200,635,0.229196067734379
200,775,0.256174498320544
200,794,0.152523672047267
200,885,-0.0048839806169915
200,916,0.414812165665513
200,1290,0.603179922107203
200,1327,0.49530417908408
200,1556,0.339991645169769
200,1560,0.607450866666175
200,1714,0.347682850954262
200,1809,0.192833204901566
200,1810,0.232622519240515
200,1819,0.211841780800116
200,1830,0.417450523603571
200,1989,0.594660690776992
201,208,0.284176207149582
201,210,0.264165504028552
201,213,-0.259436906741945
201,273,0.193301525616797
201,292,-0.189972758392626
201,337,0.26075308504763
201,340,0.233273977832201
201,360,-0.0441694707951494
201,469,0.121547427453171
201,612,0.101689860106931
201,652,-0.0814805764673116
201,850,-0.165254214110324
201,852,0.112932427357225
201,982,-0.0962896723805558
201,1032,-0.0373686518120064
201,1123,0.476919940597929
201,1153,-0.562764228478769
201,1186,0.495520983972121
201,1192,-0.0572863660289497
201,1199,-0.0747276420304966
201,1307,-0.217925590017603
201,1444,-0.210952393288865
201,1454,-0.0786711643191587
201,1864,0.0630599858978944
201,1964,-0.0152226279859615
202,204,0.106598051171803
202,205,-0.246961034017515
202,208,0.170639185512246
202,212,-0.267340696271221
202,215,0.600052716371231
202,258,-0.015304004080526
202,286,-0.476802577478937
202,305,-0.0717653942464407
202,835,-0.0085632936218059
202,953,-0.194320275575383
202,1319,-0.0630241714434957
202,1430,0.415820631063942
202,1461,-0.403018443136067
202,1482,-0.460777765145741
202,1578,-0.05452716354007
202,1652,-0.607277577787556
202,1761,0.063550235232912
202,1792,-0.357005020321421
203,206,-0.382612019514027
203,208,-0.0701060764416958
203,211,-0.380614564719489
203,273,-0.196400959518178
203,350,-0.597281529026799
203,385,-0.360352554576541
203,504,-0.957590406832236
203,601,-0.400368542430216
203,697,-0.458753747863732
203,1095,-0.461390134469419
203,1238,-0.384632183685091
203,1616,-0.0219720664473225
203,1659,-0.554996883669112
203,1894,0.0783683745584866
203,1972,-0.435086864735127
203,1974,-0.118966533286397
204,212,-0.364847239378159
204,216,-0.643928453590636
204,263,-0.403038962726764
204,351,-0.31134568293935
204,399,-0.21302836044251
204,625,-0.353618123241194
204,754,-0.055673771659418
204,846,-0.511709881008572
204,1065,-0.180645395493836
204,1200,0.0716616885058599
204,1308,-0.542105991254862
204,1355,-0.221952636419487
204,1364,0.174546739985374
204,1368,0.127573521593553
204,1415,-0.382309900649483
204,1416,-0.696963626438988
204,1741,-0.293331184005279
204,1866,-0.0760865530067285
204,1925,-0.740494188794978
205,206,0.115383464568324
205,207,0.483417244275388
205,209,0.239156562603209
205,210,0.381959206270459
205,215,0.860779682131545
205,216,-0.353137231787643
205,218,0.452580971066934
205,228,0.444290988484411
205,238,0.334165631710052
205,290,0.0431155849812185
205,482,-0.327911233831453
205,563,0.17619114526595
205,657,-0.134067869976673
205,731,0.326428185315766
205,772,0.312630448125396
205,880,0.672706714665742
205,1539,0.809199498700929
205,1544,-0.0016410738093024
205,1720,0.674746355865008
205,1923,-0.163398024408972
206,208,0.282859327649632
206,210,0.263087966120122
206,213,-0.282966498247511
206,215,0.718444061198052
206,216,-0.44543590449542
206,377,0.195008203067449
206,378,1.0473888694321
206,474,-0.074928368356159
206,531,-0.0952498844019043
206,613,0.337772730713452
206,1096,-0.518072293382617
206,1160,0.27877328496654
206,1311,-0.154039904122603
206,1658,-0.145316720737962
206,1673,0.109131756064345
206,1678,-0.0472635880243356
206,1850,0.096033267738328
206,1929,0.133756079086691
206,1962,-0.13043425797181
207,208,-0.0382041116153818
207,216,-0.795668924472039
207,217,-0.0104794748156673
207,218,0.0424054410078236
207,219,-0.648920471695759
207,220,-0.215660412109087
207,415,-0.562074042264821
207,492,0.0733247682459123
207,586,-0.419256322887692
207,828,-0.174580648881159
207,1002,-0.332929804045923
207,1193,-0.0904133892261823
207,1429,0.380620049015792
207,1434,-0.487193077731726
207,1522,0.475929886414113
207,1602,-0.309517087041237
207,1867,-0.634960279272329
207,1948,-0.605218535541206
208,210,-0.033901297597908
208,213,-0.545056151461002
208,214,-0.291512934405353
208,215,0.372328227134831
208,216,-0.678267331083259
208,284,-0.404483140180447
208,451,-0.35304137766522
208,568,-0.180655135509977
208,609,0.0917182187542872
208,649,-0.511535978097365
208,674,-0.67114730672335
208,872,-0.578934582562764
208,1069,-0.0708460646606052
208,1161,-0.159633379823469
208,1177,-0.200466900472526
208,1231,-0.389647098134946
208,1287,-0.0920169540213451
208,1331,-0.36288023275305
208,1409,-0.184508202925885
208,1444,-0.482839549940626
208,1537,-0.0760955638422157
208,1572,-0.168062728950181
208,1901,-0.363077887160083
209,212,-0.258715939114292
209,213,-0.398972599497764
209,218,0.224088490719716
209,221,0.189769957438221
209,222,0.105216022580682
209,285,0.107797856319867
209,295,-0.0943392452055344
209,382,-0.173995343038124
209,426,0.46327324421091
209,529,-0.524680505842034
209,544,-0.0874145809550433
209,688,0.0653634123855889
209,982,-0.233915733903171
209,1118,-0.441682979461049
209,1232,0.078703873921986
209,1251,-0.442909478703318
209,1259,-0.232323460963717
209,1260,0.0766588015455869
209,1286,-0.0888203668101332
209,1412,-0.371907102391682
209,1440,-0.104817283410998
209,1785,-0.295481233235321
209,1900,-0.21069673777988
210,213,-0.538594296905528
210,278,0.23630958715656
210,304,-0.212284020578194
210,569,-0.569473844740817
210,847,-0.728619987086619
210,951,0.0106467940302696
210,957,-0.48002967801714
210,1015,-0.0808060329173404
210,1050,-0.292412264712259
210,1127,-0.241744737828266
210,1217,-0.123145374871464
210,1259,-0.350803642236192
210,1329,-0.363516603621838
210,1528,-0.274558769742894
210,1652,-0.714083736800175
210,1775,-0.152201258836492
210,1831,0.0487636671336537
210,1898,-0.2108726326639
210,1964,-0.304272975793944
210,1976,-0.263345981945705
211,214,-0.0008209009739773
211,215,0.722761568859494
211,223,0.164806580391427
211,549,-0.0434588595628669
211,561,0.022280486396215
211,747,-0.069272626303873
211,762,-0.270904402921796
211,764,0.232112713981392
211,1003,0.545822479825181
211,1114,-0.174002632857108
211,1147,0.39001863518265
211,1263,-0.12259731529952
211,1403,-0.0323416848196462
211,1653,0.067414532529679
211,1736,0.288507136302223
211,1744,0.653385545107505
211,1773,0.250880704007235
211,1775,0.103254630192364
211,1839,0.0804525505265075
212,214,0.148381264317171
212,218,0.473800385736771
212,222,0.3915602643144
212,225,0.825663343250052
212,302,0.2270089146484
212,372,0.224605243615228
212,503,0.485703973117643
212,563,0.193614849814666
212,688,0.335511407211289
212,889,0.290387980361369
212,916,0.248880680141676
212,1409,0.225329352831517
212,1423,0.506281540399899
212,1550,0.42714614194247
212,1612,0.237485566053912
212,1636,-0.340559229700875
212,1664,-0.0185383591684619
213,215,1.00949789454366
213,218,0.59914667705229
213,224,0.545216615076873
213,226,0.424475480067407
213,354,0.656129170512465
213,411,0.128335023526525
213,415,0.0284490980712298
213,587,0.377365985172803
213,666,0.17338397749957
213,730,-0.371273392409309
213,933,0.547573084407391
213,1128,-0.0239268732187584
213,1145,0.046588933359935
213,1324,0.62605599233589
213,1373,-0.299603443078248
213,1435,0.41290534193201
213,1455,0.116535236057717
213,1528,0.262898357902836
214,220,0.15977833766143
214,221,0.361349202854288
214,222,0.255221038722004
214,227,-0.166915419683153
214,233,-0.489115899551979
214,372,0.0938725665014741
214,391,0.209706611273566
214,472,0.170661982151916
214,526,0.730058557864485
214,627,0.0013821231571493
214,706,0.412954365782295
214,845,-0.0114707983630957
214,1069,0.234508438986664
214,1120,0.533207969689945
214,1293,0.0095794900621765
214,1331,-0.132952413150964
214,1648,-0.0271117613986601
214,1858,-0.168116764053743
215,216,-1.13934180948647
215,227,-0.844163124400834
215,313,-1.10387907806521
215,333,-1.27046775918575
215,363,0.0043077936846557
215,471,-0.558467594153377
215,481,-1.02225444081988
215,893,-0.735993953085726
215,1078,-0.490061975118924
215,1201,-0.182538169152017
215,1241,-0.412578652128735
215,1629,-0.939984632747698
215,1638,-1.12550740953548
215,1777,-0.4891334094473
215,1916,-1.09125141647748
216,221,0.784287978794587
216,225,1.05764068667538
216,227,0.285927400091463
216,228,0.739301270131144
216,276,0.0816770954552436
216,370,0.498259782964615
216,565,1.15068859671677
216,668,0.354203196360993
216,844,0.34065425330635
216,925,0.888882346990916
216,1047,0.655184431290991
216,1469,0.806397642694544
216,1491,0.177026375861974
216,1533,0.456972718604954
216,1593,0.319579842954573
216,1608,0.551061744635034
216,1734,0.439410360723585
216,1922,0.363668951897991
216,1939,0.828119304193683
216,1977,0.229578889228125
217,218,0.0555080794288664
217,585,-0.169824272925127
217,776,0.209539078974155
217,786,-0.0927507626067827
217,840,-0.653845966013385
217,902,-0.257970481842091
217,911,-0.200916234559685
217,912,-1.22731308383425
217,992,-0.133198032186382
217,1038,-0.701524382074637
217,1055,-0.663946635624664
217,1089,-0.21589930702311
217,1092,-0.045265049201952
217,1151,-0.674189070544516
217,1336,-0.405840264633914
217,1354,-0.439075592471364
217,1380,-0.28443122888438
217,1603,-0.323908216604856
217,1934,0.202579984856586
218,220,-0.229815045814964
218,222,-0.138138591505973
218,231,-0.500620617699507
218,310,-0.604710854871705
218,367,-0.738447253072527
218,459,-0.393962686002594
218,483,-0.481454268572457
218,529,-0.717512388421657
218,631,-0.475181403136019
218,722,-0.356682902260441
218,790,-0.499018701037195
218,808,-0.016662658622735
218,824,-0.405167816822617
218,856,0.164129075784319
218,862,-0.255547033878412
218,903,-0.408412131311043
218,995,-0.312663152851959
218,1085,-0.307763390558761
218,1115,-0.15498805937294
218,1235,-0.246131879018116
218,1286,-0.299066018751502
218,1334,-0.162554538308447
218,1452,-0.745899148862204
218,1602,-0.306390698820265
218,1670,-0.243522486687631
218,1858,-0.464704147917354
218,1998,-0.3080219977592
219,221,0.645923889976128
219,223,0.455225588575497
219,224,0.547497170458558
219,229,0.231738612472739
219,262,0.613524949830538
219,266,0.258894003727715
219,598,-0.0989002723245798
219,729,0.415200422064718
219,769,-0.0784825131721651
219,854,0.279334493644382
219,1020,0.313274252242819
219,1043,0.675262765988209
219,1086,0.856327289764938
219,1194,-0.0805729246842848
219,1793,0.158108712257825
219,1878,0.0764267898017368
219,1936,0.180941218953431
219,1997,0.410256786366637
220,225,0.566349877815277
220,232,-0.344956620928862
220,233,-0.635724325700726
220,706,0.276957780873144
220,812,-0.430118777797372
220,954,-0.058423580783387
220,1035,-0.0789111060975624
220,1136,-0.561012870822846
220,1138,-0.123818325085548
220,1385,-0.13398103416685
220,1450,0.175093180706897
220,1656,-0.291065365878011
220,1747,-0.267420193411996
220,1785,-0.33846750158655
220,1938,0.109292029897162
221,224,-0.0630279551652989
221,225,0.384537171528422
221,226,-0.153018805199475
221,229,-0.357915923488305
221,231,-0.533410516493608
221,233,-0.809797777735532
221,234,-0.395137598933779
221,418,-0.58191862058105
221,909,-0.251615943828002
221,1133,-0.213960833002988
221,1226,-0.660427814775479
221,1318,-0.677045015892628
221,1443,-0.666139489464506
221,1470,-0.744716400202428
221,1977,-0.503251414884605
222,227,-0.386515746688032
222,230,-0.164359194905542
222,416,-0.428656293645486
222,425,-0.214834948737178
222,449,-0.140404723747603
222,463,-0.503092414712252
222,630,-0.422039488693781
222,733,-0.468392489611435
222,815,-0.053484216098776
222,920,-0.358079550805509
222,1085,-0.191165327698262
222,1245,0.270008687379267
222,1285,-0.830054732272413
222,1330,0.043004781335837
222,1776,-0.0202247950092972
222,1856,0.217116266483541
222,1870,-0.0658814413020894
222,1953,-0.325355690132942
222,1970,-0.616553370700782
222,1998,-0.214042530463516
223,228,0.174946333154847
223,302,-0.0409096473287505
223,565,0.626047760842076
223,604,-0.341603277508372
223,705,-0.119601099939571
223,836,-0.567215756199516
223,903,-0.249579244503552
223,932,-0.0132497556238024
223,1007,-0.156789034867033
223,1048,0.0195002019650163
223,1272,-0.557694897612429
223,1331,-0.275467387609982
223,1450,0.153834685093245
223,1602,-0.126551636921882
223,1639,-0.447904894830831
223,1640,-0.398095805838967
223,1849,0.117875708151558
223,1890,0.357281142634943
223,1898,-0.121422318654765
224,225,0.425698975882256
224,227,-0.400066859512555
224,229,-0.281228893500225
224,233,-0.71414793106273
224,235,-0.37236549730832
224,237,-0.410295101190258
224,264,0.080668187162109
224,274,-0.190501385841694
224,467,-0.519998295924391
224,483,-0.411589166966458
224,499,0.0069396293332505
224,740,0.127484258555736
224,746,-0.0545716510208819
224,765,-0.274890132125009
224,947,-0.263493574868337
224,1013,-0.721749672344988
224,1103,-0.478310946194218
224,1164,-0.563078176702797
224,1277,-0.538162030084882
224,1420,-0.336689795720508
224,1504,-0.80706652487477
224,1942,-0.2551530977042
225,226,-0.491407855861461
225,228,-0.347241290043154
225,233,-1.09518692855849
225,237,-0.794691164061588
225,422,-0.911978227628593
225,532,-0.888383091766307
225,576,-0.251684607879187
225,718,-0.331263997726136
225,752,-1.04255013823454
225,829,-1.0049976274924
225,865,-0.523959278007817
225,1013,-1.1061580076639
225,1238,-0.665175093662745
225,1333,-0.477847351315279
225,1481,-1.1175772429863
225,1485,-0.260625856354252
225,1490,-1.20805459022766
225,1675,-0.807821068014161
225,1691,-0.139409080806566
225,1793,-0.769796103279704
225,1844,-0.746222727977302
225,1926,-0.580031825756709
226,227,-0.288607757630102
226,229,-0.174572402469173
226,231,-0.322642107261084
226,233,-0.585452743148106
226,235,-0.264485213828799
226,238,0.0459701118489757
226,364,0.0916961542963424
226,465,0.447903547666136
226,583,0.0253128641155174
226,739,-0.422283773177708
226,806,-0.0962667919769656
226,836,-0.518097493362773
226,946,-0.363442963102029
226,1091,-0.349630099781599
226,1227,-0.385065864135095
226,1297,0.0582787237419056
226,1443,-0.458415266125422
226,1504,-0.670644385270185
226,1694,-0.464741298726072
226,1726,-0.197018716016325
226,1762,-0.345342420588997
226,1820,-0.224026741705906
226,1949,-0.120798456031687
226,1978,-0.589343335455997
227,235,0.0152689412478447
227,239,0.206829209458775
227,258,0.252815252495048
227,403,0.874509031182089
227,520,0.193860768758507
227,535,0.357239590653764
227,595,-0.340592787497667
227,785,0.351511007727588
227,1090,0.235674867238638
227,1261,0.527567800661175
227,1348,0.530067274963869
227,1380,0.173191075399017
227,1449,0.0933725770686045
227,1518,0.0465886963546665
227,1594,0.0175703187123226
227,1739,0.0211854497542681
227,1799,0.188449621118419
227,1810,0.0749961015178548
227,1820,0.0483008879016461
227,1869,0.480547150902698
227,1933,0.115000834934474
228,229,-0.341691813642999
228,230,-0.255135852458685
228,231,-0.499070164298838
228,234,-0.376872528596596
228,236,-0.28565457538382
228,237,-0.465334470464657
228,238,-0.116963062731585
228,326,-0.504117998963729
228,521,0.05671321927958
228,559,0.0074127628490361
228,655,-0.605587975194892
228,667,-0.907423285565778
228,1274,-0.41522357604102
228,1544,-0.414080533602854
228,1647,-0.415031174082859
228,1677,0.181826352979157
228,1756,-1.05639303049003
228,1892,-0.557978373730272
228,1916,-0.703388365682008
228,1975,-0.540599608936667
229,232,-0.146167220007976
229,236,0.0470971100610014
229,237,-0.13544400598493
229,238,0.232967098608212
229,241,0.232224548596842
229,243,-0.31598200837696
229,288,0.510491812913431
229,349,0.867119231198469
229,364,0.277533042775311
229,556,-0.159332669041298
229,791,-0.321601040135963
229,852,0.126175546830043
229,990,-0.0627669371713801
229,1063,-0.0835744083865179
229,1277,-0.25794396496636
229,1375,0.59490759252935
229,1479,0.416623841646981
229,1656,-0.107649065751307
229,1816,0.21571849083561
229,1986,-0.449437758220009
230,231,-0.296278047586024
230,233,-0.587799444782505
230,234,-0.160050128146078
230,239,-0.0523176935123847
230,242,-0.321274749825919
230,563,-0.0102733437205162
230,608,0.295206706342741
230,705,-0.0470467310366106
230,761,-0.403022614442524
230,968,0.381303287928575
230,992,0.132404573614834
230,1153,-0.752533395315386
230,1557,-0.273905171573024
230,1680,-0.0416146932806165
230,1736,0.208219186093014
230,1931,-0.10056584719772
231,235,0.0292337665314368
231,236,0.192614034373064
231,238,0.392843605421969
231,242,-0.0384248142065736
231,278,0.682314528193112
231,298,0.0500911509260887
231,477,0.263438266466583
231,779,0.536409747701724
231,791,-0.190812791978133
231,796,0.715340217590504
231,849,0.231759047874856
231,970,0.384501426019294
231,1310,0.574351437233634
231,1340,0.673968682824839
231,1372,0.559850202524831
231,1390,0.324456748943505
231,1745,-0.119874069667457
232,234,0.108945544562503
232,241,0.390498545225737
232,242,-0.0475244826527647
232,244,0.7251787463538
232,253,0.461101591218996
232,357,-0.0668805155112081
232,485,0.527275693732387
232,693,0.500409811924458
232,924,0.076957430604472
232,976,-0.147549569603019
232,997,-0.11518871651883
232,1142,0.844839930848058
232,1227,-0.0870159806392344
232,1294,0.817981032481344
232,1526,0.116028901009261
232,1719,0.211169027489076
232,1826,0.321927776768643
232,1854,0.0297557004687064
232,1925,-0.421903274322114
232,1953,0.0894365742804093
233,234,0.391531130595743
233,236,0.463178382722906
233,241,0.653704750113363
233,243,0.14276399474117
233,338,0.184818499479592
233,356,0.204349193366604
233,512,0.616872384804774
233,523,0.796813633191596
233,714,0.701443728130476
233,736,0.556557649532981
233,781,0.380763385935198
233,1157,0.875920154336051
233,1370,0.378384791637633
233,1588,0.144745792919895
233,1590,0.19813454197277
233,1641,0.150928752705095
233,1901,0.40303449917782
233,1917,0.375792703857701
233,1939,0.854087807206192
234,236,0.0819149778613784
234,237,-0.100626138184553
234,241,0.267405263550439
234,244,0.582574736521
234,246,0.0504597525188783
234,666,-0.0333868109414434
234,716,-0.197975629592814
234,762,-0.196638088220566
234,953,-0.0129945144926591
234,994,0.575592268412457
234,1157,0.467399834679639
234,1288,0.217430175858255
234,1419,-0.183058796979811
234,1420,0.0143490685845417
234,1455,-0.0994034879068092
234,1554,0.298693547337604
234,1557,-0.114261163746149
234,1627,-0.0991211186044225
234,1711,0.354419717236055
234,1775,0.166690708150929
235,236,0.14797250357693
235,237,-0.0237224648057515
235,239,0.183976524352445
235,241,0.324686988745435
235,244,0.625921985009626
235,245,0.540797263709026
235,258,0.229240361813077
235,454,0.120383874325729
235,487,-0.169850513836884
235,523,0.461618597263139
235,650,0.25475382260797
235,940,0.297478464899902
235,1045,0.132073670967903
235,1110,0.117545166752471
235,1145,-0.0834112497236317
235,1177,0.185350510846452
235,1490,-0.374791771118684
235,1543,0.0374660756120785
235,1595,0.363378181939859
235,1598,0.620441340395558
235,1723,0.433513301458048
235,1733,0.797590282231233
235,1767,0.210252386577181
235,1888,0.490180529931025
235,1943,0.176626009210469
236,239,0.0201221820429204
236,240,0.434436015626381
236,245,0.40499699769168
236,268,0.229324429517989
236,354,0.350578152715323
236,550,0.423740173395115
236,793,0.0834648276374856
236,920,-0.126778519902746
236,934,-0.138990795656099
236,974,-0.369973130227075
236,1137,0.469856793949666
236,1246,-0.0928415867640659
236,1257,-0.0915064394086979
236,1418,0.0747211799111708
236,1451,-0.486028515744478
236,1518,-0.118890431103365
236,1621,0.385726923547269
236,1650,-0.0170000056125243
236,1696,-0.333028694172337
236,1784,0.607929876819398
236,1820,-0.110691109139229
236,1941,0.170428198831883
237,240,0.59453053528695
237,241,0.359067756032032
237,243,-0.158924148356806
237,248,-0.0978469634370758
237,306,0.0578211416418468
237,565,0.881770957270838
237,773,0.36482534938435
237,841,0.935365439023043
237,854,0.179391119671252
237,1021,0.74557938058927
237,1078,0.260139119965477
237,1171,0.383480149741937
237,1361,0.699309526994529
237,1387,0.709828810632845
237,1395,0.479282865099268
237,1706,0.346124806726832
237,1898,0.186574244018721
237,1905,0.0098897076505076
237,1916,-0.254435042285464
237,1925,-0.394343813231239
237,1976,0.160114638837304
238,246,-0.225634639692632
238,249,-0.543839280152561
238,286,-0.554846083983253
238,339,0.565372859208188
238,452,0.288701187034016
238,468,-0.447088133874977
238,492,0.193861952310513
238,595,-0.73073694651291
238,621,-0.0352946049728564
238,818,0.0768020101341826
238,1360,-0.434709690148299
238,1409,-0.109315616531211
238,1548,-0.216536266985988
238,1640,-0.430256377612227
238,1712,-0.266247124638897
238,1764,-0.582939426927953
238,1810,-0.286754430981319
238,1818,0.044052260916545
238,1831,0.105087823535985
238,1910,-0.194163866169306
239,240,0.459138628466046
239,245,0.427130203697822
239,246,-0.0606493687496153
239,247,-0.279808833822513
239,250,0.180608046564142
239,779,0.346727429495942
239,864,-0.236821761811736
239,922,-0.34944004052057
239,928,0.500755718391027
239,1038,-0.392768580124197
239,1131,0.0344557652253636
239,1497,-0.0239699446539938
239,1519,-0.563229762311574
239,1603,-0.0010416916086279
239,1793,-0.15380508236698
239,1881,0.207702431132932
240,243,-0.80482523712871
240,251,-0.54571376684966
240,343,-0.3500242937902
240,426,0.083144361719949
240,551,-0.223867173294645
240,616,-0.541176307550631
240,632,-0.434156600962059
240,653,-0.0819489464257574
240,729,-0.353695138634424
240,810,-0.577093275718082
240,901,-0.506534326310776
240,949,-0.786624685895629
240,1137,0.0298757448919647
240,1184,-0.38120637947433
240,1243,-0.417230319994166
240,1265,-0.177040434356666
240,1275,-0.57577735359667
240,1289,-0.844281625854432
240,1318,-0.75966273973543
240,1408,-0.599590674347751
240,1423,-0.088812009367727
240,1498,-0.272121716073522
240,1546,-0.602881981804659
240,1714,-0.476004057466354
240,1896,-0.584935391848178
240,1952,-0.690132559231333
240,1983,-0.432042565294948
240,1989,-0.190227814026236
241,244,0.307555446739029
241,246,-0.224967381377596
241,248,-0.474168662617592
241,250,0.0015941779344375
241,253,0.0835437984449166
241,254,-0.10907679176414
241,299,-0.211706787663749
241,326,-0.392957076481175
241,498,0.19275761264956
241,699,-0.696755487602202
241,798,-0.305387794324391
241,867,-0.701769031839632
241,1008,-0.690527348013895
241,1134,-0.342427682194632
241,1157,0.181890931689422
241,1162,0.631455435141037
241,1264,-0.311040869735122
241,1588,-0.493956936824801
241,1731,-0.0306438641775497
241,1733,0.492004397060971
242,243,-0.119503748052875
242,248,-0.0556645539953133
242,249,-0.123061260374386
242,250,0.415190793392374
242,251,0.119610668462137
242,366,0.331150270881784
242,437,0.464452457588065
242,657,-0.0292455185634751
242,659,0.479593341612088
242,755,0.485605320145795
242,1055,-0.0711027342133465
242,1115,0.458107246940611
242,1173,0.277582805675637
242,1219,0.427063611152398
242,1268,0.0055572130072044
242,1292,-0.327260463023286
242,1329,0.0816402063988424
242,1352,0.303582725607498
242,1626,0.616602946356318
242,1690,0.360006286115842
242,1804,0.75936767848236
243,246,0.339806876138636
243,249,-0.0134367115705677
243,250,0.563614463412225
243,256,0.618872406157991
243,401,0.407246410387207
243,522,1.08744457240529
243,623,0.400518814429434
243,927,0.765541503787064
243,1095,0.241689311531704
243,1248,0.159480690372779
243,1456,0.200323878560439
243,1685,0.434139832683244
243,1752,0.80938119478362
243,1932,0.529067169764053
244,247,-0.745747772212901
244,248,-0.796197525241618
244,249,-0.853702717823566
244,250,-0.305935556834212
244,252,-0.436507809069841
244,253,-0.212479296002826
244,256,-0.234169425291986
244,257,-0.435074907222876
244,395,-0.0866202370609179
244,480,-0.562711571519179
244,494,-0.828065829099486
244,533,0.0731063467738535
244,825,-0.799041795247781
244,1154,-0.449578136632597
244,1342,-0.881417514332548
244,1409,-0.417270750265692
244,1487,-0.0696219778629648
244,1590,-0.675640827743468
244,1611,-0.382067865681545
244,1651,-0.663109282930358
244,1720,-0.0050328030701414
245,248,-0.701562818444283
245,249,-0.757450768839032
245,257,-0.354469598226029
245,338,-0.63277474170369
245,361,-0.319088692492452
245,400,-0.180539055519631
245,494,-0.732091460965434
245,517,-0.0783258754285068
245,533,0.133437744888579
245,564,-0.407007014279496
245,838,-0.37213315215802
245,850,-0.599662891264816
245,975,-0.325582568115922
245,1005,-0.406852631570056
245,1070,-0.275013555415713
245,1164,-0.735130963933328
245,1189,-0.557236874415901
245,1384,-0.687350932595138
245,1449,-0.478687926538314
245,1505,-0.188152847508338
245,1604,-0.524865214485845
245,1749,0.0399323523638765
245,1793,-0.540928377603206
246,247,-0.210922261304129
246,249,-0.329331378726263
246,250,0.226641657054298
246,251,-0.0755328457577464
246,253,0.300697071963467
246,256,0.286906549171104
246,259,-0.192214466907997
246,459,-0.0504928857603692
246,463,-0.249143816355055
246,916,0.118322852450098
246,1158,0.316821829389296
246,1317,-0.179224504711634
246,1380,0.0458664716392651
246,1607,0.766790225440512
246,1748,0.277825038942724
246,1839,0.0989874949527845
246,1869,0.358901816140712
246,1870,0.173503685805182
247,250,0.425791844448379
247,252,0.302978450082467
247,255,-0.428164460865133
247,257,0.315283632100245
247,260,0.245314413627373
247,326,0.0309192084462142
247,447,0.594250803097914
247,690,0.442044818947886
247,784,0.413110872951552
247,889,0.369696565796245
247,992,0.440938903179137
247,1108,0.236451452138889
247,1386,-0.0226146073078391
247,1591,0.176587324982926
247,1614,-0.110285044351578
247,1738,-0.0360650217446699
247,1860,-0.0144137142889046
247,1917,0.136208858484451
247,1958,0.373119092199749
248,251,0.177001637991264
248,256,0.529179032232061
248,257,0.366176732774395
248,261,0.293043601824663
248,313,-0.0442669788841126
248,399,0.273885626246986
248,640,0.04511845554473
248,787,0.503652264886665
248,976,-0.0356139272703019
248,997,-0.0005403510633545
248,1037,0.208808955454482
248,1093,0.761644639290358
248,1134,0.170628847531393
248,1139,0.290420040424609
248,1158,0.55912361292285
248,1573,0.645060757742678
248,1576,0.0996972051905004
248,1645,-0.150813899539445
248,1715,0.407555552036527
248,1977,0.0605253713342801
249,251,0.240922557838208
249,258,0.440395849192706
249,259,0.133209213798066
249,311,0.580976990847741
249,398,0.855073892485512
249,399,0.338052403421372
249,462,1.01651325202828
249,465,0.948076573354553
249,557,0.474696755308672
249,942,0.281680666209251
249,957,0.0671677809308619
249,970,0.535165682446672
249,1135,-0.113939375629319
249,1169,-0.118119983051816
249,1622,-0.363078271936177
249,1651,0.202303814423758
249,1677,0.773425041878088
250,253,0.0820214431749263
250,256,0.0632123642592943
250,258,-0.109879775355859
250,260,-0.140260773820717
250,262,0.0905991452411574
250,263,-0.397928954290239
250,295,-0.177676261375079
250,327,-0.531237326695492
250,385,-0.193709394242869
250,509,0.188946343574339
250,968,0.214919253076877
250,1151,-0.503205157500543
250,1200,0.0820620591897126
250,1501,-0.311770318357885
250,1520,-0.281560421012472
250,1532,-0.811941544210608
250,1553,-0.162165991239615
250,1667,-0.496409254012912
250,1801,-0.185779583729034
251,259,-0.109555336162059
251,260,0.13328451634717
251,261,0.108793655995227
251,315,0.261470834908862
251,336,0.0292760658810108
251,432,0.0852430601544656
251,525,0.0242103633318775
251,611,-0.391012269821793
251,807,0.320419342426211
251,987,-0.103650578040972
251,1135,-0.34200081724738
251,1208,0.110768705506441
251,1457,-0.0919600928676929
251,1471,-0.0378047509268759
251,1554,0.322943519534911
251,1763,0.059892364194608
251,1796,-0.327208567812564
251,1976,0.0840562976750189
252,255,-0.747032037572494
252,256,0.184932884110393
252,260,-0.030316828949162
252,264,0.234171068345713
252,265,0.390156887382301
252,357,-0.30066266597665
252,465,0.536123223380398
252,623,-0.0307035662462813
252,857,0.33523261114209
252,914,0.0068055917935334
252,1166,0.387431792927431
252,1204,-0.126506683843906
252,1234,0.0581707749445317
252,1237,0.0714787828214898
252,1296,0.195131769308059
252,1374,0.185764349445787
252,1480,0.0940534519047163
252,1557,-0.251607450420521
252,1588,-0.379461484448321
252,1605,-0.369235594284957
252,1857,0.464790058792612
253,653,0.121627312951109
253,654,-0.0373451039736386
253,683,-0.484725288142545
253,708,-0.0427118831527241
253,783,0.0567293464722777
253,919,-0.296090151821716
253,951,-0.0253210575886457
253,1002,-0.271420822544718
253,1188,-0.169148509627112
253,1189,-0.405687727825026
253,1208,-0.279512479171589
253,1269,-0.342128750543585
253,1273,-0.489292399496763
253,1377,-0.360039293192336
253,1441,-0.0451589674099218
253,1492,0.23045312777923
253,1539,0.341508371156198
253,1576,-0.417842820889494
253,1616,0.0428770183135156
253,1685,-0.204884575692944
253,1697,-0.416602890760236
253,1839,-0.188902513659406
253,1947,-0.160853868453032
254,321,-0.101146731874731
254,398,0.384115930406411
254,545,-0.412491796843639
254,648,0.17253731304173
254,659,0.148774959957637
254,673,0.189778603326642
254,715,-0.216792753607524
254,894,0.114788944089507
254,1026,-0.0651886672890684
254,1061,0.0535737630695198
254,1089,0.0164091645473131
254,1120,0.393786205794063
254,1121,-0.16129589093122
254,1134,-0.215995669717876
254,1166,0.364832077873449
254,1249,-0.625273096046504
254,1316,-0.371730037938457
254,1400,0.202546105170716
254,1451,-0.554271452674498
254,1461,-0.357012271999257
254,1493,-0.520837103200825
254,1516,0.499833559647512
254,1587,-0.180390995795393
254,1651,-0.226660022650269
254,1668,-0.225248016192543
255,256,0.923114334853855
255,257,0.769612152149033
255,261,0.688766456593336
255,266,0.661226838521355
255,267,0.621473178354879
255,353,0.695133851530432
255,405,0.691728638747712
255,555,0.772069995409602
255,734,0.986202382649294
255,926,1.01317516770467
255,981,1.00613457425378
255,1155,0.908630912989369
255,1298,0.54564075817014
255,1365,0.382309639218389
255,1367,0.727441558353623
255,1488,1.08734641941715
255,1715,0.807413225696109
256,259,-0.459093076442177
256,261,-0.250091452987548
256,268,-0.0023473476266057
256,383,-0.536259392838148
256,498,0.121850321796594
256,604,-0.43187269027854
256,825,-0.527809700345917
256,905,-0.28487942235948
256,1088,-0.16301406779121
256,1092,0.0034481320514696
256,1107,-0.581959759000249
256,1111,-0.60023539289607
256,1173,-0.202451705808331
256,1240,-0.246073603299519
256,1318,-0.583845104011387
256,1508,-0.280506158719276
256,1609,-0.565575997836146
256,1635,-0.106354499471584
256,1777,-0.0812426770173621
256,1904,-0.0414889839047103
256,1920,0.0590961579251374
257,261,-0.0731331309497318
257,262,0.218750527157786
257,263,-0.298091053725014
257,321,-0.101294594318492
257,370,-0.0182847355289565
257,564,-0.0678272164414613
257,659,0.156883062905142
257,852,0.0022853895142569
257,885,-0.389566777419252
257,942,-0.133209626888709
257,1129,-0.208694189628279
257,1147,0.285631693608659
257,1161,0.0329434721966944
257,1365,-0.319066412598845
257,1501,-0.196060027777114
257,1644,0.0161429581116211
257,1718,0.0093747303285559
257,1788,0.0018434338182251
257,1901,-0.177029873537873
257,1957,-0.236605693383565
258,260,-0.0414864319237511
258,269,-0.0038090742138845
258,507,0.370740115717136
258,561,-0.0715773188109931
258,582,-0.365736958059317
258,642,-0.200337636272643
258,713,-0.212885131277753
258,781,-0.14620875040712
258,1077,-0.248796970529293
258,1188,0.0203662946928619
258,1217,0.029259275900368
258,1439,0.154522443706566
258,1543,-0.18272882737433
258,1547,-0.194244311623289
258,1705,-0.324908499479762
258,1796,-0.520912049505091
258,1966,-0.130172524105037
259,269,0.28869175884167
259,270,0.33505559250381
259,272,0.363424290915438
259,303,0.604161276876018
259,389,-0.448934462146042
259,457,0.248776836887223
259,567,0.138852539933375
259,578,0.655162769569448
259,589,0.396642576379977
259,618,0.58536205102543
259,692,0.154124712244561
259,696,0.126046778009101
259,714,0.460783744131165
259,780,0.404726470070788
259,870,0.204645506979727
259,912,-0.61201584979422
259,916,0.310197270729478
259,1102,0.629521959958372
259,1202,-0.0537112036622452
259,1259,0.0482046039581986
259,1441,0.451283277724934
259,1508,0.191016583654712
260,261,-0.0284360476378983
260,263,-0.238643861188795
260,267,-0.0871392924854911
260,270,0.0776343009952865
260,273,0.118912412875967
260,289,-0.594366903006859
260,344,-0.467299750970491
260,358,0.506793994708614
260,380,-0.180066880684249
260,526,0.575687830972659
260,560,0.43740605674585
260,591,0.0914992105349225
260,616,-0.107562690595764
260,619,0.102206249735303
260,646,0.296403094312303
260,690,0.164782820799436
260,742,0.0800706460308766
260,755,0.191998617123144
260,792,0.159967047956684
260,1050,-0.0833236675616575
260,1146,0.210631742594192
260,1365,-0.252853478041499
260,1481,-0.479770671025562
260,1553,0.0048770864318002
260,1679,-0.0942907786992049
260,1698,0.168356313356501
260,1767,0.0163295982166443
261,543,0.186162963966701
261,568,0.0734371194459062
261,571,0.344850110034368
261,771,0.405706528127575
261,783,0.324468625354973
261,933,0.24758741112736
261,942,-0.0639956994574857
261,1084,-0.0221760961944152
261,1150,-0.404862046053744
261,1284,0.0062855108044407
261,1646,0.0272756890269233
261,1662,0.271893642019622
261,1726,-0.0707833166221837
261,1815,0.131383612411229
261,1838,0.357322745101285
261,1877,-0.106211122596593
261,1917,-0.105941642666062
262,264,0.0329446215112215
262,270,-0.164096750760044
262,294,0.105875865949093
262,327,-0.657478461651073
262,377,-0.12254932532369
262,397,-0.206210766011495
262,506,-0.988479691678936
262,731,-0.115369339109731
262,740,0.0802040706131587
262,1024,-0.526651912016305
262,1317,-0.506951628781184
262,1339,0.0426167713413635
262,1382,0.0834649810506958
262,1463,-0.307571808594783
262,1623,-0.108261658528148
262,1820,-0.384392553614251
262,1989,0.0131875189700592
263,264,0.487146843524585
263,265,0.62998509214802
263,267,0.176801383236541
263,268,0.430910859904665
263,276,-0.124314985275439
263,295,0.226564933081229
263,493,0.151955618715049
263,621,0.347749902331631
263,626,0.161801298100127
263,763,0.208156135203309
263,852,0.31239410892544
263,915,0.0703865285109788
263,934,0.105345364651182
263,1031,0.266197801649925
263,1037,0.158322206468237
263,1050,0.177428006854353
263,1058,0.284077406459632
263,1093,0.648347819266877
263,1110,0.199104678142621
263,1140,0.24578801329545
263,1472,0.554342655664741
263,1616,0.511442627172217
263,1703,-0.12362685173575
263,1771,0.548652737407032
263,1835,-0.138289601497213
263,1894,0.641952098812351
264,266,-0.321214051801931
264,267,-0.359942903368618
264,268,-0.051867661630918
264,270,-0.179830479032121
264,271,0.124319351123025
264,275,0.151924650327488
264,276,-0.671096968464855
264,510,-0.243880021082545
264,830,-0.630902461059924
264,1188,-0.202080122252345
264,1319,-0.268367677326263
264,1434,-0.444776431155666
264,1480,-0.144755940923803
264,1504,-0.835998331973743
264,1568,-0.497495450986689
264,1598,0.224693470736643
264,1609,-0.610674187455215
264,1656,-0.449920641203056
264,1700,-0.818821026399754
264,1735,-0.167508113832524
264,1774,-0.577556005218983
264,1807,-0.830841952002289
264,1915,-0.447193621150787
264,1931,-0.302228633504594
264,1987,-0.406606971850335
265,266,-0.479114620919408
265,273,-0.30401969074227
265,275,0.001290448274094
265,278,0.0047104593113006
265,316,-0.986187301965385
265,463,-0.71797613636591
265,586,-0.537562049697921
265,745,-0.388653707081663
265,850,-0.629828333888001
265,995,-0.439080746338427
265,1249,-0.984259040802161
265,1300,-0.63290334970196
265,1327,-0.231661412625183
265,1389,-0.298462433308046
265,1552,0.0117394965349139
265,1604,-0.559311450235688
265,1621,-0.0944247030287395
265,1629,-0.671589735364482
265,1643,-0.941007138778326
265,1746,-0.59991352608903
265,1805,-0.902335272605931
265,1959,-0.344534916479571
265,1961,-0.465000454087385
266,268,0.262712251041006
266,271,0.455433189885143
266,327,-0.327048573716939
266,421,0.0120009098006725
266,518,0.318115160297738
266,534,-0.186356249327243
266,738,0.104657113009187
266,804,0.28023785132442
266,834,0.657631829986155
266,1088,0.113396408471553
266,1110,-0.0079295948624775
266,1209,0.206108498701366
266,1285,-0.581788612820956
266,1309,0.56153271487698
266,1361,0.570054265326533
266,1447,-0.227377385400426
266,1552,0.530882977696379
266,1615,0.286989761487581
266,1692,-0.200207914763683
266,1843,-0.103599185341805
266,1991,-0.0099808501899458
267,271,0.494248963033585
267,277,-0.142163918513676
267,279,0.104603746074992
267,563,0.110249214276601
267,674,-0.357328184434976
267,953,-0.0333998843862505
267,1067,0.13458095417929
267,1310,0.437339202475249
267,1319,0.103038780946546
267,1374,0.316049829463463
267,1425,0.610790115416138
267,1521,0.457175593137268
267,1562,-0.283326204054998
267,1680,0.0860669076685067
267,1762,-0.166127115141986
267,1849,0.305771751739781
267,1936,-0.0258808522710215
267,1950,-0.51986931495895
267,1990,0.235434167160203
268,269,-0.162815685441104
268,367,-0.678984849879107
268,445,-0.563496841152434
268,595,-0.742952631354716
268,617,-0.91647893814586
268,829,-0.584048046024275
268,840,-0.528792912713465
268,876,-0.361352870804703
268,911,-0.132750326151353
268,1016,-0.881258563097772
268,1018,-0.356216227767206
268,1107,-0.566178839075978
268,1110,-0.253711814606035
268,1116,-0.279997325192426
268,1193,-0.030373199843647
268,1234,-0.133089723472471
268,1289,-0.666734093714377
268,1356,-0.291206310348272
268,1359,0.244276896723089
268,1378,-0.389618056758535
268,1440,-0.22806276099332
268,1455,-0.404951389698677
268,1498,-0.0468127445208469
268,1810,-0.329885395811485
268,1861,-0.404652178916481
268,1971,0.0685137479302835
269,270,0.0418058058958724
269,271,0.347249461695765
269,272,0.0692834625858008
269,275,0.375692241834529
269,384,-0.272796655300529
269,389,-0.713860505007143
269,921,-0.445072874009901
269,1097,-0.177525846049054
269,1202,-0.337549436780705
269,1258,-0.0804766997153792
269,1419,-0.313919493759496
269,1453,0.363574740832423
269,1560,0.19635199601106
269,1629,-0.284771064829992
269,1715,0.0376976925022058
269,1756,-0.821749137955835
269,1764,-0.451854228205579
269,1821,-0.112592648901082
269,1823,-0.0851106430992842
269,1871,-0.129927600430665
269,1873,-0.409304406065411
269,1979,-0.167894747542989
269,1999,0.244113596693929
270,271,0.309712735798896
270,276,-0.509707531570864
270,277,-0.326103643364203
270,281,-0.430497639963576
270,282,-0.0548739106156818
270,421,-0.139107195811021
270,507,0.322686871385613
270,617,-0.831897171952474
270,934,-0.25834023643069
270,1017,-0.126309259160425
270,1239,0.33527238905966
270,1256,0.286969376059839
270,1393,0.215026840672889
270,1521,0.266769676684973
270,1762,-0.339028634858786
270,1790,-0.155234495192779
270,1809,-0.290187188989034
270,1837,-0.237689452184596
270,1961,-0.127236948265884
271,273,-0.278301531504579
271,274,-0.383098275388199
271,276,-0.808890145595598
271,279,-0.381783819842366
271,281,-0.716240029566924
271,284,-0.582431520193729
271,486,-0.708369872142196
271,568,-0.350337862446428
271,586,-0.515643604688032
271,596,-0.620978554805045
271,634,-0.649296565770958
271,731,-0.273058106835758
271,786,-0.220226839519228
271,925,0.0632255575899452
271,954,-0.380988006058626
271,1137,0.0759853330536335
271,1224,-0.398603549797485
271,1260,-0.252148057618666
271,1261,-0.0533544929380742
271,1291,-0.36808083329468
271,1599,0.0072660492076061
271,1768,-0.74019532323713
271,1882,-0.767687297938397
272,273,0.0103347887054874
272,274,-0.106861697014478
272,276,-0.538076229982492
272,279,-0.10219520517894
272,280,-0.353616578413262
272,281,-0.456755665316782
272,458,-0.66058750065734
272,571,0.196288951950174
272,602,0.307882681151574
272,651,-0.100627741095752
272,806,-0.111930053902942
272,939,0.102301994596966
272,1174,-0.0071600119463758
272,1288,-0.0186140519015352
272,1401,0.0014099335597409
272,1459,0.309780515720632
272,1690,-0.0132153049548974
272,1763,-0.199299812930829
272,1812,-0.0309561868813497
272,1842,-0.515367505954098
272,1852,-0.22239821187873
272,1901,-0.251948195696773
272,1925,-0.696941626015575
273,274,-0.121059239312727
273,276,-0.564360511813161
273,277,-0.375518352813007
273,278,0.322487305381235
273,281,-0.480398560035217
273,283,-0.131179263205792
273,410,-0.196488643325586
273,720,0.0088243369137791
273,738,-0.0814429724018178
273,759,-0.684933354215725
273,1143,-0.0629648049897202
273,1607,0.577529461588295
273,1617,0.285350647355699
273,1626,0.226525969608814
273,1736,0.09802721101483
273,1767,-0.11391801868747
273,1884,-0.989383088925662
274,278,0.426750907725768
274,281,-0.350510455480009
274,285,0.175091262771616
274,286,-0.39723057781171
274,325,-0.134579862899384
274,440,0.406885061784712
274,559,0.27611306843498
274,646,0.313540521823805
274,803,-0.150591965786332
274,806,0.0002242292393932
274,826,-0.105356769319105
274,858,-0.241110323361197
274,896,-0.320719903201727
274,1141,0.20761587755839
274,1212,0.0810104780871139
274,1343,0.220794287132036
274,1358,0.0786642639487804
274,1435,0.0611554185188858
274,1451,-0.518921892678345
274,1622,-0.723946441901851
274,1668,-0.18776011490235
274,1812,0.0745140020530976
274,1862,0.180373681610975
274,1868,0.260479817619729
275,277,-0.678298209437409
275,278,0.0043480136520181
275,280,-0.675569904718534
275,434,-0.630807900191309
275,466,-0.776563895979697
275,565,0.24303035800316
275,596,-0.649862865690749
275,669,-0.653051359897187
275,780,-0.232950512232853
275,807,-0.250243062079485
275,845,-0.498427883445953
275,855,-0.774387286937661
275,867,-0.953415137941859
275,896,-0.750498890475044
275,1362,-0.324798442421393
275,1520,-0.55438111502409
275,1568,-0.656300042633088
275,1601,-0.0916855697495585
275,1637,-0.426576425694138
275,1677,0.0209322074183791
275,1791,-0.422603700083295
275,1911,-0.436735033497758
276,278,0.866423285575823
276,282,0.504733094079464
276,283,0.469902894858712
276,287,0.0860084360050846
276,302,0.442986829521243
276,358,0.962801867063076
276,522,1.06843110176891
276,678,0.552787147793604
276,1005,0.422015167257638
276,1161,0.50934558798628
276,1321,0.307295481841409
276,1617,0.80175916456555
276,1674,0.334178407032808
276,1728,0.39320901857907
276,1757,0.874626282516601
276,1825,0.514064913537695
276,1838,0.756820601364194
276,1865,0.710388634194802
276,1866,0.512384607465747
277,278,0.703829735288253
277,279,0.245500055268411
277,281,-0.150894588408606
277,282,0.301940131252275
277,283,0.261895040665645
277,285,0.442538035780326
277,289,-0.448047147747813
277,313,-0.148542981671802
277,428,0.189150997992642
277,453,0.400596929004277
277,776,0.694197823750933
277,1049,0.276059487401871
277,1064,0.539336494543109
277,1093,0.70066563232526
277,1427,-0.28081174263725
277,1431,0.279779011339243
277,1522,0.975817817954012
277,1821,0.187715209893365
278,284,-0.633762447071958
278,286,-0.823214020237813
278,288,-0.0169389121275843
278,290,-0.574246311453121
278,433,-0.719597092379655
278,495,-0.522736306097505
278,636,-0.708089419823639
278,754,-0.339059556441334
278,790,-0.663322947465811
278,878,-0.490040469174458
278,958,-0.196451833329219
278,1227,-0.736839228576889
278,1595,-0.245628389406877
278,1599,-0.0243212259052126
278,1679,-0.541289258111277
278,1694,-0.856064468662029
278,1929,-0.380611687712057
278,1986,-0.910432379747389
279,280,-0.242640161167206
279,288,0.415225236243758
279,291,0.329751684153634
279,693,0.228063118860356
279,739,-0.340980443332233
279,783,0.277424965154415
279,956,0.0192322794494781
279,1122,-0.0607558289295816
279,1160,0.20489268719817
279,1222,-0.176771647967577
279,1285,-0.631591899489303
279,1348,0.311589681097324
279,1614,-0.376117440534072
279,1617,0.38509304245978
279,1660,-0.223313010756532
279,1736,0.214852767287064
279,1781,-0.159375440042946
279,1845,-0.280596226706152
280,285,0.439535190241065
280,287,-0.132670164289197
280,288,0.693585223536358
280,343,0.316493966011203
280,522,0.912043754434406
280,715,0.0712481354493268
280,799,0.339519133542862
280,1240,0.184661328649187
280,1250,0.154185692325146
280,1400,0.506911805293945
280,1511,0.279387251875631
280,1573,0.575896200852216
280,1628,0.292457462346968
280,1683,0.167338910151893
280,1703,-0.207697444608515
280,1827,0.0682841666478873
280,1918,-0.336503426509764
280,1919,0.501320672294193
280,1973,0.476069388587524
281,282,0.412240102088255
281,285,0.529001280951071
281,286,-0.0370760701758757
281,291,0.686377177338814
281,292,0.0988545481153734
281,417,0.215272810607018
281,449,0.382308844896479
281,452,0.753478818591677
281,588,0.569177549396596
281,923,0.65897987576058
281,948,-0.0701676885429313
281,967,-0.0935736176811849
281,1038,0.0108604869423839
281,1041,-0.308569299227361
281,1181,0.29157983215234
281,1247,0.264272596248351
281,1252,0.1812394539609
281,1354,0.191085938295202
281,1358,0.443765412099748
281,1376,0.321948003454428
281,1501,0.218846761050094
281,1882,-0.0498610594282082
281,1981,0.825896631298523
282,284,-0.241335500283691
282,287,-0.417497569224862
282,292,-0.318555358224097
282,293,-0.259577887012453
282,295,-0.0673336948351297
282,591,0.0711706232443546
282,608,0.287760744442225
282,877,0.108313775230683
282,933,0.193177566611977
282,1104,-0.300469627657558
282,1352,0.0347242963028852
282,1443,-0.444035149453961
282,1750,0.239701593156802
283,289,-0.712653569564589
283,290,-0.137393844953297
283,291,0.36835012594092
283,365,0.237054634725712
283,406,-0.0097134746220957
283,441,0.360416552608986
283,1049,0.0307919496879105
283,1180,0.330597914941816
283,1239,0.452696755197963
283,1295,-0.0302618363413033
283,1313,0.365947532308696
283,1421,-0.267539591014965
283,1522,0.762715966892102
283,1643,-0.573266701077904
283,1669,0.200453647276313
283,1708,-0.288304634259002
283,1890,0.464289760404304
284,285,0.379123561451724
284,287,-0.16565848391741
284,314,0.495449820188633
284,349,0.982436427311417
284,779,0.493748763069679
284,952,0.538003839226854
284,994,0.651750269301919
284,1154,0.215437500457924
284,1365,-0.101618118859143
284,1520,0.0673595160431476
284,1532,-0.482077659426101
284,1571,-0.216791607193356
284,1606,-0.478573682879797
284,1656,0.0007558229733218
284,1743,-0.14713611045263
284,1866,0.275472013475004
284,1931,0.11065073821969
284,1938,0.364953042511916
285,289,-0.8639200625861
285,291,0.157255832025356
285,297,0.0250178891630569
285,458,-0.73635349757356
285,543,-0.0316366529454785
285,604,-0.414504779630098
285,617,-0.955963681039483
285,624,0.0488875626566943
285,667,-0.850980534882577
285,966,-0.880188381188865
285,967,-0.654108255992138
285,1184,-0.135483151014964
285,1309,0.324106685070906
285,1392,-0.0640873688243265
285,1409,-0.139700068331321
285,1541,-0.528920599229873
285,1655,0.29074649770932
285,1775,-0.132376759091968
285,1950,-0.784038432673637
286,288,0.817310728214292
286,293,0.227118215322675
286,297,0.609878121289919
286,299,0.370636034312046
286,328,0.588041196590464
286,336,0.299967197185925
286,487,0.0550362617227298
286,561,0.369398355843194
286,627,0.354788641426166
286,629,-0.0392555485448558
286,645,0.0914107883434317
286,649,0.0855452735301268
286,666,0.242184819831256
286,738,0.453364872684001
286,776,0.808408401516325
286,909,0.443550410760966
286,950,0.726913652303051
286,967,-0.0576732968455858
286,1013,-0.0809823746676604
286,1128,0.0564232449510874
286,1193,0.577071565748245
286,1270,0.920299384782868
286,1825,0.481011325576694
286,1848,0.682172771197223
287,288,0.78859301280278
287,290,0.227739785363087
287,291,0.710801322226518
287,314,0.661108304106043
287,397,0.355104186456108
287,469,0.399558653230815
287,832,0.0349487873857351
287,956,0.377411498554795
287,1192,0.228483644413355
287,1275,0.170482372147471
287,1341,0.303781486323588
287,1432,0.52701545827839
287,1456,0.162002581568238
287,1601,0.729374576650473
287,1794,0.691471435367755
287,1887,0.658315748213328
287,1888,0.674609701638086
287,1901,0.238115071375584
287,1999,0.674158477460106
288,298,-0.62850678809861
288,300,-0.492286231618223
288,390,-0.835559186534114
288,448,-0.343252388115366
288,508,-0.537295544235836
288,715,-0.640693180457559
288,798,-0.578024737533642
288,850,-0.651612268250135
288,932,-0.352935084191882
288,975,-0.368987058697608
288,1038,-0.820046852894383
288,1102,-0.117689933475945
288,1106,-0.670510927472181
288,1347,-0.674849978524483
288,1352,-0.325389779250043
288,1462,-0.85231402676571
288,1721,-0.206738807851868
288,1767,-0.439122820303645
288,1968,-0.222124261303085
289,290,0.53679497116538
289,292,0.366716711852336
289,300,0.580374331971102
289,301,0.640543071494284
289,302,0.657586440441319
289,362,0.471938451015135
289,488,0.574659642154933
289,560,1.15630613256736
289,609,1.00401292237271
289,1093,1.11263223971724
289,1286,0.592183561741917
289,1301,1.0321231736643
289,1330,0.926614999106652
289,1475,0.114756171257006
289,1555,0.749768760837966
289,1661,0.957200316402374
289,1700,0.0212542659451387
289,1718,0.647288629108946
290,293,-0.0731541277626514
290,295,0.0939114599190708
290,296,0.18172717911501
290,398,0.581231096872421
290,415,-0.164624217138836
290,491,0.801214356498328
290,502,0.242195798244938
290,744,-0.33464402686346
290,972,-0.0202259586744237
290,976,-0.23638746803425
290,1155,0.310784739769302
290,1351,0.265622573819963
290,1483,-0.219515985790533
290,1493,-0.393123661535222
290,1508,0.0621470642708056
290,1534,0.195224054194791
290,1575,0.0930220398926716
290,1825,0.206894769459142
291,292,-0.605682223518549
291,293,-0.567502270834886
291,295,-0.361046279514554
291,296,-0.261183741966673
291,341,-0.70358044250236
291,571,-0.0129209533641587
291,591,-0.23228971275275
291,1096,-0.889969728415931
291,1277,-0.685209976493204
291,1291,-0.316031583056609
291,1315,0.0610366025756459
291,1540,-0.366042517968545
291,1552,0.123923510853539
291,1711,-0.0806175372194742
291,1981,0.171711943757521
292,296,0.305006496262246
292,297,0.470965980665171
292,299,0.224328415248927
292,300,0.194181130079567
292,303,0.605929970230376
292,305,0.235610927394875
292,641,0.04178381698361
292,665,0.128770549374814
292,884,0.415283869483895
292,1020,0.252284153773978
292,1035,0.274959871922884
292,1054,0.270639492985664
292,1055,-0.0614674895870118
292,1160,0.478830328463417
292,1232,0.416365379746666
292,1252,0.075195614904337
292,1319,0.27486687801169
292,1360,-0.0058423866971772
292,1438,0.569349618179549
292,1535,0.39592079844908
292,1563,0.715593505337184
292,1945,-0.0978396316122724
293,294,0.618079509995405
293,296,0.250056704691372
293,301,0.163475425757053
293,302,0.237993422096169
293,303,0.567118464326082
293,438,0.184896531046707
293,455,0.520688040662964
293,647,0.37357489957248
293,668,0.0856478814007982
293,760,-0.0489842478524393
293,782,-0.228731689389522
293,834,0.811435333393039
293,1135,-0.31180632536007
293,1582,0.559618041988128
293,1647,-0.0075550023686079
293,1706,0.344725881719867
293,1920,0.494614289196161
293,1949,0.175246481492394
294,301,-0.441888139215403
294,302,-0.283303075829342
294,304,-0.387593102865369
294,306,-0.512176476298938
294,404,-0.429077114808024
294,657,-0.686162928715422
294,784,-0.184260444694985
294,789,0.0995335630093195
294,863,-0.0998075059203761
294,1014,0.387438129740598
294,1153,-1.11347491459006
294,1274,-0.54600337227463
294,1619,-0.353390698027292
294,1647,-0.537768586746869
294,1736,-0.14622023558329
295,296,0.0832757811615967
295,298,-0.147788284829919
295,300,-0.0365141611804023
295,303,0.367609245833875
295,305,0.0145804243835732
295,503,0.293594877131125
295,562,-0.0736799143089234
295,858,-0.205652558362197
295,984,-0.501821307612196
295,1099,-0.0910144673464962
295,1120,0.456016163483761
295,1185,0.357492044335708
295,1195,0.108078816228803
295,1385,-0.0203284011600595
295,1405,-0.002751464070755
295,1415,-0.182047149966175
295,1476,0.49534390416104
295,1547,-0.107025586424021
295,1744,0.589766416310229
295,1834,-0.414814978579857
295,1912,0.0087591612883193
296,298,-0.235316604754082
296,302,-0.0050962441632979
296,304,-0.0641465524856612
296,305,-0.0673629369598745
296,308,-0.176833320824397
296,316,-0.613578298905707
296,408,0.171766716965898
296,428,-0.103374840965259
296,641,-0.265096882248301
296,644,-0.123537031367769
296,730,-0.708351479424658
296,802,0.133585623527701
296,960,-0.118576867922745
296,1001,-0.294949416016374
296,1055,-0.380979489556259
296,1215,0.209379472876896
296,1272,-0.459465784494731
296,1510,-0.0106882535737769
296,1654,-0.447124239713976
296,1711,0.172160703518972
296,1840,-0.0527020612950196
296,1995,0.503038994589881
297,298,-0.404135663816452
297,299,-0.272755157088859
297,303,0.145674316775251
297,306,-0.345090240372398
297,308,-0.329984223404207
297,442,0.0944454744232836
297,448,-0.132533597445
297,456,0.0589120606257588
297,511,-0.239849387476032
297,611,-0.756477747211952
297,755,0.0023680034791033
297,1166,0.208313371901939
297,1342,-0.627111785651183
297,1396,-0.140739462685565
297,1530,-0.288358027609802
297,1550,0.0089089050895428
297,1578,-0.201556752198968
297,1638,-0.688972167173716
297,1873,-0.584767273801628
297,1906,-0.228565642817797
297,1926,-0.162112866535107
297,1950,-0.809839088094385
298,300,0.113886936398385
298,302,0.224346968557369
298,304,0.187556689569598
298,305,0.162864560726566
298,306,0.0277423904528439
298,307,-0.106579467620525
298,308,0.0476422464323078
298,311,0.401103834149165
298,345,-0.153910328128073
298,499,0.395894419898345
298,590,0.572685449151251
298,604,-0.0298052914370462
298,742,0.275743255944954
298,940,0.312131181107966
298,1291,0.21317084112335
298,1412,-0.151434190364986
298,1523,0.0515447824897959
298,1633,0.117024512271334
298,1897,0.132890205581764
299,300,-0.0185959366444584
299,302,0.101888082954284
299,303,0.417238505075889
299,304,0.051029760011018
299,305,0.0370965525183694
299,306,-0.101190149817268
299,307,-0.24400409750658
299,308,-0.0827800277778702
299,311,0.279879614068665
299,538,0.143289763210862
299,816,-0.0924050174241944
299,1150,-0.399211641971296
299,1200,0.305819238104231
299,1406,0.357039951429133
299,1615,0.289500770177313
299,1999,0.365351706586378
300,307,-0.212783188646871
300,310,-0.279224987750004
300,311,0.282736929750186
300,312,0.166770077066842
300,316,-0.513654590434097
300,434,-0.161255490221226
300,457,0.0768580408642322
300,568,0.107732579037194
300,781,-0.0352138550875379
300,939,0.290651396557212
300,986,0.390196507174847
300,1040,0.440908456913385
300,1125,-0.225982108710143
300,1328,0.368454893947995
300,1437,0.183687717398353
300,1584,0.307889786180659
300,1649,0.0671919366995451
300,1662,0.299575125743353
300,1730,-0.29071944321002
300,1803,-0.0774015985513988
301,305,0.0330099369391457
301,307,-0.249442119212776
301,310,-0.321084040588833
301,314,0.3618164989717
301,352,0.151940957294969
301,373,0.366703506141764
301,375,0.0138408235760536
301,415,-0.248898360164542
301,763,-0.012359933681956
301,778,0.540060650003857
301,824,-0.0792085408955133
301,936,-0.434808894641624
301,979,-0.144141793666184
301,1277,-0.304805469652541
301,1626,0.411471020733883
301,1631,0.484804170180628
301,1789,0.006489767224655
302,307,-0.312811851441082
302,310,-0.372794900830686
302,312,0.0388512482752307
302,314,0.217114251850519
302,315,0.0554414424461166
302,329,0.407659793008431
302,348,-0.324605362082143
302,356,-0.338582458736925
302,555,0.031650250457977
302,580,-0.52126803807285
302,638,-0.203420947570378
302,657,-0.308991682912726
302,687,0.333968696374711
302,781,-0.143743644590028
302,1002,-0.0887025254178361
302,1055,-0.36628758732273
302,1223,-0.198169780300122
302,1288,0.039269367830489
302,1327,0.110346163561308
302,1870,0.0418739631082745
302,1876,-0.559127864300255
302,1963,-0.0302634218126982
303,305,-0.342184889117676
303,312,-0.255681523290659
303,314,-0.0560097480886183
303,315,-0.239383695742657
303,316,-0.945163133644756
303,338,-0.612357834835714
303,467,-0.661724082253137
303,489,-0.84776293540949
303,687,0.0746868354461334
303,860,-0.0586521998836512
303,977,-0.433956115213544
303,1005,-0.371221584042248
303,1161,-0.283891163313605
303,1200,-0.112867338307135
303,1279,0.0933657505680565
303,1337,0.0342880258351409
303,1413,0.290472297771796
303,1654,-0.750578507021868
303,2000,-0.0035408333055057
304,306,-0.145506369719335
304,307,-0.288981940833274
304,310,-0.359244481714235
304,314,0.312229348948145
304,414,-0.184369132065191
304,420,0.162372211765097
304,450,0.31079751243703
304,724,0.1937701576018
304,947,-0.0707370477065596
304,974,-0.418295874621257
304,1161,0.0759431790000925
304,1269,-0.124348373086504
304,1345,0.207589771049721
304,1453,0.441768820178738
304,1462,-0.442796838268536
304,1742,0.0203058934852159
304,1971,0.293698396984593
305,309,0.248784783523135
305,316,-0.541931465234508
305,632,0.0050075969569898
305,787,0.162726736838571
305,906,-0.0826376124423841
305,948,-0.413447362325637
305,1016,-0.670943119748034
305,1055,-0.308527445528743
305,1159,0.0519473674095752
305,1177,0.0257174314065622
305,1204,-0.0811529660101551
305,1220,-0.0418874890914394
305,1395,0.265650458537441
305,1434,-0.173552923636361
305,1770,-0.364134952741971
305,1812,0.0866713660539458
305,1813,-0.0582605295692211
305,1874,-0.0321210961788573
305,1961,-0.0268271452308567
306,307,-0.124446924275102
306,310,-0.187483667420177
306,311,0.34801328911492
306,316,-0.413223362242327
306,318,-0.170030924444942
306,319,0.868126396156271
306,340,0.310256085155509
306,416,-0.0822712227582662
306,466,-0.226112256263209
306,655,-0.174789333456755
306,694,0.213957507635896
306,867,-0.388756316320203
306,883,0.300009854295533
306,1283,0.0182791541145126
306,1468,0.24427144632708
306,1522,0.819285506546957
306,1640,-0.117647223142323
306,1648,0.0719396846406261
306,1703,-0.247997005447299
306,1737,-0.093093456620121
306,1925,-0.436444354781255
306,1983,0.0918309945336302
307,311,0.485938513272794
307,312,0.38763822351338
307,317,-0.191815749158958
307,319,1.03538456670904
307,380,0.0571128925824388
307,394,-0.33501245027368
307,451,0.126629873588744
307,544,0.287537492473462
307,618,0.614259046686365
307,903,0.144222962310452
307,985,0.81090358106399
307,1173,0.298153276214532
307,1393,0.583050998996038
307,1427,-0.208204442017683
307,1431,0.322634431639099
307,1637,0.335405770947249
307,1801,0.294550172491329
307,1982,0.448986382226424
308,311,0.332449108275688
308,312,0.225279006242721
308,318,-0.191843165965072
308,319,0.85873632560349
308,429,0.0284600848159928
308,479,0.777914842743404
308,562,0.0234396755447727
308,742,0.211558763621632
308,823,-0.456422562709593
308,1006,-0.0932940735916685
308,1199,-0.0084519994462912
308,1244,-0.096399915830643
308,1253,-0.045583921960347
308,1288,0.227144368848101
308,1304,0.0578116281564336
308,1382,0.4402607427652
308,1409,0.160353414118791
308,1642,0.360940585944107
308,1700,-0.444728362886196
308,1762,-0.123502937334101
308,1782,0.569805019216723
308,1834,-0.316723461777157
308,1921,-0.0021024778644934
308,1972,0.0231494176172426
309,311,0.0112756840062016
309,315,-0.121923573858267
309,319,0.604611548052826
309,322,0.222602585186388
309,766,-0.239344042902183
309,784,-0.0703097557300929
309,896,-0.621689463017016
309,1106,-0.515932455156101
309,1110,-0.313437356612998
309,1172,-0.390479357887873
309,1408,-0.49121912052129
309,1422,-0.0054791150855667
309,1495,-0.105585642517181
309,1587,-0.432592321813445
309,1719,-0.317743312485778
309,1895,-0.10101240773483
310,318,0.019778899682277
310,319,1.09842130985412
310,322,0.76294962612828
310,339,1.03285569148589
310,378,1.31201248528587
310,477,0.378487237711038
310,484,0.311286741243583
310,520,0.335289751771879
310,530,0.17839688705932
310,681,0.534166561797655
310,868,-0.0070486330563294
310,946,0.0644698996682214
310,1033,0.301253013423887
310,1241,0.578150862532901
310,1259,0.132043626622738
310,1506,0.16962992540814
310,1531,0.624625716670168
310,1553,0.375929509115059
310,1837,0.203611355695276
311,315,-0.117958194864167
311,316,-0.772541317332427
311,317,-0.667003680486957
311,318,-0.530491078672398
311,319,0.500794888845321
311,322,0.172802017461958
311,323,-0.650684597099723
311,363,0.318605952177234
311,455,0.0880675877919062
311,667,-0.829811654900266
311,739,-0.535591663052832
311,825,-0.523399105478041
311,875,-0.325205771610197
311,1025,-0.0948102710744316
311,1059,0.240482613484771
311,1119,0.279103317488766
311,1341,-0.243789888319799
311,1491,-0.473963972101967
311,1515,-0.509941698942645
311,1605,-0.552245944657944
311,1762,-0.460998924876015
311,1796,-0.647070740430906
311,1867,-0.526837784114202
312,316,-0.698903976385274
312,319,0.680599574103122
312,514,0.0617221775717978
312,586,-0.228528184996435
312,662,0.658659872964072
312,680,0.344281936419153
312,684,-0.361648473213501
312,878,-0.179261880063904
312,948,-0.556708158730189
312,997,-0.446559894061355
312,1093,0.33931666378334
312,1145,-0.369270659420433
312,1272,-0.53204212125745
312,1275,-0.281064419856671
312,1424,-0.161056515159036
312,1551,-0.225094788663443
312,1652,-0.633647183375154
312,1721,0.108893814437608
312,1752,0.262215095839251
312,1757,0.372185040767386
313,314,0.715871081714134
313,316,-0.243869579010885
313,318,0.0279010808438406
313,319,1.18374721617443
313,325,0.216536757720664
313,326,0.12742918820824
313,329,0.967983850485714
313,462,1.0633742441391
313,467,0.0045285875683153
313,544,0.396986413939966
313,600,0.402859288655981
313,661,0.562799582625673
313,796,0.890199936886429
313,1468,0.489534735397509
313,1530,0.336783781960533
313,1624,0.533752017368673
313,1889,0.23702308194478
314,317,-0.791250647215086
314,326,-0.549306506635975
314,327,-0.689602400068352
314,389,-0.988612635959738
314,392,-0.385954462951792
314,454,-0.343752066747149
314,476,-0.346786351843724
314,603,-0.177030891009915
314,623,-0.299665656604738
314,679,-0.370355851893549
314,723,-0.298935970088198
314,801,-0.267133390005924
314,1196,-0.591757266832468
314,1661,0.0850808311025376
314,1834,-0.767132133601333
314,1977,-0.520809428666986
315,324,0.334186385032655
315,326,-0.371850053891623
315,327,-0.514090000931036
315,356,-0.440305723929653
315,466,-0.512626384641989
315,488,-0.193416970699499
315,521,0.201673537374045
315,556,-0.366883884497814
315,659,0.0710940846198752
315,767,-0.576111102852131
315,823,-0.730358228261176
315,950,0.240386196924469
315,1075,-0.262032128425909
315,1083,-0.238501765276468
315,1114,-0.333566823029779
315,1380,-0.127478229858545
315,1392,2.72146086255235e-07
315,1713,-0.123681666615735
316,317,0.110879542135907
316,319,1.33584516602756
316,323,0.0639198844966872
316,325,0.418297347296986
316,327,0.21252778928264
316,563,0.567364657665263
316,680,1.04318591280443
316,774,0.477379820240275
316,784,0.71508532720767
316,822,0.527301602224958
316,836,0.119941965442967
316,850,0.325818407861854
316,988,1.07153971737387
316,1480,0.715909651900222
316,1618,0.53828760467125
316,1896,0.447637156076351
317,324,0.92813166230725
317,329,1.03700778803275
317,360,0.414011182437538
317,365,0.710724613910131
317,588,0.7241048636118
317,597,0.444466309215498
317,699,-0.104803411378819
317,712,0.466050983991271
317,817,0.592170128025855
317,1101,1.24382365542419
317,1204,0.414871705301622
317,1463,0.419020066374959
317,1497,0.418582160145171
317,1522,1.1670761746716
317,1619,0.477424482037712
317,1742,0.511629061595437
317,1815,0.571416379692381
317,1839,0.487792178305138
317,1990,0.618873295702693
318,320,0.874025780607064
318,322,0.74437794984198
318,323,-0.16898946045279
318,394,-0.288320058275605
318,447,0.655627098049383
318,629,-0.12459538535506
318,691,0.0767379500835583
318,789,0.744627538150904
318,862,0.355345786346527
318,1095,0.182794321781502
318,1195,0.4321579570633
318,1235,0.395192033408465
318,1391,0.81627512200006
318,1432,0.501756143588877
318,1569,0.521338009347
318,1596,0.193951215185341
318,1606,-0.333337258570931
318,1782,0.786811211516893
318,1846,0.293677022447098
319,320,-0.266379191455606
319,330,-0.921023401081969
319,331,-1.19150664829138
319,683,-1.02647168262803
319,716,-1.09843100950783
319,736,-0.656169317674056
319,753,0.382730446152599
319,832,-0.952828072557245
319,843,-0.592803827130538
319,866,-1.03274483563983
319,872,-1.17136270312726
319,1050,-0.852597530981064
319,1152,-0.264637605788545
319,1321,-0.837020409311195
319,1423,-0.387727942004497
319,1488,-0.427688824052748
319,1671,-1.22255449600388
319,1715,-0.695668892938859
319,1822,-0.734647858093035
319,1834,-1.20438775524392
320,322,-0.0958867158199909
320,323,-0.979676068790998
320,359,-0.811054924724514
320,502,-0.423153535180691
320,578,-0.0808371412754538
320,811,-0.921109375303437
320,816,-0.669281988767865
320,835,-0.554284969073739
320,890,-0.983331405093815
320,1141,-0.343540723944222
320,1225,-0.734068841873675
320,1251,-0.922586560016419
320,1402,-0.616432122432342
320,1701,-1.02743523583052
320,1709,-0.51040583949515
320,1833,-0.267319506293437
320,1857,0.0101505223292029
320,1923,-0.909123590277764
321,322,0.492422126815119
321,323,-0.43243305454239
321,325,-0.0794685201630482
321,328,0.241312134278504
321,330,-0.110854805201604
321,474,-0.073177592403855
321,784,0.215184560472649
321,891,0.283081452236792
321,967,-0.423536887493472
321,1173,0.0756322088519515
321,1187,-0.0257652417679925
321,1238,-0.0111158227019169
321,1297,0.235262663923054
321,1405,0.0254908585669043
321,1494,0.612651860067827
321,1693,-0.0501113453150365
321,1796,-0.425280754964466
321,1822,0.0808056380996815
321,1873,-0.330462646466442
321,1904,0.236500616591854
322,323,-0.85492308318881
322,326,-0.660613118794815
322,327,-0.795520060495203
322,329,0.0421365684072988
322,333,-1.01235973742731
322,412,-0.309205336592189
322,474,-0.551067001892023
322,544,-0.459807919312533
322,597,-0.455970757530728
322,697,-0.55809651951366
322,1055,-0.765705986561026
322,1252,-0.673125394872941
322,1362,-0.317919875315051
322,1394,-0.37286337535002
322,1464,-0.465258671984462
322,1472,-0.123087328995987
322,1493,-0.835565122250874
322,1496,-0.85889348394229
322,1537,-0.256755934597014
322,1712,-0.516546451175007
323,333,-0.137045953144372
323,334,0.652656812784392
323,342,0.743403960481416
323,567,0.365765715465568
323,615,0.656289604875425
323,633,0.611262298284868
323,647,0.638485815617068
323,855,0.15229922465168
323,866,0.248371035344991
323,946,0.20355777372146
323,1013,0.0114085134813444
323,1035,0.4879570680882
323,1088,0.526626087793292
323,1124,0.732341302309961
323,1221,0.698217058438199
323,1248,0.266585079302671
323,1258,0.453854776479603
323,1395,0.73454647234895
323,1397,0.53963397086898
323,1421,0.227387198405705
323,1566,0.565287584123654
323,1654,0.0683065347344387
324,326,-0.689499329706997
324,329,0.0337414908642883
324,330,-0.607772632469698
324,333,-1.04959379892533
324,334,-0.216830130559655
324,335,-0.0094673779514273
324,458,-0.968525830135756
324,550,-0.0591311422716788
324,584,-0.545538461861949
324,794,-0.681137662991092
324,1183,-0.473210007034172
324,1215,-0.1332830899928
324,1252,-0.702841840245868
324,1259,-0.567764026877511
324,1365,-0.703527130090067
324,1371,-1.16226609533496
324,1393,-0.133300342183339
324,1682,-0.137731315287024
324,1717,-0.614059121270308
324,1852,-0.557312650689711
324,1872,-0.838283550992037
325,326,-0.0882150182062322
325,329,0.618481026815232
325,333,-0.468263410694669
325,334,0.323720403755573
325,338,-0.142821832313238
325,439,0.0378679555415069
325,448,0.190906636255092
325,476,0.0673041097323161
325,484,0.083567531341752
325,566,0.0706081344635668
325,601,0.0256632098989365
325,621,0.22935786744441
325,723,0.155459846985264
325,943,0.156022687026755
325,1141,0.341746705458238
325,1261,0.450596531267202
325,1461,-0.1585765727629
325,1468,0.230937245807422
325,1485,0.444151996158426
325,1656,-0.0451161138674348
325,1789,0.0946984016919893
325,1834,-0.30016622625914
325,1995,0.700949946823698
326,328,0.429764267528701
326,334,0.440791654437479
326,338,-0.0692027729525411
326,339,0.935955513514885
326,402,0.121316279404875
326,616,0.129709176540243
326,880,0.730911214928271
326,897,0.196213818749209
326,1034,0.129802143109968
326,1065,0.225605253297519
326,1724,0.431663895302274
326,1727,0.490924388364353
326,1908,0.239192823814034
326,1945,-0.136146006009879
327,335,0.818193733149308
327,337,0.594881056095163
327,380,0.136394027332922
327,469,0.425771714007473
327,616,0.273974792744737
327,755,0.61007158841169
327,770,0.343009043721584
327,783,0.651640773926081
327,798,0.206709353771644
327,838,0.325289464789458
327,1176,0.856030490590678
327,1186,0.815210750257428
327,1245,0.801557737710841
327,1296,0.591706072989193
327,1320,-0.105512722545126
327,1753,0.485775385023171
328,331,-0.562742385269053
328,332,0.0339926354453637
328,334,0.0492623474233154
328,337,0.0212379503925194
328,338,-0.459702888356639
328,339,0.563365269907919
328,722,-0.255663377179221
328,752,-0.648578888125765
328,838,-0.179934182953434
328,874,-0.734625139413243
328,924,-0.306036392219801
328,962,0.30164748879407
328,988,0.330473627161214
328,1019,-0.0854053915660016
328,1069,-0.0007728374767385
328,1296,0.0670852336376382
328,1740,-0.183979818893044
328,1956,0.168503028314201
328,1976,-0.237481714211195
329,336,-0.641019202331349
329,338,-0.776850272892802
329,342,-0.185855016777134
329,445,-0.933700103402484
329,653,-0.105999599846658
329,805,-0.544226263881223
329,893,-0.606865490508102
329,899,-0.247790300305911
329,954,-0.497370332970376
329,957,-0.792954847975596
329,1220,-0.604342679970154
329,1743,-0.829260010355024
329,1770,-0.888542656399889
329,1842,-0.933511939309102
329,1868,-0.217005952538495
330,336,0.0545588935417032
330,340,0.346128618490287
330,343,0.240919564512373
330,384,-0.0518442104828728
330,406,0.176837185710453
330,563,0.171490933311317
330,704,0.640432014841258
330,753,1.36249962435151
330,825,-0.147433134185805
330,834,0.752303061919862
330,901,0.0589655293892087
330,976,-0.190099932553485
330,1134,0.0069064191869381
330,1143,0.228583860962858
330,1203,0.479563616185449
330,1411,0.140613483585576
330,1426,-0.372325319903578
330,1446,0.172856512564983
330,1509,0.580070136141132
330,1878,-0.064851385431066
331,333,-0.390141784406293
331,336,0.226214757405281
331,339,1.11862589818792
331,340,0.567912306793126
331,341,0.0431227246794803
331,342,0.679194082411078
331,623,0.348927476787474
331,654,0.563522858954678
331,722,0.231208872733561
331,984,-0.272470117436039
331,1132,0.176230260971498
331,1320,-0.184598027059497
331,1488,0.742101236938975
331,1585,-0.115600361722921
331,1749,0.826789387735623
331,1812,0.43447686119542
332,333,-0.860281770602404
332,334,0.0163807352950136
332,335,0.244093204325546
332,338,-0.492118304962265
332,339,0.530644816451824
332,343,-0.128948268422624
332,403,0.535118997126829
332,520,-0.195382814925833
332,582,-0.531678395480652
332,646,0.133414536720211
332,875,-0.324282291197347
332,1088,-0.148905096468083
332,1339,0.0839174392676418
332,1491,-0.497367067239435
332,1656,-0.404250987987899
332,1700,-0.823036481332121
332,1706,-0.0646823563835065
332,1848,0.0760774657218401
332,1882,-0.622262802638925
332,1953,-0.352301531421632
333,334,0.804807425077129
333,335,1.04131826088997
333,336,0.53856749601311
333,338,0.319338273174488
333,339,1.26004396195891
333,344,0.160398855216172
333,345,0.322082282432106
333,346,0.400405135911488
333,373,0.881434519363747
333,484,0.600842308385683
333,581,1.10646091992211
333,778,1.12124524616675
333,814,1.37526411403508
333,899,0.836166416698013
333,1059,1.08045960133799
333,1191,1.11300083831923
333,1279,1.067648770332
333,1324,0.903010384812699
333,1338,0.2696930363439
333,1617,0.969043735872774
333,1859,0.453749360589053
333,1920,0.89094881560665
334,336,-0.319770658566936
334,338,-0.466832362421949
334,343,-0.135349399213206
334,345,-0.527997849871327
334,347,-0.450524773109928
334,404,-0.255237465321541
334,530,-0.353015951977738
334,678,-0.0830866125936837
334,791,-0.579964518984771
334,848,0.215164723007965
334,1098,-0.634168062830481
334,1142,0.35517607869718
334,1189,-0.383624191846925
334,1261,0.129383975481671
334,1459,0.205124412081253
334,1491,-0.47112919361165
334,1643,-0.726312538586623
334,1646,-0.196789389051196
334,1720,0.242745159953781
334,1782,0.243091030064026
335,337,-0.256827399834302
335,347,-0.702037787602773
335,517,-0.113843458513437
335,567,-0.520946187340639
335,670,-0.419292940515658
335,813,-0.438965814019742
335,878,-0.482495717803961
335,891,-0.253125748288002
335,1109,-0.594431191840955
335,1170,-0.626474109720222
335,1243,-0.432985648804406
335,1473,0.0098887069808494
335,1667,-0.809210866163712
335,1699,-0.608887704980472
335,1730,-0.796284259741093
335,1838,-0.119678096099108
335,1897,-0.432609416738337
335,1898,-0.433585527154336
335,1917,-0.576741169234047
336,337,0.316433719221098
336,338,-0.184694600646654
336,339,0.816845412883516
336,340,0.291142216890751
336,342,0.410560498941775
336,346,-0.147465840355996
336,348,-0.177852333650622
336,782,-0.307964676955668
336,795,0.208065882831774
336,1411,0.0894007674365865
336,1499,0.369638450068463
336,1506,-0.0812961552191499
336,1617,0.512404858069496
336,1733,0.773866095024114
336,1791,0.0835600845095704
336,1886,0.556250580314474
337,339,0.543353630053702
337,341,-0.53964932949884
337,342,0.114951501688467
337,347,-0.455869951493658
337,348,-0.513630607941699
337,349,0.636772610770053
337,350,-0.49345294994268
337,640,-0.467233654082251
337,787,-0.0379394902630013
337,1023,0.0689317203148072
337,1236,-0.332297281263439
337,1238,-0.264332512382055
337,1519,-0.755479903903615
337,1545,-0.122339223510232
337,1718,-0.135233524093837
337,1853,0.105595978767507
337,1907,0.16590156836679
337,1935,-0.316515811074682
338,340,0.459228179695353
338,341,0.0230013954383183
338,342,0.553806430263857
338,343,0.355437455269881
338,344,-0.189302692377971
338,388,0.25295984607281
338,535,0.429578640812676
338,938,-0.147337755896517
338,1002,0.258720467581825
338,1300,0.0514894467104311
338,1451,-0.215944118090623
338,1478,-0.172851769685677
338,1581,0.100857576350182
338,1602,0.269768570067245
338,1670,0.294444472875549
338,1682,0.539571779298886
338,1749,0.679416000920158
338,1887,0.56828842570643
338,1965,0.674599711156276
339,343,-0.628357898057916
339,345,-1.01673078956038
339,348,-1.01856269846366
339,349,0.0764435486053714
339,504,-1.25976861762754
339,558,-0.760672870614141
339,685,-0.759754972775692
339,898,-0.842421447935318
339,1100,-0.519043120721861
339,1320,-1.14136817351174
339,1347,-0.930236231723336
339,1372,-0.394970078916219
339,1439,-0.539816843344622
339,1462,-1.09279675407689
339,1534,-0.693682187856616
339,1539,-0.133874711217705
339,1543,-0.779550846395481
339,1700,-1.24390285342292
339,1795,-1.02221380348025
339,1904,-0.516425462534593
340,342,0.153837011132035
340,346,-0.446165365692779
340,352,-0.0507204486304026
340,403,0.597976411859103
340,667,-0.878768914416471
340,676,-0.258864966522567
340,706,0.207943682272125
340,988,0.35294966257651
340,1089,-0.0974570231299145
340,1480,-0.0328828859399027
340,1527,-0.0736673605654199
340,1594,-0.349370097747204
340,1698,0.0435927723407127
340,1911,-0.173990732460472
341,344,-0.253915822198913
341,350,-0.0378876765779601
341,353,0.278713683647307
341,668,0.188792321066376
341,1032,0.19951938233435
341,1073,0.48845399227216
341,1113,0.586531869950019
341,1384,-0.0206439777239041
341,1491,-0.0290117649467757
341,1623,0.544161893666343
341,1754,0.155699861685791
341,1779,0.360183486317171
341,1875,0.201080579798598
342,345,-0.621566572107196
342,352,-0.18668282991575
342,397,-0.243517002716002
342,421,-0.361160425930237
342,426,0.253839877500621
342,535,-0.124154954972618
342,583,-0.160260360699085
342,790,-0.52433322695172
342,850,-0.517182443321534
342,904,-0.799407592018788
342,1342,-0.700058240081042
342,1392,-0.176185244577876
342,1545,-0.23428229762643
342,1750,-0.0279869484989472
342,1775,-0.243699680330631
342,1847,-0.105797089014268
342,1928,-0.0642309795661035
342,1984,-0.949500481700496
342,1994,-0.398201256024329
343,346,-0.335920851559949
343,349,0.717934694534426
343,353,-0.11642228025918
343,354,0.259116844666043
343,410,-0.144495235726852
343,496,-0.402538625087112
343,567,-0.177492556999442
343,645,-0.41986658880725
343,830,-0.477573395628374
343,994,0.391939517594563
343,1503,-0.577916077834209
343,1525,0.132127931851379
343,1545,0.0025504275479306
343,1739,-0.275669234476766
343,1963,-0.0492578355664977
344,348,0.245913788634622
344,349,1.29738523971682
344,350,0.175652893489064
344,354,0.825371514050422
344,400,0.786076370173314
344,402,0.389945669138111
344,423,0.537833325849369
344,462,1.15005944213791
344,594,0.228520233383809
344,669,0.218619031446931
344,713,0.35922910344825
344,774,0.406238561869135
344,857,0.822521122209679
344,1049,0.5532458205076
344,1050,0.423701766339983
344,1188,0.584329418867114
344,1215,0.768628119645921
344,1591,0.416803790030492
344,1617,0.890573498866435
344,1678,0.41666764206544
344,1762,0.24744080114649
345,346,0.0755183507581315
345,349,1.11058314519255
345,352,0.424893756600472
345,356,0.0256521188351549
345,358,0.872805223783051
345,394,-0.28796996239986
345,432,0.281328096067996
345,642,0.181298582003984
345,710,0.0703767145688821
345,836,-0.121403632977809
345,842,0.589665284087223
345,870,0.283119586833379
345,921,-0.0924425275411342
345,927,0.681648289828434
345,1114,0.102989102990641
345,1167,-0.134417436561692
345,1178,-0.0062169010211468
345,1821,0.284163462751835
345,1918,-0.209149443853321
346,348,-0.0248396707955791
346,352,0.355951624873527
346,353,0.22718006253924
346,357,-0.0270300564869101
346,359,-0.0546540143630782
346,375,0.232213161886904
346,423,0.271071216966832
346,771,0.632101403663583
346,926,0.533638850159968
346,1030,0.148256203617602
346,1176,0.752348378433811
346,1323,0.257464415648911
346,1405,0.220044296242002
346,1437,0.369923527540295
346,1632,0.627443467578142
346,1711,0.496516962517888
346,1726,0.155611558913824
346,1779,0.3045152790564
346,1945,-0.11660128372385
347,349,1.0766201909346
347,351,0.0564347162730869
347,354,0.579601805041088
347,359,-0.0969310017024214
347,360,0.133354924107728
347,495,0.191712562015041
347,712,0.222805496814172
347,767,-0.253548923204823
347,836,-0.245062207944451
347,1093,0.705366228602254
347,1195,0.342652673357706
347,1414,0.577244749565797
347,1510,0.305161164628056
347,1639,-0.115282042883849
347,1674,0.15345948067509
347,1726,0.126960903746694
347,1885,0.262406208987534
348,349,1.11962972784221
348,350,-0.0442408279856357
348,352,0.394718369250157
348,354,0.629318065185688
348,356,-0.0273454873768459
348,357,-0.0068589783889477
348,358,0.865288148397875
348,378,1.31243859466858
348,844,0.123390803100374
348,947,0.207406671548777
348,1211,0.0416032198458731
348,1339,0.543314736271747
348,1342,-0.135745164144976
348,1408,0.0274419618042556
348,1436,0.0742378951421592
348,1850,0.331788660962803
349,353,-0.850726171189499
349,356,-1.09979345468708
349,357,-1.01062445531348
349,361,-0.723804113703606
349,482,-1.19034137326592
349,487,-1.18994420470782
349,488,-0.849030995245969
349,694,-0.760509697474595
349,725,-1.28482119048367
349,814,-0.031186722126351
349,858,-1.01429041187854
349,1066,-0.712646449818642
349,1143,-0.729243438247241
349,1279,-0.368646524302208
349,1285,-1.39671603782203
349,1346,-0.841487066845724
349,1384,-1.10389389772602
349,1636,-1.25946566520297
349,1681,-1.07889396778915
349,1983,-0.778375932626955
350,354,0.590025029309306
350,355,0.12310645043657
350,358,0.801947978354578
350,361,0.364399630396488
350,362,0.123591930897631
350,393,0.723083523721806
350,420,0.434992208359704
350,509,0.617199959914033
350,567,0.192903515292598
350,708,0.482676818404206
350,868,-0.0354945168721581
350,927,0.624934465538741
350,935,0.0105642139834004
350,1186,0.698513560493522
350,1217,0.359676721577076
350,1371,-0.333553029645088
350,1400,0.534719210923868
350,1679,0.197493316508096
350,1709,0.282019418547887
350,1767,0.331640516699454
350,1796,-0.152404737968853
350,1833,0.48816420043005
350,1859,0.108869853691739
350,1941,0.418373476559768
351,353,0.124151010881477
351,354,0.46573935265153
351,359,-0.137336144711289
351,363,0.664260075090181
351,395,0.522517658604997
351,412,0.323608006415685
351,425,0.123655701709021
351,429,0.058014062623388
351,453,0.308133402903431
351,467,-0.173385532573098
351,518,0.402879635259122
351,522,0.769634324948417
351,629,-0.28035703788092
351,753,1.30755325805971
351,842,0.398524718266155
351,928,0.588592048781981
351,970,0.2916985325339
351,1144,-0.0401378949144868
351,1277,-0.16929726982344
351,1363,-0.0919285135145193
351,1661,0.47411246094406
351,1768,-0.186784745175959
351,1828,0.264011461537503
351,1863,0.17209741685218
351,1986,-0.364471360093571
352,362,-0.297483776629077
352,363,0.449148545974056
352,365,0.110834018045304
352,437,0.089916512148062
352,488,-0.169777688557745
352,509,0.238063674086981
352,513,-0.514393062699803
352,538,-0.016775482792546
352,583,0.0220102035910603
352,614,-0.118477368086702
352,896,-0.422300256926197
352,1053,-0.802495521479613
352,1203,0.252798285982266
352,1424,-0.159015787808483
352,1532,-0.748613463363076
352,1536,-0.409671331435012
352,1628,-0.0455906122096963
352,1674,-0.153087127493525
352,1704,-0.253098657647714
352,1829,-0.0142943054230012
353,356,-0.278158160509147
353,357,-0.24029243517331
353,361,0.107907144668504
353,362,-0.163864945827573
353,363,0.597652418236547
353,364,0.242795757994019
353,365,0.266851267614353
353,366,0.120685477763782
353,507,0.467863228082885
353,520,0.0404369976860138
353,665,-0.103465105334318
353,704,0.527503671852223
353,1414,0.377776595417342
353,1641,-0.348212850966703
353,1648,-0.0419108890770704
353,1913,-0.207294926202786
353,1948,-0.29034069223685
354,355,-0.520847336978812
354,356,-0.630336463403252
354,358,0.216088103145771
354,360,-0.482598867744588
354,362,-0.528300777569705
354,365,-0.12778760370519
354,538,-0.248667079097438
354,566,-0.394886410456816
354,621,-0.215908994072061
354,675,-0.253167813443266
354,681,-0.137304168677341
354,683,-0.586141686257005
354,1007,-0.37204219222653
354,1145,-0.568705935503513
354,1540,-0.349767894882284
354,1545,-0.275176120281169
354,1668,-0.510722135153602
354,1827,-0.479304617661784
354,1900,-0.453257617190941
354,1921,-0.459032617801566
355,363,0.722829045349921
355,365,0.425106043091575
355,366,0.267211187434026
355,367,-0.334484407355712
355,381,-0.116143401832462
355,446,0.644621531754601
355,490,0.154736699845435
355,605,0.551599037664644
355,888,0.0982093854014689
355,918,0.388617289896923
355,1243,0.197522348523887
355,1295,0.179171937574713
355,1441,0.399175091036126
355,1533,0.154025276222517
355,1616,0.479895699817826
355,1618,0.102642039129147
355,1713,0.171513931445394
355,1739,0.0085905229239275
355,1784,0.806557875191442
355,1856,0.569260383281354
355,1904,0.366733126504306
356,357,0.0208563014703245
356,359,-0.0067676564058435
356,362,0.116741308426928
356,368,0.831324518792938
356,496,0.0048375433638474
356,589,0.451300740702403
356,619,0.416079490213859
356,688,0.448887553885595
356,962,0.760261678142347
356,967,-0.173920316938328
356,1331,0.115028369806297
356,1674,0.226240956344308
356,1809,0.126045524957207
356,1853,0.579531131762963
356,1975,0.0023431609150762
357,360,0.183580930965225
357,362,0.089745368359834
357,366,0.33276638891949
357,386,0.726234701382976
357,625,0.070760211482465
357,630,0.0317413010479133
357,685,0.210709225922222
357,834,0.825688928651952
357,909,0.306501094002263
357,912,-0.549570773418997
357,933,0.466546770336135
357,1062,0.899083841436669
357,1121,0.133196113154977
357,1200,0.504782335950554
357,1497,0.22559180580258
357,1536,0.003763067262481
357,1747,0.117583267646488
357,1857,0.720105467402125
357,1919,0.507599576658196
358,359,-0.811372433626959
358,361,-0.489830855296026
358,363,0.0319826647500144
358,365,-0.355620721929662
358,368,-0.03616969233721
358,369,-0.601149988752996
358,404,-0.598566095439471
358,609,-0.230988624377614
358,619,-0.435577839069358
358,686,-0.321326681658689
358,702,-0.593556128131408
358,962,-0.112832308421102
358,1083,-0.670621592763337
358,1418,-0.50468465338101
358,1429,0.0451772342291225
358,1581,-0.757276747588766
358,1620,-1.09278971390895
358,1633,-0.590665176721934
358,1650,-0.618942963882956
358,1779,-0.426840487765501
358,1832,-0.794286750835314
358,1876,-1.10007227210428
358,1969,-0.581121792417026
359,363,0.781901955591664
359,364,0.484446732640736
359,365,0.509316516103906
359,369,0.230530037302288
359,372,0.325747004948799
359,650,0.374702591959504
359,806,0.305624048076691
359,891,0.521559813134759
359,914,0.309745488740765
359,1072,-0.0910091932542384
359,1079,0.556504605343078
359,1083,0.19431564527023
359,1124,0.564905826868136
359,1203,0.578515886328022
359,1489,0.202740031445554
359,1509,0.692463741077072
359,1544,0.136893026888842
359,1549,0.293270053726407
359,1573,0.596365230061934
359,1591,0.205586169278936
359,1672,0.405503630016155
360,361,0.193477064025192
360,363,0.707063408281372
360,364,0.342999112534999
360,368,0.69869743400287
360,529,-0.391255083806579
360,655,-0.247072015133037
360,761,-0.259614488293421
360,781,0.0065531770739704
360,978,0.143584546944923
360,1172,-0.0301964684652984
360,1213,0.263638315952947
360,1274,-0.0570181638296692
360,1429,0.848614776588877
360,1631,0.587675744605289
361,363,0.484713292849942
361,370,-0.0484938236964366
361,394,-0.678695134393503
361,555,0.0253694003586946
361,598,-0.458948167362982
361,669,-0.327862133083715
361,1062,0.596481523070592
361,1095,-0.212193655561572
361,1346,-0.0760156771934125
361,1495,0.0666233942351349
361,1576,-0.27104886029188
361,1630,0.410337505425971
361,1680,-0.0766820239699778
361,1710,0.476103878654648
361,1759,0.169318740575781
361,1780,-0.516869855169281
361,1799,-0.0982119734736986
361,1819,-0.238310273290476
361,1960,0.159645521623222
362,365,0.428268119696571
362,366,0.271232544577258
362,367,-0.340378497734118
362,371,0.317491934447655
362,372,0.232010144448093
362,374,0.131368735304009
362,403,0.907483041279649
362,450,0.500760645889414
362,686,0.450563117718011
362,1024,-0.0742653339197731
362,1104,-0.0634037337459929
362,1226,-0.192248961478761
362,1236,0.0353181759618419
362,1301,0.583110574292502
362,1550,0.426345477326484
362,1677,0.612474874000022
363,367,-0.975866311708783
363,372,-0.501420955518683
363,373,-0.235046768876187
363,376,-0.686712111215612
363,377,-0.449073835365326
363,521,-0.247742796753965
363,579,-0.555476016289614
363,625,-0.704668497189268
363,767,-0.9248686351685
363,798,-0.668588561192698
363,984,-1.02766931628649
363,1104,-0.744513631199091
363,1299,-0.309462281647391
363,1516,-0.0797267938469231
363,1592,-0.512535410234964
363,1649,-0.530647518896367
363,1667,-0.882814586450411
363,1694,-0.925899737844265
363,1746,-0.72056447764174
363,1751,-0.593250722780021
363,1807,-1.08895947734366
363,1878,-0.793176061257605
363,1955,-0.781425068469177
364,369,-0.254348196413948
364,373,0.129033784823774
364,391,-0.0607931899293443
364,660,-0.88928313372554
364,666,-0.32661644274129
364,764,-0.025616985063697
364,818,0.0271902736191222
364,862,-0.160190386547217
364,936,-0.664168165791337
364,1142,0.387872600676754
364,1178,-0.535126521341696
364,1216,-0.577839696129817
364,1327,-0.0153351277375716
364,1367,-0.1514730196399
364,1436,-0.359882161298354
364,1455,-0.408219276958188
364,1662,0.0476547549098265
364,1803,-0.348323044067919
364,1855,-0.17252832641249
364,1885,-0.194771451042666
364,1922,-0.324620307273341
365,367,-0.733473170802964
365,370,-0.194861475601359
365,371,-0.136210079182801
365,418,-0.511509781193388
365,572,-0.502085070639307
365,897,-0.257927547603346
365,981,0.0746970368972223
365,1086,0.239943431041331
365,1097,-0.360613915685119
365,1226,-0.593525766932958
365,1283,-0.350429887731314
365,1584,0.0384889303810735
365,1718,-0.155955401535122
365,1807,-0.825768535927861
365,1820,-0.345268018786828
365,1978,-0.744242776971715
366,371,0.0097345531966469
366,372,-0.0413347494388343
366,373,0.224094501785231
366,374,-0.144952146448666
366,630,-0.30532459377439
366,647,0.069246093978221
366,651,-0.0675836171660517
366,749,-0.128924865245953
366,752,-0.509575539992929
366,829,-0.458008624552483
366,1020,-0.112789279144737
366,1078,0.0047019394056496
366,1086,0.354751891530001
366,1170,-0.275244855948749
366,1298,-0.215607861528493
366,1329,-0.240266032743714
366,1345,0.102912576753202
366,1419,-0.340841066274901
366,1437,0.038270331734957
366,1592,-0.0591499950464678
366,1854,-0.252016733702448
366,1866,0.0018727330710806
366,1969,-0.121763220430562
367,368,0.99987277459411
367,369,0.441227873724725
367,372,0.537655423627996
367,373,0.775301148584288
367,375,0.495669983074921
367,377,0.658038643601326
367,378,1.4304424399677
367,489,0.0137747247915792
367,586,0.383756061612896
367,872,0.222522333384566
367,951,0.744919593483557
367,985,1.01732222764046
367,1152,1.04100174490046
367,1173,0.528016800495238
367,1348,0.852353142714998
367,1519,0.0106244619558249
367,1765,-0.0202935084718067
367,1886,0.953324547513129
367,1995,1.1104616257661
368,370,-0.49464545048532
368,371,-0.465820022344444
368,373,-0.187462099295532
368,375,-0.575487181958436
368,380,-0.669149400351933
368,381,-0.823074080661023
368,410,-0.586518441139767
368,470,-0.606831052928935
368,508,-0.625879149917251
368,528,-0.757151633694048
368,546,-0.919007666332524
368,565,0.144470664392703
368,920,-0.69610515086111
368,1065,-0.541962263685586
368,1187,-0.597837622527059
368,1412,-0.797617785438467
368,1454,-0.687399866380454
368,1645,-0.952401085106258
368,1716,-0.614080609545432
368,1756,-1.30212360018843
368,1881,-0.351873697106634
369,370,0.0783535329689438
369,372,0.0976818525917486
369,373,0.361225259733187
369,374,-0.0020445238429187
369,380,-0.1390423184711
369,462,0.686631358284455
369,494,-0.282334843943375
369,714,0.272340693561082
369,803,-0.0851141020990333
369,916,0.110866762130545
369,1034,-0.0492624213837879
369,1131,0.0833301511272189
369,1173,0.0753826152632191
369,1337,0.448506446163968
369,1347,-0.174790189802621
369,1499,0.304643908158144
369,1522,0.755684314961177
369,1532,-0.582655787738668
369,1544,-0.0960139473576267
369,1668,-0.12228225121505
369,1816,0.195166059817651
369,1880,-0.340444007067272
370,372,0.0193283196228048
370,373,0.28707793757285
370,374,-0.0839747419112718
370,377,0.110136334083764
370,382,-0.120528027685902
370,567,-0.119046643154262
370,599,0.0747126318877987
370,715,-0.192805916700109
370,734,0.211154701804111
370,865,0.11072807235479
370,930,-0.534271563968781
370,948,-0.458665833048007
370,1034,-0.131192639452141
370,1063,-0.173295738963452
370,1103,-0.291656885607327
370,1385,-0.0633604332549548
370,1449,-0.122009927492671
370,1714,-0.0551750319444303
370,1724,0.164792089184974
370,1744,0.545477949334193
370,1862,0.165158269356609
370,1884,-0.854579220923467
371,373,0.236237859435961
371,376,-0.207637387676472
371,377,0.0419706977863077
371,380,-0.310398162988877
371,679,-0.207705359547504
371,764,0.0870718617681321
371,876,-0.287188706307049
371,1181,-0.177985818038777
371,1347,-0.366669732173279
371,1352,-0.0277092945109333
371,1419,-0.398932439801396
371,1421,-0.36137533010741
371,1497,-0.134778706592063
371,1740,-0.107665305330882
371,1817,-0.0280822190831946
372,382,-0.140676716627805
372,385,-0.0750606975099976
372,507,0.365492479544045
372,574,-0.134603673772177
372,752,-0.479104292376435
372,798,-0.190724399100195
372,955,0.0915076884528276
372,1045,-0.0958000594291087
372,1250,-0.108601774722007
372,1265,0.203333946984011
372,1431,0.0158329311803829
372,1626,0.30233006988102
372,1710,0.492656324911295
372,1715,0.0416702766543881
372,1740,-0.0396982095246287
372,1806,-0.52355078946165
372,1833,0.185137129292091
372,1913,-0.270850727822909
373,376,-0.429123481955599
373,378,0.613421526046551
373,503,-0.0648245608707144
373,508,-0.413422555520815
373,651,-0.295914742677268
373,717,-0.621070776712908
373,731,-0.19150494635515
373,737,0.111444514870491
373,813,-0.314947867962296
373,883,-0.135693303350644
373,922,-0.615656901079593
373,958,-0.0886797989617904
373,978,-0.260387493839253
373,1135,-0.753487363197915
373,1232,-0.173416593501571
373,1491,-0.559707978961559
373,1512,-0.770445911463492
373,1548,-0.373936889384274
373,1595,-0.127292862204327
373,1883,-0.388687033835785
374,384,-0.162411122311104
374,386,0.553906965953498
374,404,0.0124114440167462
374,452,0.501716515085729
374,471,0.135437631252953
374,575,0.173100011694951
374,592,-0.469190506058603
374,756,0.509862022656586
374,771,0.439741835556492
374,823,-0.544914898015064
374,893,-0.0450095549057475
374,959,0.177906106191792
374,1030,-0.044103364489489
374,1089,0.12412815570132
374,1315,0.455446681675552
374,1318,-0.32533675255378
374,1403,-0.0136648570781473
374,1589,0.314812193904869
374,1711,0.310649409935396
374,1866,0.155747992485479
375,379,-0.0569269215860958
375,380,-0.170743833813211
375,382,-0.0722545974981776
375,383,-0.304641571116919
375,384,-0.205408845681209
375,582,-0.287532133787474
375,681,0.231508232151161
375,809,-0.201499982537923
375,956,0.0661591888424098
375,1031,0.0455053650424744
375,1090,0.0788341299143474
375,1308,-0.36174923618132
375,1432,0.183805390942661
375,1437,0.160210389376517
375,1478,-0.490494945747964
375,1511,0.0678477902757772
375,1619,0.0463481004743561
375,1801,0.0188902041060747
375,1917,-0.107086135982594
376,380,-0.137070658629132
376,383,-0.272609687248105
376,389,-0.68010593995291
376,515,-0.561538093369067
376,634,-0.183418116048529
376,830,-0.363745950448076
376,1119,0.695719706901883
376,1129,-0.0866115933380195
376,1399,0.232823087781343
376,1471,-0.107046869405661
376,1561,-0.430953788627433
376,1621,0.503217376585801
376,1779,0.164439050388441
376,1785,-0.178212613995691
377,379,-0.231837480800333
377,382,-0.247165156712415
377,384,-0.385249708669466
377,388,-0.174822150811932
377,389,-0.83996799228513
377,490,-0.183491702347045
377,531,-0.283481273384192
377,736,-0.0486860564953098
377,773,0.0066384713014353
377,798,-0.29401248992357
377,851,-0.265530738053084
377,1063,-0.292547040827024
377,1082,-0.205349519794121
377,1258,-0.17749753634783
377,1605,-0.493861865103477
377,1671,-0.653306043519669
377,1904,0.0481357871934787
378,379,-1.10197503634823
378,389,-1.60015622802076
378,390,-1.37714149850635
378,647,-0.852932727565601
378,736,-0.859942112139399
378,770,-0.930088014873421
378,776,-0.49759515231331
378,819,-0.900011405622668
378,886,-1.27961760092096
378,1054,-0.989079428433314
378,1215,-0.653880984741984
378,1245,-0.532284019242138
378,1458,-1.92429178728109
378,1536,-1.35459607467297
378,1542,-0.587845506909185
378,1551,-1.09488619937771
378,1585,-1.35249708871643
378,1630,-0.466922252437304
378,1660,-1.13832629004146
378,1702,-0.623790786021507
378,1710,-0.448571626832453
378,1727,-0.653603532848746
378,1824,-1.4256723254956
379,382,-0.0152010562538832
379,383,-0.254432745048516
379,385,0.0535465040257838
379,386,0.588823822079238
379,387,0.427744627344957
379,389,-0.639295034180332
379,391,0.236911574524971
379,429,-0.0176214714874032
379,590,0.486005044360823
379,804,0.31705881704485
379,921,-0.349605491070222
379,1107,-0.291598529161614
379,1203,0.429650417338218
379,1299,0.37130959712931
379,1432,0.2487078091769
379,1513,-0.458874731414742
379,1545,0.181554814101681
379,1758,0.300757859323181
379,1835,-0.35783573157764
380,381,-0.0788847046592425
380,382,0.115234359970828
380,388,0.167649118210192
380,391,0.327032318782283
380,452,0.589124905130096
380,524,-0.297509197529621
380,1084,0.150084794912741
380,1156,-0.162355097190097
380,1344,0.526812198963684
380,1429,0.793704182076856
380,1436,0.0121493654540564
380,1442,0.50013066403349
380,1488,0.508965506859004
380,1492,0.615214749918199
380,1538,0.19067520725687
380,1539,0.751820959712274
380,1543,0.0622852679278788
380,1583,0.175933675135164
380,1803,0.0700153205717535
380,1932,0.306225396264671
380,1963,0.222037819589822
380,2000,0.52458419988943
381,383,-0.0159714547784746
381,385,0.277833742538397
381,386,0.789612272794552
381,387,0.640878603026084
381,392,0.190616600266834
381,394,-0.310455398687675
381,456,0.540900012353451
381,601,0.175027135860809
381,723,0.348573212859545
381,794,0.0925563189051205
381,832,0.0002285228170295
381,991,0.28082058898792
381,998,0.668395790222884
381,1124,0.59378912160534
381,1175,0.481240383990508
381,1347,0.0654669397218162
381,1423,0.601236613710426
381,1485,0.633162214924729
381,1518,0.145667027945592
381,1582,0.657696543286798
381,1912,0.286904106871437
382,388,0.0656575960069215
382,389,-0.623412631150481
382,391,0.252360176290243
382,392,-0.0080075537758562
382,393,0.573588921689082
382,446,0.56470056602828
382,682,-0.566836020407913
382,925,0.564700967493609
382,955,0.244015633083287
382,957,-0.20997639436828
382,1145,-0.184045043270479
382,1179,-0.233224677059578
382,1301,0.49895142179707
382,1450,0.374738993705853
382,1613,0.204000186219798
382,1860,-0.195891284056063
383,391,0.476779428755097
383,392,0.209873077207298
383,394,-0.297902122976442
383,395,0.716084034190808
383,396,0.70281866752632
383,624,0.571305404776274
383,713,0.171377173278705
383,795,0.435673405122668
383,838,0.284377582256295
383,849,0.329867941482485
383,1008,-0.221277056132504
383,1060,0.452084430727974
383,1136,-0.112409413136198
383,1224,0.300185564432143
383,1315,0.711987515047278
383,1332,1.02211093890662
383,1614,-0.0534633210775034
383,1917,0.19472724425875
383,1991,0.26620942431513
384,385,0.200056120484013
384,386,0.748765545773966
384,388,0.195687250870419
384,392,0.111584241294583
384,397,0.249193001985265
384,596,-0.0269184087289507
384,805,0.134513251623734
384,811,-0.175568949922216
384,903,0.0822185188872214
384,1025,0.380502100659108
384,1077,0.0229163922048254
384,1501,0.0742824574951941
384,1621,0.637035530832293
384,1792,-0.0938127944436054
384,1887,0.563309436180457
384,1893,0.0334211853794198
385,392,-0.0674633946965653
385,396,0.399759161719038
385,594,-0.265046091168771
385,847,-0.497639440422009
385,871,-0.520918858262515
385,882,0.271006736827532
385,933,0.251276866130639
385,936,-0.433300085957768
385,1060,0.170861917544921
385,1092,0.258875293459501
385,1150,-0.39820206928082
385,1153,-0.624676998894831
385,1187,-0.0477512350101765
385,1501,-0.119904595320874
385,1684,0.233995547333315
385,1797,-0.452196186523032
385,1942,-0.0039889815382334
386,393,-0.0655085176070194
386,396,-0.134376979681091
386,578,-0.0331955818103507
386,616,-0.622643030800246
386,633,-0.296129929512968
386,674,-0.98868471749007
386,690,-0.291858299490551
386,825,-0.812326137539036
386,860,-0.183775500629978
386,864,-0.750532209660952
386,1216,-0.860093820816189
386,1302,-0.694343042089657
386,1569,-0.269422770820335
386,1652,-0.98286248547866
386,1713,-0.461249787787813
386,1903,-0.713793417587249
386,1924,-0.144965321465028
387,391,-0.182015701001723
387,393,0.11477616347071
387,394,-0.941203878209827
387,400,-0.0972246520510777
387,437,-0.124109376605396
387,524,-0.867286728297238
387,701,-0.524137152659508
387,731,-0.186321932778209
387,831,-0.199452866467807
387,841,0.434543461655942
387,912,-1.22079738653637
387,1056,0.0970956529476707
387,1091,-0.5841768336303
387,1262,-0.254732941002327
387,1351,-0.215118910525601
387,1457,-0.546933690709488
387,1702,0.0786143879622727
387,1920,-0.0265025851349887
387,1993,-0.399398146109913
388,390,-0.359180549397752
388,392,-0.0671321053915598
388,394,-0.582051550132693
388,395,0.424224540110149
388,400,0.280648866821027
388,409,0.0364701957337066
388,487,-0.345975117197302
388,824,-0.0845707763845686
388,951,0.26525851859943
388,1219,0.200208006322496
388,1354,-0.121351718917551
388,1409,0.0760911177359766
388,1445,-0.169638769074758
388,1550,0.260396507711365
388,1804,0.541198052463528
388,1912,0.0147165242488021
388,1952,-0.263770359943871
389,391,0.835761363766482
389,394,0.0846757729783813
389,395,1.05828603000136
389,397,0.668132457863352
389,398,1.16849318682726
389,402,0.567729123602289
389,449,0.710247304747988
389,506,0.0170570048419117
389,595,0.16988392730596
389,609,1.00603125590196
389,955,0.831132519635277
389,1014,1.35293631887402
389,1078,0.686448768529964
389,1089,0.729412791828239
389,1146,0.967330962455118
389,1193,0.861981373072789
389,1472,1.01859471722271
389,1904,0.841777338884788
389,1982,0.86218224253739
390,497,0.259985240577831
390,686,0.644825405297428
390,770,0.356397607164623
390,1012,0.619415545132694
390,1077,0.195816541768414
390,1156,-0.026939436713353
390,1207,0.370335501617702
390,1320,-0.0989125148305837
390,1346,0.409189868587426
390,1368,0.73760872481844
390,1374,0.615642062442051
390,1461,0.091348807863746
390,1567,0.799214419899829
390,1594,0.192315557827542
390,1616,0.6743857498586
390,1681,0.0510439302122281
390,1776,0.590369492993758
391,392,-0.235172317532372
391,395,0.246154308694506
391,397,-0.0972706707606927
391,399,-0.188563284647042
391,403,0.582966244688161
391,651,-0.1265671228984
391,708,0.062942676154985
391,726,-0.319834891105786
391,728,-0.530031942448029
391,904,-0.660427246428992
391,905,-0.210438975384287
391,1105,0.0512438318015442
391,1111,-0.546622575838991
391,1519,-0.684060270948839
391,1639,-0.466266272101749
391,1665,-0.0851919034661004
391,1861,-0.350373936261864
392,400,0.332269079800927
392,402,-0.0048511840105861
392,477,0.137386765421865
392,488,0.0332720968202101
392,592,-0.397345584348785
392,651,0.11307422847115
392,800,0.0359068407487012
392,804,0.313726379370587
392,817,0.200094482132137
392,904,-0.389045093021454
392,1036,-0.351472531454676
392,1293,0.0650386031975276
392,1429,0.721244130525064
392,1611,0.182199015699981
392,1718,0.134939915186063
392,1863,0.11842178823082
392,1893,-0.0695228715520958
392,1940,-0.0931651486780811
393,403,0.32959482810896
393,525,-0.526157557924746
393,649,-0.76022428319986
393,684,-0.734783185754196
393,846,-0.812592518610737
393,849,-0.443494831243248
393,999,-1.2296365442932
393,1016,-1.19770632966374
393,1049,-0.417269859793101
393,1136,-0.905403154791277
393,1284,-0.520747444067606
393,1359,0.0486287105551005
393,1373,-1.08648110536579
393,1412,-0.74787834358095
393,1515,-0.767141292768486
393,1600,-0.374565681702329
394,395,0.982005978048693
394,399,0.563713603563579
394,400,0.875709478510868
394,401,0.615847848803445
394,405,0.592533041876933
394,481,0.299399176792331
394,603,0.741727021395568
394,649,0.282210293960594
394,711,0.418681538904621
394,1022,0.80111295585441
394,1152,1.14501066038996
394,1166,1.03470318112048
394,1171,0.791037509607926
394,1218,0.49435273652521
394,1457,0.362377615248345
394,1863,0.62207373299426
395,397,-0.322739305229142
395,398,0.0296914801570797
395,434,-0.595322759851619
395,582,-0.689670711936491
395,680,0.0531194434995893
395,686,-0.13453021316575
395,793,-0.333469923046655
395,874,-0.911942958746156
395,894,-0.226484261674276
395,914,-0.315225591450407
395,1068,-0.615551430469566
395,1110,-0.426281851568461
395,1206,-0.668578613759336
395,1220,-0.46049939927524
395,1389,-0.253677217487553
395,1483,-0.704157419025387
395,1572,-0.322446148300699
395,1692,-0.628244474695502
395,1721,-0.159105181887663
396,398,0.0686245824849887
396,401,-0.343515100593225
396,477,-0.303842408439867
396,548,-0.564544592008204
396,552,-0.422218446353893
396,674,-0.866616889060162
396,717,-0.703678105105097
396,755,-0.146075503424609
396,926,-0.0808044540710697
396,1054,-0.359124851480271
396,1190,-0.505172210997444
396,1265,-0.0903209936271982
396,1283,-0.490146127509518
396,1309,0.157619181967364
396,1316,-0.727857331392067
396,1598,0.167355481600443
396,1718,-0.287989682760785
396,1729,-0.299897888154234
396,1887,-0.0216814697545329
396,1964,-0.469503057599843
397,399,-0.0763170086310527
397,401,-0.0163414410039362
397,404,-0.0764725190451683
397,407,0.185234433951931
397,408,0.200089052135942
397,409,-0.0263894075015509
397,410,-0.0937285066105627
397,812,-0.320715155412088
397,939,0.176392344236689
397,1145,-0.274960647124465
397,1173,-0.017674248064326
397,1223,-0.17663519092407
397,1271,-0.346210463450298
397,1353,-0.0380132883556428
397,1387,0.474167245629911
397,1412,-0.318459872449802
397,1547,-0.159552403898671
397,1653,-0.0090982505902634
397,1824,-0.452338058845005
397,1909,0.248012421337766
397,1984,-0.644021253833402
398,403,0.340273806754637
398,410,-0.509192841450506
398,419,-0.547941997051615
398,497,-0.534166667712403
398,622,-0.186778065683614
398,728,-0.843984582024003
398,747,-0.559443708987915
398,771,-0.0434162981982489
398,790,-0.684826374997097
398,1172,-0.564411307318299
398,1202,-0.758345821921298
398,1310,-0.0747468031759784
398,1368,-0.126804311226382
398,1716,-0.537055051243996
399,405,0.0283074248059638
399,408,0.30069237380376
399,412,0.205152054865219
399,435,-0.288480522955896
399,554,-0.173689613468805
399,626,-0.0607309596571914
399,817,0.151887034117247
399,863,0.306405855149035
399,884,0.186071762631251
399,942,-0.0468411183007633
399,966,-0.637750326522631
399,1016,-0.682095435144058
399,1273,-0.221499575361541
399,1413,0.721782631519896
399,1452,-0.453636473855683
399,1658,-0.154562348560297
400,404,-0.290600974729955
400,405,-0.259674415435313
400,408,0.0137204234452042
400,409,-0.224923686737899
400,413,-0.186792805399277
400,415,-0.514594911283666
400,615,0.0213541717298005
400,756,0.212633794014249
400,911,-0.153833460206067
400,947,-0.302375605894069
400,1189,-0.429961284726689
400,1243,-0.238082721353521
400,1254,0.0575667339671294
400,1768,-0.61438640817406
400,1986,-0.757991347413809
401,405,-0.0312112780938863
401,410,-0.0809675793083754
401,411,-0.230999174909462
401,413,0.0526436291646822
401,450,0.284653420663499
401,704,0.456788779901584
401,721,0.323189344478041
401,745,0.0200975809790683
401,779,0.29483543096369
401,828,0.0988077005028842
401,962,0.434391682916733
401,989,0.0388140998014752
401,1009,0.3079627112557
401,1150,-0.436297923243511
401,1177,0.0028363172326194
401,1191,0.509891220204953
401,1268,-0.279501429263615
401,1355,-0.0771820368099687
401,1486,0.0736565529593557
401,1612,0.0341645413428495
401,1648,-0.0903734183746139
401,1805,-0.518025472404567
401,1979,-0.136405681385359
402,403,0.789145561508556
402,408,0.361488168313821
402,409,0.105100362434009
402,411,-0.0991965428461604
402,415,-0.172102355986085
402,438,0.0935545686160317
402,444,0.118074457148173
402,491,0.756995136512814
402,711,-0.0760771047080859
402,787,0.27415805771456
402,1046,-0.245678518806003
402,1049,0.141831832204519
402,1230,0.223945701066068
402,1298,-0.0319597289340626
402,1387,0.620977353378723
402,1394,0.174264312955493
402,1540,0.0907221813206324
402,1565,-0.287511023884586
402,1813,0.0447860837216103
402,1830,0.191126659285777
402,1859,-0.0926809388352478
402,1879,0.228484987599008
402,1897,0.0661518139881014
403,404,-0.742504821321625
403,410,-0.759773041039066
403,640,-0.934383989454751
403,868,-1.06838848782301
403,874,-1.19332105932079
403,876,-0.834831662714445
403,895,-0.684787864452428
403,1037,-0.772936260499384
403,1083,-0.818238661300515
403,1151,-1.03763292509081
403,1251,-1.05271633983462
403,1276,-0.400025646877519
403,1444,-0.943196553902829
403,1471,-0.872877054783027
403,1556,-0.746487709958493
403,1567,-0.291016093246864
403,1591,-0.78075269778798
403,1638,-1.12657486154058
403,1769,-0.809727931809718
403,1823,-0.789036850452833
403,1912,-0.722143157691364
404,408,0.304501854891992
404,438,0.034787974912414
404,480,-0.010672284295605
404,505,0.021777847346497
404,557,0.143903949246212
404,878,-0.0380614063280516
404,923,0.389909680394998
404,957,-0.243228529374423
404,980,-0.32977503765367
404,1035,0.0642723849052034
404,1081,-0.518272599196425
404,1117,0.148091901794858
404,1291,0.0809634589074705
404,1557,-0.170547666429677
404,1645,-0.40112318009391
404,1707,0.093167232765973
404,1844,-0.0589097337003136
404,1851,-0.410003807299303
405,408,0.273542266659949
405,409,0.0178702487762044
405,412,0.178659340164304
405,528,-0.19003040554109
405,601,-0.0907161795020291
405,659,0.220234054793266
405,709,0.149274338946365
405,727,0.252664793269123
405,857,0.380086332583541
405,1079,0.307612266794566
405,1097,-0.121585380734336
405,1149,-0.271676766521785
405,1353,0.0088677472867453
405,1544,-0.141593362848836
405,1713,0.0067506254821809
405,1715,0.101207615868893
405,1752,0.382463474636245
405,1812,0.0998021856281923
405,1814,0.233444903301951
406,409,0.0103567317134549
406,410,-0.0665425790508303
406,415,-0.297152415926485
406,666,-0.143233487226953
406,1161,0.0879588491184202
406,1206,-0.290277734206235
406,1313,0.392216419586529
406,1510,0.0744273001205318
406,1528,-0.0707393847178967
406,1631,0.47668691560598
406,1638,-0.524558243217992
406,1686,-0.0315228570641625
406,1873,-0.406018457355436
406,1927,0.1365672154437
407,409,-0.22434430078845
407,410,-0.307793989328223
407,417,-0.431377372601334
407,428,-0.287938160522461
407,438,-0.261746851553473
407,454,-0.287240014679186
407,633,-0.0497609569748187
407,720,-0.106202650977422
407,816,-0.379682456864993
407,1024,-0.51186041303465
407,1121,-0.350935212480348
407,1179,-0.601794569048151
407,1195,-0.165021962102257
407,1281,-0.384549558406563
407,1350,-0.202815613442183
407,1353,-0.250502958156374
407,1874,-0.287178018374497
408,409,-0.238915903018469
408,411,-0.507042046926623
408,412,-0.113191626839385
408,416,-0.505076292275635
408,419,-0.359666211340179
408,421,-0.318085638544308
408,1075,-0.392318278273969
408,1175,-0.0715561846735465
408,1185,0.106102427952926
408,1342,-0.689741136269611
408,1706,-0.106281024513762
408,1880,-0.665822536387245
408,1884,-1.13692219644246
408,1968,-0.0267399809359111
409,412,0.149982568124952
409,416,-0.227323861524514
409,419,-0.0976799808303774
409,562,-0.100520471769288
409,624,0.218402154438415
409,850,-0.225520563630117
409,852,0.042399937940608
409,889,0.0710257034648507
409,986,0.30941170336133
409,1006,-0.230011052347494
409,1053,-0.683197197164513
409,1336,-0.0834400468516911
409,1559,-0.123359396944133
409,1595,0.184314001905102
409,1702,0.382138789516266
409,1738,-0.26757972956651
409,1742,0.0161889628709608
409,1825,0.0712214393986378
409,1877,-0.129833956372255
409,1885,0.0113100401225648
409,1987,-0.137976255659449
410,415,-0.21295588611681
410,428,0.0233944328331629
410,508,-0.0481553932377751
410,539,0.37412436034061
410,677,-0.245289881844719
410,725,-0.449034677533532
410,791,-0.325640128576492
410,1114,-0.144318353356344
410,1159,0.110035182566031
410,1357,0.0220659907546087
410,1466,-0.0919503434941448
410,1601,0.427926119440224
410,1738,-0.21308303198762
410,1859,-0.136627426332058
410,1979,-0.0520559949904176
411,412,0.412283782917036
411,418,-0.066712338479735
411,419,0.107947638065247
411,420,0.380467474297079
411,424,0.385439713995774
411,639,0.829571456166732
411,749,0.235254293193392
411,1137,0.673641502969748
411,1161,0.302125707369421
411,1255,0.488371149932977
411,1292,-0.401926646562867
411,1349,0.492683998284628
411,1742,0.249675275604726
411,1829,0.307288718743245
411,1857,0.721402724722392
411,1971,0.511749754654261
412,416,-0.416926024468119
412,418,-0.467430696351443
412,419,-0.269626370482718
412,425,-0.192980909795658
412,778,0.350997324413783
412,801,-0.125732022632461
412,1009,0.201242649015586
412,1066,-0.0263005267796068
412,1284,-0.199230939677255
412,1341,-0.187450859632125
412,1849,0.0778824659813805
412,1866,-0.0533759192936788
413,417,-0.244038187741988
413,419,-0.175695166008898
413,420,0.100847421272252
413,423,-0.0648616476735205
413,426,0.512923686573053
413,523,0.249512244292352
413,680,0.400729677117177
413,819,0.0982051673173405
413,1202,-0.383702246885016
413,1313,0.301893115819619
413,1390,0.005215764639884
413,1488,0.305806691069972
413,1658,-0.286954118579141
413,1693,-0.180412327792317
413,1743,-0.403554335041437
413,1763,-0.154441106209986
413,1820,-0.210359421787934
413,1981,0.466538786523564
414,415,-0.126618158975055
414,416,-0.0742857114527502
414,422,-0.140290327358312
414,424,0.357388338726223
414,482,-0.325112459270875
414,552,0.111334918692305
414,569,-0.215919808820324
414,698,0.570800608621445
414,809,-0.0660321166479658
414,874,-0.401942614532984
414,980,-0.232368616333947
414,1013,-0.365425239961904
414,1049,0.218296455516388
414,1096,-0.430934611728425
414,1098,-0.286811655128043
414,1101,1.01344340031918
414,1270,0.754595191562653
414,1476,0.702885269463563
414,1541,-0.176594995928586
414,1874,0.132760385463945
415,417,0.139676807851932
415,421,0.249039247372886
415,426,0.775141811259932
415,428,0.237976296652872
415,481,-0.0228199128503281
415,501,0.511978688985355
415,542,0.298248466790938
415,680,0.69180985818399
415,696,0.167134792908935
415,784,0.409058078998357
415,909,0.316710419671839
415,943,0.312016293919216
415,1059,0.731639861345585
415,1263,0.121343196430211
415,1312,0.529297486329857
415,1596,0.153031524857371
415,1620,-0.232457991582664
415,1708,0.0260862228816174
415,1802,0.251629496680317
415,1835,-0.127008850459965
415,1880,-0.114628164202308
416,419,0.132165245804845
416,421,0.204323117955962
416,423,0.25073646909573
416,424,0.392951058262481
416,425,0.203031759431378
416,426,0.774208653643977
416,428,0.192261694580573
416,429,0.137621536116795
416,551,0.400188569707351
416,579,0.233516352901239
416,683,-0.0224126708909316
416,838,0.2009664937085
416,903,0.100534038944565
416,1046,-0.132132872126629
416,1069,0.405122184986918
416,1154,0.267132386984613
416,1229,0.199902808909592
416,1870,0.334810034182531
417,427,0.0583774165630473
417,430,0.194868482142748
417,486,-0.193966185605718
417,684,-0.0951939152707814
417,816,0.020112864183786
417,827,-0.180085287056476
417,884,0.325738873190079
417,1213,0.302328530794728
417,1405,0.129366553101953
417,1414,0.509445005736769
417,1434,-0.0434510644107911
417,1522,0.912704794934387
417,1619,0.175238392418832
417,1763,0.0835830449131559
417,1821,0.10738561135157
417,1834,-0.319602428217977
418,589,0.422058565968467
418,709,0.42155636742414
418,778,0.785907294474783
418,813,0.272501409360216
418,845,0.222553869466242
418,958,0.487104824350846
418,987,0.0296610513517217
418,1008,-0.279101900228071
418,1255,0.535251167547911
418,1351,0.435929034682962
418,1401,0.37689763077291
418,1478,-0.236084469710337
418,1493,-0.281913672574379
418,1684,0.47259224636016
418,1779,0.318423273003577
418,1817,0.360971550734232
418,1831,0.534179577779378
419,431,-0.565676022258543
419,443,-0.0011427621934775
419,500,-0.155588863816261
419,522,0.733172459962269
419,542,0.124799591101485
419,879,-0.136569288488988
419,1151,-0.239656428628043
419,1224,0.0825593004089967
419,1242,0.164315530487531
419,1286,0.0716438853707584
419,1377,-0.0314724344955449
419,1391,0.571254361336348
419,1406,0.396879754484005
419,1594,-0.0793246110058084
419,1691,0.574536416065451
419,1707,0.147376208899983
419,1778,0.380377069792953
419,1855,0.112833248595038
420,421,-0.212917531899666
420,423,-0.16123327501096
420,425,-0.184816952131713
420,428,-0.201150707845394
420,432,-0.215975025534226
420,445,-0.526523340290634
420,700,-0.414838533072294
420,722,-0.232643223879907
420,832,-0.409040878782678
420,884,-0.0343146178928609
420,897,-0.192337260756208
420,1093,0.264696081237526
420,1123,0.256304671936606
420,1127,-0.191302186474738
420,1149,-0.433016746888543
420,1251,-0.527738229154335
420,1326,0.258849593456968
420,1521,0.192443183572333
420,1534,-0.108567664658864
420,1581,-0.357253507785999
420,1608,-0.0556992421750129
420,1704,-0.308471048026194
420,1823,-0.205666835268633
420,1889,-0.334486384861913
421,424,0.226750490518
421,434,-0.195676370000092
421,697,-0.0804484135726388
421,744,-0.432040863426436
421,874,-0.524475124042847
421,949,-0.401514829502001
421,1061,0.153297787590729
421,1242,0.111590190081635
421,1250,-0.0299508611268309
421,1308,-0.359531770042857
421,1603,0.0374691336082122
421,1847,0.26139940468577
421,1890,0.509321022304879
422,423,0.31678077201587
422,424,0.451836444755178
422,425,0.260405692905255
422,426,0.845944300159241
422,443,0.198914566454353
422,505,0.267846869946126
422,589,0.4386525281163
422,712,0.286865378745571
422,862,0.324008551818122
422,955,0.442669490552581
422,1070,0.48983006666299
422,1419,-0.0338004552588122
422,1637,0.358945600982607
422,1671,-0.239274236228285
422,1684,0.492181953460062
422,1687,0.591182625261953
422,1691,0.787353804219507
422,1702,0.720987992576874
422,1771,0.635807177303674
422,1850,0.335448500026964
423,436,0.262142598640956
423,458,-0.588316015009324
423,539,0.323291972321847
423,627,-0.053214749375245
423,775,-0.13166138705203
423,822,-0.0730191566130607
423,848,0.46716469707644
423,1011,-0.0434624849106291
423,1080,-0.126341695710473
423,1173,0.0151135407836026
423,1355,-0.0699833386505948
423,1406,0.30025892141109
423,1604,-0.136532670025649
423,1631,0.437513198704403
423,1640,-0.289444390061356
423,1767,0.0179209370478748
423,1971,0.29427039888616
424,427,-0.254210905979147
424,428,-0.212191451731986
424,434,-0.375470240699701
424,435,-0.47621729434777
424,443,-0.280214378631691
424,487,-0.532505993862029
424,636,-0.412726512106838
424,694,-0.112544264998597
424,832,-0.410337355183819
424,1033,-0.232988400962859
424,1174,-0.0662538141883954
424,1176,0.331226969140397
424,1284,-0.214554328448948
424,1331,-0.308599680112057
424,1380,-0.165905586482812
424,1404,-0.476702830310339
424,1464,-0.214197440260009
424,1484,-0.803624299247336
424,1548,-0.229921266723529
424,1689,-0.0862534076769399
424,1759,0.0444205161322608
424,1778,0.0838218729013011
424,1874,-0.211807688805172
424,1922,-0.28535596507783
425,427,-0.0666446289619231
425,437,0.22955633081558
425,578,0.441608186498847
425,613,0.306607606363963
425,725,-0.485639976176869
425,761,-0.305327630144959
425,839,0.450400564000517
425,856,0.570999054527446
425,991,0.014544194915096
425,1010,-0.129522362166111
425,1314,0.54447251801078
425,1387,0.553826679113285
425,1471,-0.144733111678173
425,1732,-0.072454660708914
425,1743,-0.286368346658173
425,1755,0.185490847176556
425,1779,0.0976712979410433
425,1881,0.212030844069835
425,1968,0.253985737539785
426,431,-1.16252760292165
426,435,-0.845859565377952
426,439,-0.641675003129243
426,464,-0.397025775968067
426,486,-0.848556617924294
426,567,-0.622113066306839
426,593,-0.946732555714176
426,684,-0.810710561271009
426,763,-0.589800502678178
426,797,-0.918538516366135
426,1000,-0.379833751607527
426,1134,-0.762114390068075
426,1170,-0.723972051655055
426,1240,-0.562535865740999
426,1242,-0.494333254788347
426,1507,-0.281630611973103
426,1540,-0.563194420655926
426,1570,-0.188088620686901
426,1656,-0.734623805664411
426,1846,-0.546012829574211
426,1903,-0.778073768645415
427,429,-0.0002254095468367
427,434,-0.124968703480204
427,439,0.0007946997221385
427,478,0.309407131050018
427,527,-0.513941252491835
427,622,0.331010676790112
427,672,0.0561196357124492
427,678,0.219550185453397
427,772,0.221800801970108
427,871,-0.429209742815947
427,923,0.425861815770393
427,1095,-0.0420233445507882
427,1200,0.333470406282762
427,1244,-0.124695966143829
427,1318,-0.274132938836503
427,1440,0.0495960462620812
427,1456,-0.0809970953079996
427,1512,-0.37763127159893
427,1566,0.186015832289987
427,1799,0.0758959153377927
427,1900,-0.0515774614503483
427,1941,0.234243345040572
427,1943,0.0931092744910382
428,430,0.0719130371629116
428,431,-0.627780927560427
428,432,-0.0089002801999048
428,434,-0.184412973093313
428,436,0.299717680937937
428,440,0.462751498161338
428,441,0.385844063416531
428,535,0.210589243280385
428,651,0.0578831550822367
428,1031,0.0569649948644929
428,1453,0.478074015742792
428,1510,0.104321815388692
428,1511,0.081491176784195
428,1745,-0.291612203568567
428,1773,0.245417827857931
428,1790,-0.0233856453891554
428,1845,-0.227253017023837
429,430,0.126928928946114
429,431,-0.574511320391413
429,432,0.0465061439662358
429,433,-0.186395175739648
429,438,0.083968077668474
429,439,0.0003027059882639
429,440,0.514557628436515
429,441,0.439437872639834
429,683,-0.162232003349186
429,918,0.29070128385564
429,921,-0.316123929787097
429,966,-0.584042614840933
429,1180,0.413239122516582
429,1209,0.248525885000491
429,1444,-0.186066577776049
429,1494,0.638986556218067
429,1568,-0.164118361599132
429,1618,-0.0129727910135826
429,1924,0.437162651467556
430,433,-0.314850526260727
430,435,-0.364058230884496
430,437,0.17626031564819
430,442,0.27763178304558
430,478,0.201567201342222
430,529,-0.495519207363277
430,702,-0.0158938939757088
430,771,0.348819137793732
430,781,-0.12494044545544
430,852,0.0190823582024154
430,860,0.264067649010296
430,866,-0.286806376449812
430,934,-0.200279531683106
430,1199,-0.177897777367107
430,1382,0.306296734165054
430,1401,0.0883675703289117
430,1448,-0.15837955244524
430,1563,0.42770556067231
430,1567,0.393482921972257
430,1665,0.0332833410980352
430,1954,0.0173735543187119
431,435,0.327235790593042
431,436,0.912512320071606
431,439,0.575753050170308
431,440,1.00435369411564
431,733,0.384569949155541
431,835,0.832282786049573
431,841,1.38161679568522
431,897,0.625277594326852
431,1031,0.679536222490394
431,1105,0.853810501903944
431,1239,1.05719026033651
431,1312,0.905260843857866
431,1318,0.296307088668988
431,1321,0.546622221216229
431,1375,1.16143117307272
431,1481,0.168929318395867
431,1485,0.965473992263566
431,1674,0.56339533042139
431,1725,0.661882763670477
431,1829,0.736630001698132
431,1849,0.857364754198137
431,1910,0.644834689230371
431,1974,0.900297993962257
432,435,-0.28971387089065
432,437,0.261375889279227
432,438,0.0386996410522315
432,526,0.7058891290262
432,592,-0.487032743049604
432,689,0.467308439417049
432,947,-0.0177857227712608
432,961,0.356884146133635
432,1031,0.068788189258174
432,1049,0.0900422371963015
432,1236,-0.0941780180535882
432,1295,0.0330152158849293
432,1312,0.342974922704164
432,1451,-0.487588465567888
432,1633,-0.0054307335133853
432,1671,-0.470192237241194
432,1784,0.670187618859834
432,1937,0.024970043748268
433,434,0.0500576076396198
433,435,-0.0551121079626726
433,440,0.674258974552698
433,441,0.612912805463526
433,443,0.188465475826038
433,446,0.722231607831267
433,459,0.174114410697504
433,497,0.165772917260719
433,522,0.916225152308787
433,592,-0.230929026061357
433,744,-0.163308097468871
433,838,0.24544064199532
433,840,-0.0709626408066931
433,934,0.119186992004115
433,936,-0.166442946550787
433,1021,0.826634771383922
433,1027,0.250149300864561
433,1149,-0.0062066328614437
433,1168,0.641893904570717
433,1382,0.608500782059773
433,1403,0.198347902965424
433,1665,0.346513483966348
434,440,0.611226667848749
434,444,0.236958288295336
434,446,0.654458257933423
434,454,0.165984579999401
434,660,-0.434115497014243
434,796,0.680870660574362
434,878,0.125914114735961
434,951,0.450780676754085
434,1014,0.889973048724276
434,1063,0.0670980879131786
434,1114,0.011665939742072
434,1180,0.539768074569985
434,1255,0.470337780153266
434,1271,-0.116715173428608
434,1424,0.173086513963102
434,1564,0.288239835687964
434,1604,0.117343000724209
434,1680,0.216749824161358
434,1770,-0.179379627662844
434,1819,0.078173285621129
434,1947,0.273946751015415
435,437,0.531337450379334
435,438,0.322429053428636
435,442,0.619786793079271
435,444,0.343334881673472
435,685,0.275277088132576
435,750,0.223056048282345
435,756,0.763951463818775
435,888,0.230642884560806
435,972,0.189700559219971
435,1024,0.0806461941180997
435,1191,0.83515348871166
435,1208,0.326638437781476
435,1256,0.674144254416619
435,1328,0.642546113542448
435,1341,0.291519808745824
435,1355,0.259974161062657
435,1433,-0.0281773611856301
435,1441,0.525237639422322
435,1513,-0.151785584011457
435,1569,0.516955863759989
435,1573,0.639529402638378
435,1796,-0.133140366232928
436,437,-0.0580402181985706
436,439,-0.354055133413452
436,440,0.193967270194213
436,441,0.0975722389093387
436,490,-0.30133079569581
436,697,-0.384997914860329
436,732,-0.0758525568468141
436,774,-0.331286915967869
436,787,-0.105734527755025
436,990,-0.399267557521479
436,1234,-0.173400004166125
436,1260,-0.102636861157843
436,1303,-0.322317836527963
436,1401,-0.129800736309203
436,1455,-0.462288371073145
436,1493,-0.710378968327583
436,1743,-0.561086641616808
436,1863,-0.229671899710831
436,1915,-0.446971000983508
436,1954,-0.208864548630671
436,1974,-0.0509351624150367
436,1990,-0.11537417094155
437,440,0.247275586992109
437,449,-0.156401389732974
437,566,-0.268630620455578
437,698,0.166186380016832
437,758,-0.290029058818371
437,1117,-0.0991524037275941
437,1140,-0.207316222125182
437,1263,-0.360729265624155
437,1314,0.333775001952653
437,1334,-0.0633662266291403
437,1388,-0.311722875219685
437,1416,-0.74433694661125
437,1626,0.154251829685743
437,1767,-0.190397594606261
438,441,0.363135037451575
438,442,0.320131646054275
438,447,0.308622613678927
438,448,0.0837725140853561
438,575,0.124344810987701
438,824,-0.103486527033204
438,1007,-0.0305444118956298
438,1218,-0.087860337881419
438,1263,-0.149276698909502
438,1322,0.0061134043767399
438,1350,0.050390808566175
438,1670,0.0516145453358066
438,1726,-0.0847098556783874
438,1737,-0.236840709014382
438,1772,-0.329225371299677
439,440,0.512319322011355
439,444,0.10964748898368
439,445,-0.278133074924478
439,446,0.544648921877367
439,448,0.162002789729305
439,478,0.320978440450734
439,503,0.377576638085353
439,627,0.0512311325973926
439,653,0.46965170436751
439,1007,0.0517804329858927
439,1008,-0.442203098062789
439,1051,0.386021326865292
439,1110,0.0372016351441722
439,1172,-0.0320134825209843
439,1263,-0.0664360489977585
439,1273,-0.168094569668107
439,1378,-0.105939030842536
439,1546,-0.12731302999189
439,1654,-0.319462942014683
439,1899,0.184063183947285
440,441,-0.099192278483911
440,446,-0.0159815175210329
440,448,-0.340805665526472
440,451,-0.536600180249342
440,499,-0.240569052816708
440,639,0.0882121288544093
440,691,-0.643934504512887
440,723,-0.429669793206653
440,765,-0.50434296119541
440,766,-0.409524192376716
440,796,-0.0014443987309801
440,905,-0.48936687061564
440,954,-0.408316148995252
440,1106,-0.633521497734513
440,1224,-0.421506924955862
440,1529,-0.604621358599807
440,1555,-0.273898563051281
440,1563,-0.0523447853717735
440,1655,-0.0087805704157096
440,1659,-0.631148588399504
440,1708,-0.64408953854975
440,1728,-0.477268004581336
440,1793,-0.562883633885528
440,1796,-0.824476654690399
440,1921,-0.54342829744741
441,442,-0.0482381203469276
441,444,-0.333298748214508
441,446,0.0916030601095169
441,451,-0.468733079563398
441,452,0.0839061712433521
441,453,-0.170405252337737
441,606,0.171173058416887
441,667,-0.965096292296146
441,739,-0.667105163222655
441,760,-0.545163493101252
441,847,-0.855197594976662
441,1030,-0.444764583341386
441,1068,-0.565271736385759
441,1078,-0.229759446878197
441,1176,0.181338120335045
441,1180,-0.071984412992515
441,1259,-0.475029645795117
441,1327,-0.156656411517136
441,1482,-0.714549653493771
441,1765,-0.853298143109057
441,1812,-0.255318655335092
441,1846,-0.351858876106194
442,444,-0.290107187513223
442,448,-0.220277846282098
442,450,0.0053407470129022
442,452,0.134861365553906
442,453,-0.126576045336719
442,454,-0.344062080595475
442,567,-0.391160321842366
442,750,-0.412961707544698
442,927,0.0934859288475919
442,1022,-0.0845569553372179
442,1026,-0.324545217645226
442,1144,-0.505407739665864
442,1241,-0.0742816834293961
442,1249,-0.887628710852943
442,1299,-0.0294499044557829
442,1304,-0.390945510586071
442,1626,0.0440944720003804
442,1777,-0.160495262512955
442,1787,-0.0651576809354492
443,445,-0.286248102882387
443,447,0.427999603255353
443,450,0.421186274712895
443,455,0.436945598261636
443,477,0.15117885236414
443,583,0.23100894577603
443,605,0.476288942254667
443,765,0.0969494289721324
443,789,0.547207237332868
443,1092,0.337263100457114
443,1104,-0.150181490608782
443,1148,0.359211306546633
443,1149,-0.196101347651999
443,1150,-0.344166869721503
443,1152,0.681597518545342
443,1211,-0.146891692576561
443,1269,-0.0216258857350926
443,1350,0.142101677846475
444,446,0.436568444539104
444,449,0.0289244335092754
444,452,0.423833198185697
444,455,0.312542683871741
444,757,-0.134329981804621
444,885,-0.35754012847061
444,1126,-0.863034136955266
444,1341,-0.0405212695804493
444,1365,-0.285989599683427
444,1428,-0.075272238908733
444,1473,0.434757062585929
444,1665,0.0480650347895049
444,1858,-0.211476147612782
444,1869,0.273629362412147
444,1993,-0.0752444789859354
445,446,0.825207115469733
445,453,0.52882980386394
445,525,0.233715148185724
445,718,0.796771050507758
445,737,0.833253887090114
445,753,1.5915334565177
445,793,0.440414048252647
445,1004,0.09773537424039
445,1165,0.565641173421335
445,1234,0.491749421745312
445,1290,0.644111026081039
445,1389,0.487532551122951
445,1428,0.326481656147658
445,1522,1.07353611265734
445,1608,0.444273897312221
445,1764,-0.0319729631200448
445,1789,0.341533255294405
445,1865,0.662874104651183
445,1888,0.700506404450653
445,1925,-0.265490314204819
446,450,-0.136625945200066
446,454,-0.48390326105192
446,455,-0.10292937310354
446,456,-0.16993965552354
446,457,-0.399819962968232
446,473,-0.580990678818402
446,523,-0.145678415640443
446,684,-0.712752047281624
446,688,-0.307963652537611
446,782,-0.870524505434148
446,969,-0.58610958320743
446,1238,-0.506277352311632
446,1258,-0.493616379711503
446,1572,-0.386258430149416
446,1654,-0.83378060728632
446,1727,-0.148212053949299
446,1944,0.142153730029901
447,449,-0.23617309113791
447,450,0.0617813534917418
447,452,0.207570359973502
447,454,-0.334182971657584
447,455,0.0973327977838717
447,457,-0.246022555431215
447,458,-0.88881894423732
447,459,-0.4126116809299
447,783,0.0534869081552713
447,944,-0.968140543618024
447,1081,-0.961191575919394
447,1462,-0.76348014971057
447,1486,-0.169359910438891
447,1973,-0.0280314260048003
448,451,-0.20234849041697
448,453,0.0924034430590931
448,456,0.176013167186407
448,457,-0.0490622855170168
448,460,-0.367826355951791
448,461,-0.0778137420112674
448,465,0.471955726305211
448,578,0.335360975914209
448,594,-0.34737800446252
448,609,0.253377979349413
448,1108,-0.0893985838195859
448,1199,-0.213142222720117
448,1233,-0.343406210490981
448,1336,-0.151432996333421
448,1502,-0.229604697150919
448,1584,0.169688226621768
448,1622,-0.766770378155592
448,1733,0.553539070749058
448,1782,0.375391514226003
448,1844,-0.177036077854364
448,1861,-0.267136143958346
448,1914,-0.0311283675654894
449,455,0.275125153820181
449,557,0.0544855170612241
449,830,-0.432637425875493
449,863,0.212758868625254
449,934,-0.206481661447933
449,1056,0.373915863215719
449,1087,0.184631580140796
449,1116,-0.0928438740877011
449,1241,0.184152044796785
449,1474,0.286699802555494
449,1752,0.31423273792809
449,1811,0.132551371187734
449,1939,0.271280367677557
449,1958,0.0521053828028538
449,1964,-0.123418106612503
450,452,0.128037930420426
450,453,-0.129869243835575
450,454,-0.344784653417328
450,456,-0.0381428157404192
450,458,-0.827013601738705
450,460,-0.607826365274993
450,461,-0.307105564724943
450,463,-0.603916255932744
450,720,-0.181400200816104
450,914,-0.244081473765598
450,1103,-0.566621643424694
450,1161,-0.233708685123646
450,1269,-0.410351402423308
450,1448,-0.428475882888943
450,1469,-0.0306158640910401
450,1544,-0.449332238143937
450,1704,-0.458680671230007
450,1808,-0.000790785325355
450,1809,-0.516569354198142
450,1994,-0.401331722031697
451,453,0.298327827225661
451,455,0.44358142389442
451,456,0.378574692645822
451,459,0.0363222279795888
451,460,-0.162723050475421
451,461,0.128534859179121
451,464,0.313188801364605
451,534,-0.079262543652986
451,591,0.238681439495808
451,688,0.279746897654605
451,744,-0.293447738348845
451,896,-0.162467052737805
451,945,0.536361098283488
451,1038,-0.21100641012347
451,1102,0.497290061621983
451,1360,-0.118856193644146
451,1400,0.389513001121807
451,1643,-0.355806779491796
451,1662,0.368940536312525
451,1755,0.290332350960961
451,1786,0.181549285798947
451,1907,0.483286276667736
452,453,-0.256476853641573
452,456,-0.16203617332822
452,459,-0.542937246519472
452,463,-0.736571286718095
452,595,-0.992398899306879
452,755,-0.233792686072031
452,882,-0.211506574059777
452,930,-0.96853576163057
452,964,-0.44561004883778
452,997,-0.779091147407528
452,1162,0.333363985341604
452,1206,-0.710612132001603
452,1275,-0.60459487367138
452,1485,-0.0890418856095186
452,1538,-0.412290416845272
452,1714,-0.495400054672742
452,1723,-0.199512873937133
452,1985,-0.489777797942502
453,454,-0.212434151327214
453,458,-0.694747290410698
453,460,-0.46858941663162
453,462,0.460764826495515
453,463,-0.461070496544653
453,464,-0.0050627476165306
453,764,0.0022146437681545
453,805,-0.222010987045275
453,924,-0.287634379141831
453,977,-0.237765483606762
453,1037,-0.255862066922175
453,1236,-0.291986891045494
453,1283,-0.288579370248866
453,1393,0.130231214420238
453,1465,0.0578826264182547
453,1545,-0.0922471379189602
453,1557,-0.365545625515987
453,1907,0.169317511171416
453,1977,-0.386943354209993
454,496,-0.247421335929572
454,561,0.0311632014137013
454,612,0.0900203199689465
454,637,-0.0944099311168105
454,668,-0.0396793337086527
454,672,0.0138739256690283
454,746,0.199609349087254
454,836,-0.371476266326943
454,933,0.258420716706741
454,1244,-0.166304851164213
454,1379,-0.0470408781503316
454,1391,0.508732070415181
454,1394,0.118436468854018
454,1548,-0.002474615430463
454,1565,-0.337977596954349
454,1687,0.31473885291565
454,1805,-0.437538344630316
454,1889,-0.104941938288622
454,1937,0.0273642451645835
455,456,-0.063133704513237
455,457,-0.282168748551515
455,458,-0.822448182584786
455,462,0.295831757373285
455,487,-0.689237213491974
455,638,-0.463795499822237
455,800,-0.402621825361785
455,923,0.0246270974903541
455,930,-0.832052477886874
455,1055,-0.647948656009469
455,1136,-0.72785542457131
455,1140,-0.327332708336271
455,1274,-0.46270405518736
455,1309,0.153406300522359
455,1386,-0.61738228113503
455,1440,-0.333320669114291
455,1576,-0.496968443433287
455,1703,-0.681738188593824
455,1872,-0.698667039941859
455,1873,-0.663983698163555
456,457,-0.219926531518573
456,458,-0.761069329083566
456,466,-0.600356196586893
456,467,-0.548489739970368
456,468,-0.517405444042653
456,469,-0.192733010954461
456,667,-0.865926278924461
456,734,-0.0335911496132122
456,854,-0.243793173836543
456,971,-0.0759411627049441
456,1035,-0.240184704271781
456,1099,-0.35805332320406
456,1217,-0.175608553309536
456,1323,-0.304046080140326
456,1484,-0.883156617799846
456,1514,-0.573456798330699
456,1524,0.114769200297723
456,1535,-0.1042023455714
456,1813,-0.334159334910034
456,1854,-0.41695672278147
456,1961,-0.292754503395947
457,467,-0.32243649233611
457,613,0.247038114168582
457,706,0.301949020780871
457,728,-0.375614638780361
457,874,-0.51564346160715
457,888,-0.0823467948747495
457,892,0.205254553871912
457,970,0.109188527442897
457,978,0.0167457490589099
457,1214,0.522756745600016
457,1275,-0.177526442582398
457,1278,-0.183962015015527
457,1322,-0.0260765174213019
457,1377,-0.142677418518805
457,1464,-0.0616908131592437
457,1481,-0.504950755401666
457,1706,0.113073152602759
457,1743,-0.309768027904391
457,1773,0.173444930144562
457,1777,0.107488111218383
457,1811,0.148718828362227
457,1915,-0.20595937442904
457,1929,0.0580509136482536
457,1930,0.153405642240371
458,461,0.53737530473487
458,462,1.13104047391932
458,464,0.731894369054363
458,468,0.237840043169092
458,469,0.600687985448696
458,501,0.808943773086685
458,515,-0.0171549445180665
458,555,0.60980023079135
458,625,0.359919160692223
458,815,0.684530789184654
458,848,0.974882747356076
458,864,0.387773213489644
458,916,0.632496600054048
458,978,0.554269274015639
458,1109,0.426575140354353
458,1137,0.931504966079497
458,1188,0.623170965578315
458,1222,0.404723718736435
458,1236,0.391427729275028
458,1660,0.336573992068753
458,1705,0.346212411486328
459,465,0.680030450040595
459,466,-0.278176019338458
459,500,-0.148055068782305
459,588,0.33228100388847
459,635,-0.0269962817419386
459,671,-0.327775250510613
459,784,0.261436398660186
459,935,-0.200619186737866
459,942,0.016963043347694
459,966,-0.571201805554965
459,1011,0.0720777012554317
459,1187,0.0306293639071907
459,1297,0.286275253332845
459,1442,0.443699032839889
459,1469,0.416144482631787
459,1511,0.150927314054749
459,1627,-0.0990879853629315
459,1711,0.353487192381842
459,1727,0.373856828047757
459,1839,0.143045560648158
460,464,0.497645215170272
460,465,0.874512878191768
460,469,0.366850598935035
460,470,0.274156742001118
460,471,0.379422265214509
460,526,0.928409037585758
460,602,0.768533598631306
460,671,-0.0957975325111852
460,755,0.541567759973974
460,772,0.464632356962858
460,964,0.360466966322289
460,1018,0.207034602142278
460,1167,-0.138107523360632
460,1185,0.650921113448009
460,1284,0.321317195052878
460,1511,0.361848968792894
460,1609,-0.031688809244245
460,1681,-0.0060161332835327
460,1790,0.250084368139454
460,1871,0.255085034760981
460,1976,0.26761243587788
461,464,0.180533780068354
461,466,-0.362629126754628
461,468,-0.284252334866583
461,471,0.081170610303418
461,472,0.120008785358567
461,567,-0.0875112536425623
461,587,0.0459887598839834
461,682,-0.617054340815325
461,780,0.178267298356273
461,902,0.0141612288119419
461,908,0.520700770875018
461,1138,-0.0040657476934077
461,1266,-0.23361029120362
461,1313,0.35051225547582
461,1420,-0.0902741990466037
461,1505,0.220675277418305
461,1576,-0.186692302582807
461,1710,0.544905339443161
461,1892,-0.247470847127174
461,1942,-0.024209093888619
462,464,-0.501672717772582
462,468,-0.881173257603005
462,471,-0.561109042640085
462,504,-1.21269902735653
462,516,-1.13937939663519
462,546,-1.03374760333563
462,781,-0.708723401353582
462,898,-0.788539591620781
462,927,-0.225949257474646
462,980,-1.03835623727242
462,982,-0.80714439014791
462,986,-0.331314611785984
462,1115,-0.526384140275447
462,1228,-0.911798569959345
462,1260,-0.500530423752509
462,1275,-0.81574506714292
462,1456,-0.824550567332789
462,1860,-0.944292235964196
462,1864,-0.770693466925065
462,1893,-0.830398583275246
462,1902,-1.13119837485503
463,465,0.879200752297783
463,471,0.370292402885319
463,473,0.167926506134273
463,475,-0.0562365644559163
463,518,0.566327353803943
463,599,0.405811967899941
463,804,0.535312852816603
463,903,0.166161523615751
463,1016,-0.444328215001099
463,1089,0.358982927333686
463,1320,-0.175096207459918
463,1577,0.422942440727655
463,1684,0.497566258994009
463,1714,0.296409771717695
463,1793,0.163299643934651
463,1929,0.392866622267747
463,1960,0.556188656527622
464,466,-0.558030979708276
464,473,-0.31363603924484
464,475,-0.556932236194602
464,476,-0.225178910231394
464,536,-0.22464480688224
464,707,-0.433825969793026
464,781,-0.262310836048695
464,1096,-0.728422993164332
464,1114,-0.378971418096067
464,1231,-0.350231855395643
464,1456,-0.363263247264495
464,1797,-0.660039923983886
464,1880,-0.576034129383136
464,1916,-0.634389385260582
465,469,-0.495660145657048
465,472,-0.451909472406915
465,571,-0.238634310091594
465,584,-0.670611184212622
465,747,-0.670449395045654
465,973,-0.45437847355925
465,978,-0.492412001967216
465,1151,-0.920752068017625
465,1167,-1.03802416731539
465,1185,-0.223591764743759
465,1234,-0.50407553215248
465,1373,-1.16205812702259
465,1551,-0.687977121765126
465,1640,-0.83119709047891
465,1884,-1.37108004412045
465,1912,-0.588685472681167
465,1932,-0.450703009046384
466,471,0.441129460428765
466,478,0.586220842225485
466,479,1.02907843906563
466,587,0.428278155558211
466,746,0.53286306260554
466,778,0.860427439706214
466,784,0.510272416925793
466,801,0.409077342804975
466,867,-0.155196986767785
466,925,0.784294051052019
466,1025,0.517651583315715
466,1052,-0.164226112277628
466,1411,0.360692655880563
466,1446,0.390735991619789
466,1476,0.832541904395965
466,1553,0.414150211213805
466,1554,0.544395909152131
466,1782,0.815834382991898
466,1937,0.396055142627346
466,1951,0.17410459323022
467,470,0.287402753474872
467,471,0.387237084759331
467,476,0.255203376851626
467,480,0.284381223743344
467,514,0.500597794726552
467,557,0.414139429439701
467,727,0.568060832313726
467,947,0.250154273228144
467,982,0.173062516464809
467,1046,-0.0229681667902058
467,1050,0.2449521399968
467,1085,0.349926229471801
467,1202,0.0405093159325575
467,1244,0.11095873746291
467,1311,0.165529400577012
467,1396,0.408815344445107
467,1453,0.758489384374817
467,1498,0.523459812036128
467,1500,0.317916672681955
467,1617,0.686436821307078
467,1776,0.503608541695876
467,1851,-0.0963315813930141
468,470,0.261651163136905
468,473,0.177826660701896
468,474,0.178195528373089
468,478,0.499192415264777
468,479,0.923327471306495
468,537,-0.153662268994605
468,571,0.577201144917238
468,693,0.533235776139221
468,777,0.116799291790035
468,794,0.105169916162603
468,812,0.0075302484805916
468,831,0.4370467632808
468,1174,0.40419212501313
468,1235,0.359687245235127
468,1339,0.524985467655503
468,1394,0.370026659054931
468,1532,-0.2978758302528
468,1633,0.241345335986075
468,1673,0.366231901466461
468,1695,0.124975355827604
468,1782,0.7207821792517
468,1844,0.210230330454684
468,1899,0.377136888759867
468,1905,0.110982495690431
469,472,0.0500008653939163
469,473,-0.191362553039939
469,474,-0.186420932369868
469,478,0.161088827360963
469,479,0.602676216296111
469,481,-0.386698478424303
469,482,-0.507214831703767
469,665,-0.191253821754378
469,795,0.0223779639743343
469,1049,-0.0277166606976924
469,1149,-0.336631274119605
469,1251,-0.430226509998686
469,1276,0.315518724980382
469,1427,-0.531263596648037
469,1457,-0.281000083596669
469,1544,-0.211017620027314
469,1545,0.0205621528133941
469,1624,0.0701615697040998
469,1721,0.144343955867136
469,1789,-0.0956800067254253
470,472,0.173779193576457
470,474,-0.0726879447261458
470,476,-0.0087340295836777
470,477,0.102554401797
470,483,-0.140413196097059
470,533,0.609218384926655
470,582,-0.265763827120964
470,746,0.216498966251644
470,881,0.360918601741611
470,995,0.0274691321723311
470,1025,0.205462017690887
470,1208,0.0319083460477872
470,1344,0.432212832042183
470,1387,0.606703572610606
470,1540,0.0391533731916918
470,1754,-0.0908711030139544
470,1861,-0.156720750305704
470,1965,0.504784092960508
471,475,-0.430884286133963
471,478,0.148709163665865
471,480,-0.14069846590458
471,481,-0.399890781180612
471,494,-0.415727951353409
471,631,-0.269588636887439
471,943,-0.0572177855667976
471,963,-0.0396039537924363
471,987,-0.31249159837884
471,1052,-0.656044414949419
471,1138,-0.0945484920753581
471,1237,0.0347020138980171
471,1260,0.0767961235397508
471,1328,0.222517616336838
471,1433,-0.427062713196778
471,1590,-0.310696560504352
471,1830,0.0230975703626013
472,474,-0.239179920195745
472,476,-0.16620892001045
472,477,-0.0637889952334701
472,478,0.11318830829312
472,483,-0.30797403175802
472,484,-0.162703477942454
472,485,0.171209291574199
472,505,-0.139355219778366
472,714,0.113788720704397
472,1211,-0.370773629361055
472,1243,-0.108497463661121
472,1289,-0.602831890427736
472,1314,0.407166419640799
472,1338,-0.493869626436963
472,1530,-0.176315073444707
472,1619,-0.0937701464272566
472,1635,-0.0056186984526205
472,1734,-0.173313496297171
472,1739,-0.307384671880163
472,1994,-0.206771044751742
472,1997,-0.0431193768485156
473,517,0.457626869328075
473,645,-0.196316699733084
473,720,0.286017916853487
473,780,0.297446610099272
473,873,0.515568212510709
473,888,0.050508693232581
473,1111,-0.252667258014785
473,1112,0.0273879676129017
473,1183,0.133682455066368
473,1387,0.657699855247041
473,1452,-0.359671079547477
473,1506,-0.0530462148308876
473,1598,0.604785438893029
473,1724,0.326872423542695
473,1846,0.107537733781136
473,1950,-0.471861577607942
474,475,-0.235586582094653
474,478,0.35178886349994
474,481,-0.204263440226258
474,482,-0.339155876840877
474,486,-0.208772960217722
474,675,0.214696752163211
474,717,-0.197772043795411
474,944,-0.509390977368618
474,983,0.0584801814816463
474,1350,0.162484618572656
474,1354,-0.0279017350874776
474,1615,0.359725129806261
474,1765,-0.412560508001736
474,1836,0.157113031175911
474,1884,-0.731471854682398
474,1978,-0.361757527186537
475,479,1.06623906755571
475,485,0.654770912493792
475,486,0.0080693950044096
475,744,-0.0992983991593946
475,797,0.0120453248291011
475,810,0.244269185716444
475,814,1.1841657186588
475,832,0.0482858824669606
475,875,0.269991394230748
475,948,-0.0937855590981152
475,1000,0.572207114060983
475,1123,0.800404551336859
475,1178,0.0229767619714319
475,1358,0.464400762100506
475,1450,0.657282425324748
475,1489,0.266510281483446
475,1716,0.287463650376415
475,1788,0.393644233425466
475,1870,0.46331738244567
476,479,0.706229923210846
476,489,-0.418673274476162
476,543,0.210754137895603
476,754,0.176517055353846
476,759,-0.463520261475997
476,803,-0.0803924985645288
476,827,-0.246258676069633
476,922,-0.260524816028145
476,944,-0.546998521511144
476,996,-0.0188352408356418
476,1009,0.370480527564236
476,1070,0.21255852399766
476,1262,0.12108474712169
476,1288,0.16137564959381
476,1395,0.321809629188659
476,1409,0.0978534285088198
476,1497,0.0294248788669661
476,1627,-0.141254095890661
476,1662,0.287747248993498
476,1828,0.164484824207657
476,1832,-0.189276207480914
476,1929,0.137842063104444
476,1969,0.0167099990826764
477,479,0.609272560928289
477,480,-0.110673642121487
477,483,-0.234000691257301
477,487,-0.408973301077298
477,488,-0.109592981508377
477,489,-0.526595199070049
477,535,0.118014179342481
477,646,0.27280500448969
477,667,-0.687134495961139
477,699,-0.574549668935605
477,795,0.0368034815407108
477,973,0.0482520217063803
477,1253,-0.207500631338917
477,1350,-0.0082502148107128
477,1385,-0.0823510083021847
477,1426,-0.556428734587972
477,1689,0.0360020516843981
477,1935,-0.153258699603514
478,479,0.437308285166038
478,480,-0.302012635808471
478,481,-0.55667739153881
478,537,-0.71633111850596
478,632,-0.234856177479532
478,706,0.123336942534081
478,757,-0.357606932713009
478,762,-0.530280058547994
478,1022,-0.0112820588441452
478,1033,-0.288643824976345
478,1301,0.156527288140219
478,1379,-0.326944923593198
478,1530,-0.295456983241753
478,1652,-0.72693085283312
478,1702,0.162136650584662
478,1780,-0.662035470083237
478,1831,0.0265004149248859
478,1875,-0.313547140254568
479,489,-1.16453355260442
479,500,-0.889528071730428
479,504,-1.26684420626241
479,564,-0.697039320020531
479,572,-0.996708031901751
479,588,-0.508348047168577
479,605,-0.34191225668904
479,663,-0.213126122332522
479,960,-0.779764528433798
479,1230,-0.620708746052498
479,1371,-1.40795709621483
479,1520,-0.821212082350274
479,1589,-0.41282826410349
479,1621,-0.343467389207402
479,1785,-0.83931844698686
479,1982,-0.539953913159405
480,486,-0.290128074887172
480,489,-0.466882805829145
480,490,0.0194972674930028
480,577,-0.429345250186712
480,650,0.141184134811548
480,657,-0.238702656506084
480,859,-0.40202506395603
480,931,0.283387248501488
480,1043,0.403740924378465
480,1077,-0.140117675543708
480,1158,0.325025005377559
480,1191,0.62845793310265
480,1270,0.626584880643825
480,1497,0.0287233116488406
481,483,0.150644809732719
481,485,0.623615774847683
481,491,1.02119911845706
481,493,0.226500728941414
481,764,0.52361382547717
481,859,-0.131699839000209
481,922,-0.0238177724106303
481,989,0.385188263234049
481,1176,0.826594581509803
481,1375,0.867715889986939
481,1417,0.60841875546372
481,1516,0.926116922398461
481,1747,0.174798741548788
481,1766,0.442033985676813
481,1845,0.055201868890444
481,1933,0.246659009366122
482,484,0.426377757726718
482,486,0.130648720612502
482,489,-0.0207164495794993
482,490,0.431290674580583
482,495,0.440966534956302
482,526,1.03947469352202
482,569,0.130178522047477
482,663,0.858306672362404
482,786,0.617484418691598
482,800,0.41648274192425
482,817,0.56745265069109
482,938,0.029051080221076
482,1132,0.323888013503189
482,1224,0.433691519116027
482,1418,0.505149489137798
482,1514,0.184808983620638
482,1673,0.538941936825646
482,1808,0.746040368119381
482,1865,0.728430078637698
482,1988,0.410789925781351
483,488,0.119475107263475
483,490,0.151704647376185
483,493,0.0748771448595811
483,656,0.528591693164495
483,669,-0.0872540178726935
483,1004,-0.106995375506213
483,1005,0.18465113802267
483,1125,-0.116757595423947
483,1128,-0.167273533834032
483,1191,0.745702147743206
483,1301,0.589322972632572
483,1658,0.0035667983236334
483,1957,-0.0058438707894732
484,487,-0.341474078031509
484,489,-0.467144714217275
484,490,0.0028270864997625
484,494,-0.313786502751813
484,497,-0.0590851452604442
484,704,0.539336332655288
484,811,-0.338382407684207
484,867,-0.524248425157332
484,983,-0.024462297521667
484,984,-0.514517854002576
484,1230,0.161546332161429
484,1397,0.139817425990458
484,1506,-0.153916905455997
484,1549,0.0436453580216518
484,1717,-0.0862657544887494
484,1865,0.306745144269867
484,1925,-0.562369589153757
484,1957,-0.149790667630321
484,1969,0.0029103733789646
485,486,-0.604370915765387
485,488,-0.349253586969931
485,492,0.0660311748508162
485,494,-0.636080428097213
485,495,-0.354785406011792
485,497,-0.374459762722192
485,592,-0.808491833652421
485,708,-0.0852251884451811
485,797,-0.654633217839085
485,921,-0.684568681514193
485,994,0.187831114391987
485,1022,-0.067654918694217
485,1237,-0.166263205538803
485,1259,-0.422755440308546
485,1329,-0.440382866950325
485,1381,-0.497961282268056
485,1763,-0.373122372574039
485,1833,-0.0365072600714073
485,1853,0.0112813313946985
485,1902,-0.787037936649278
486,488,0.264644534925797
486,494,0.0010850748109224
486,499,0.533277399110481
486,538,0.421212032091145
486,619,0.438088788172667
486,745,0.3696704540374
486,1044,0.434269764703558
486,1233,0.0517146159787944
486,1462,-0.0860780737159021
486,1662,0.554610121205404
486,1670,0.346625799563621
486,1676,0.312973376269711
486,1737,0.102358880795465
486,1775,0.386917834051998
486,1879,0.443730618776024
486,1962,0.144046484822376
487,489,-0.156214340479082
487,493,0.26859147110694
487,497,0.247364368041749
487,714,0.590750547398897
487,741,0.728909951082305
487,1054,0.390158915018264
487,1282,0.595906394129306
487,1443,-0.026173170094837
487,1501,0.230619480044796
487,1522,1.09768818922085
487,1531,0.666185104922815
487,1708,0.0886883065978041
487,1737,0.126965691599712
487,1823,0.364394559765415
487,1905,0.169731954375975
488,490,0.0284063720131339
488,495,0.0217276793845105
488,500,-0.184629186146716
488,599,0.166688593145371
488,667,-0.602499875462825
488,719,-0.203819182597863
488,857,0.422969488173659
488,1195,0.156177774254467
488,1201,0.497132747301365
488,1282,0.267019299713785
488,1293,0.0320582375179548
488,1346,0.0712260797411814
488,1487,0.488252683671808
488,1804,0.56136679785842
488,1879,0.193464303691934
488,1918,-0.466627345720419
488,1997,0.145379547646029
489,490,0.468045097929887
489,494,0.166667730985876
489,497,0.375044705975702
489,499,0.703583853982104
489,502,0.616244666631659
489,545,0.120084648632604
489,583,0.598398586846173
489,755,0.727370825055761
489,1186,0.921526807621982
489,1212,0.617270522733677
489,1303,0.437729264533887
489,1489,0.397447358426107
489,1498,0.713859316785797
489,1783,0.381810796172527
489,1918,-0.014964103103346
490,492,0.375301278838653
490,494,-0.31257444017702
490,495,-0.0071214270207853
490,498,0.401899113501361
490,518,0.306927895878899
490,706,0.38526977099575
490,743,0.182960142408849
490,892,0.286392315358661
490,947,-0.0297043181392326
490,1150,-0.393908637643852
490,1327,0.212793238980736
490,1531,0.331106287874785
490,1684,0.241624440518089
490,1890,0.485767123619352
491,494,-1.02792964124926
491,495,-0.760002698295319
491,502,-0.550872763846521
491,504,-1.25553518487634
491,628,-1.28568803546013
491,645,-1.03492882213996
491,677,-1.00476571641828
491,691,-0.919206138423809
491,785,-0.477082136916429
491,786,-0.472854376625207
491,869,-0.735764274271743
491,959,-0.565363796051285
491,1048,-0.554046038942075
491,1060,-0.505670635446708
491,1072,-1.118502785378
491,1242,-0.614716963884073
491,1293,-0.705084846285672
491,1468,-0.538722186325302
491,1570,-0.293826126346247
491,1662,-0.400634376656738
491,1677,-0.177114934062976
491,1823,-0.756332876810566
492,493,-0.472601825094171
492,497,-0.416348657791132
492,499,-0.14273096554486
492,500,-0.548259781445769
492,502,-0.223699135172443
492,504,-0.919510441782957
492,505,-0.358828315118623
492,515,-0.855250146310772
492,560,0.115885755258617
492,679,-0.398550002745874
492,734,-0.116182748640965
492,742,-0.244278776244566
492,806,-0.329840241597365
492,902,-0.299690062456167
492,1033,-0.397918927451721
492,1077,-0.513799004063596
492,1482,-0.689427127637469
492,1553,-0.344172917940742
492,1604,-0.460535345831567
492,1865,-0.115026259836916
492,1877,-0.461136487389668
492,1910,-0.370260488690945
493,498,0.503244109126328
493,504,-0.582164880585037
493,506,-0.61247898166904
493,512,0.28901211637749
493,808,0.468077161267869
493,825,-0.205682966281439
493,1049,0.164132667174546
493,1159,0.17286190609909
493,1479,0.487508229565311
493,1481,-0.431179614842172
493,1513,-0.426684959399885
493,1557,-0.110617723089638
493,1857,0.645326334564155
493,1957,-0.075622866509997
494,505,0.322298038125205
494,533,0.880452707554389
494,538,0.44274195039859
494,547,0.340364034321022
494,616,0.24554721753344
494,886,0.0686585806337901
494,995,0.31393978296963
494,1008,-0.196889566876911
494,1189,0.154280890081103
494,1205,-0.014577219484779
494,1414,0.668855151959654
494,1564,0.412776987602021
494,1565,-0.0512128606287219
494,1644,0.432709157891071
494,1770,-0.0840884500311374
495,496,-0.281340605893201
495,497,-0.0620567681297665
495,507,0.498650351386797
495,566,-0.0200967414842728
495,601,-0.0654716779966335
495,615,0.291126864171952
495,915,-0.156938698765999
495,950,0.423047366322164
495,1065,0.0409679139780234
495,1243,0.0550862799781446
495,1462,-0.405031473124526
495,1758,0.270825447355776
495,1980,-0.0110395994307424
496,497,0.188388491335489
496,498,0.700269251868481
496,499,0.54304395453719
496,568,0.35760305750936
496,580,-0.250417390302883
496,790,0.0289219318596615
496,854,0.282013442687537
496,892,0.58123980979773
496,1019,0.434736341972914
496,1284,0.320888730857901
496,1299,0.613535016057245
496,1509,0.769358183719387
496,1815,0.421846589513893
497,498,0.441651305678647
497,500,-0.14004721695458
497,508,-0.0058809999879643
497,510,0.114697795739887
497,565,0.762731828982552
497,689,0.490268681867889
497,867,-0.425111110840285
497,897,0.0692206679792449
497,901,0.0084498127346298
497,1178,-0.212687801976159
497,1250,0.0390174885678322
497,1280,0.643511911140211
497,1391,0.557957298985742
497,1397,0.185956689102862
497,1762,-0.13923542220157
497,1772,-0.218162026251102
497,1807,-0.422905260227244
497,1885,0.123945558285449
498,500,-0.583967103491655
498,501,-0.135662152020731
498,502,-0.237918221099192
498,503,-0.0884865895153014
498,504,-0.97856086658721
498,508,-0.459722388358376
498,600,-0.344917489440764
498,683,-0.621651216854023
498,736,-0.257795057339957
498,774,-0.425516708602433
498,790,-0.581009088873438
498,815,-0.229516323165485
498,1201,0.0904846943753191
498,1363,-0.626846594639048
498,1421,-0.578531888765121
498,1638,-0.818162383217427
498,1859,-0.572472995141438
498,1904,-0.168353244685913
499,503,0.0623690914114572
499,504,-0.846975953018064
499,506,-0.906477469207098
499,509,0.145252005401884
499,510,-0.184551918264399
499,555,-0.09873648011259
499,567,-0.300294839296767
499,738,-0.161409546646218
499,814,0.587271163647304
499,1008,-0.74812837089863
499,1166,0.207893279050183
499,1236,-0.331688583460859
499,1486,-0.105882029100582
499,1490,-0.813373631729666
499,1504,-0.801911914764088
499,1702,0.189394384961001
499,1832,-0.4637712226602
499,1859,-0.421617314214679
500,501,0.489046969112393
500,502,0.362870412576631
500,505,0.226274688652757
500,508,0.138048377965382
500,511,0.241992211104771
500,513,-0.147491673783997
500,571,0.536168457062973
500,720,0.399870439114882
500,789,0.646009394839306
500,811,-0.0975940313395713
500,825,-0.0355346197861011
500,830,-0.145413078397042
500,1296,0.457431350529058
500,1390,0.337449233951437
500,1439,0.452640507055819
500,1491,-0.0353239267403415
500,1523,0.134366265120326
500,1698,0.420324367910594
500,1737,0.0237286567623897
500,1771,0.554400056159462
500,1943,0.250265403471802
500,1945,-0.0925504427415323
500,1998,0.196964582425826
501,506,-0.980060938774638
501,508,-0.354397052175661
501,510,-0.213763665186417
501,513,-0.684014863521706
501,689,0.169217258734821
501,957,-0.530743161548022
501,959,-0.126899413153339
501,992,-0.085547398045435
501,1186,0.237879719600564
501,1240,-0.267458648635382
501,1285,-0.903952861780492
501,1328,0.0680279804285036
501,1399,-0.107200713518743
501,1606,-0.906939718080258
501,1745,-0.591361199012705
501,1885,-0.235765479811822
502,504,-0.771547362863217
502,510,-0.098893477387883
502,512,0.052658325007053
502,533,0.417453580249082
502,607,0.0159422966460205
502,741,0.215665023880722
502,820,-0.106124817689147
502,894,0.0450761787762545
502,921,-0.526911834060057
502,949,-0.535752404882588
502,1010,-0.272118538579417
502,1039,-0.115746309426013
502,1151,-0.465882414575944
502,1352,-0.0406744332737483
502,1380,-0.121420995018483
502,1704,-0.267423124343175
502,1997,-0.0465329870861714
502,1999,0.1781738501333
503,558,-0.306891195835365
503,585,-0.159780510038512
503,591,-0.163721031522321
503,621,-0.150472400833964
503,635,-0.430193450767636
503,766,-0.260700963574023
503,782,-0.711416280196619
503,837,-0.119523069277055
503,973,-0.169840361196072
503,1067,-0.249327008962105
503,1262,-0.206539936772764
503,1496,-0.735085621967145
503,1824,-0.749497569702924
503,1894,0.134401879512652
503,1896,-0.453677608102787
503,1928,-0.032754302470328
504,506,0.0452267570770648
504,509,0.969419881654708
504,514,0.845374162211926
504,515,0.100316548928115
504,516,0.198499548482106
504,546,0.276229809225398
504,556,0.457766538577252
504,589,0.755391931191637
504,630,0.43198782802293
504,685,0.615214087986962
504,705,0.663117747167433
504,749,0.719791354445612
504,850,0.435425229720683
504,959,0.773922056916806
504,1033,0.627374922680726
504,1067,0.726913357833511
504,1085,0.703954463587657
504,1121,0.515231005488785
504,1140,0.648394754104828
504,1373,0.10603856137607
504,1522,1.26159134316689
504,1770,0.253758205739249
504,1813,0.639778076238608
504,1966,0.596113831424358
505,509,0.377356078336451
505,511,0.0096846751705614
505,512,0.185002146423183
505,587,0.0637099041533589
505,599,0.127339236571224
505,606,0.57568417651015
505,1021,0.5813597527027
505,1308,-0.354309112749234
505,1377,-0.104192975275853
505,1381,-0.20086902414357
505,1436,-0.154235478367048
505,1457,-0.202192433794996
505,1560,0.282201050777844
505,1738,-0.252933709286249
505,1888,0.362464750043779
505,1912,0.0088706890107615
505,1993,-0.0342182453000338
506,508,0.566151025355709
506,512,0.794432683112747
506,513,0.267214418579606
506,515,0.0632555541465829
506,519,0.535359358242109
506,581,1.20390972248563
506,663,1.11305406477273
506,784,0.820162361715581
506,986,1.03002163047821
506,991,0.659320758342398
506,1084,0.647631546022645
506,1385,0.59695829960707
506,1515,0.366465247034931
506,1520,0.597753170450599
506,1711,0.918989520655108
506,1733,1.34552203929871
506,1989,0.959433357174195
506,1991,0.644307407790864
507,510,-0.388050045658955
507,512,-0.214502380981859
507,515,-0.989084032962064
507,517,-0.0885457478768838
507,582,-0.732434335522381
507,667,-1.07638607496041
507,750,-0.53458235291131
507,1001,-0.685622456793465
507,1133,-0.358326835096151
507,1218,-0.512653186625211
507,1316,-0.790539031484506
507,1492,0.0998743992410208
507,1596,-0.579548483321032
507,1633,-0.46064473381648
507,1670,-0.349871039036166
507,1811,-0.218826117871401
507,1947,-0.328839978266037
508,510,0.123756198002799
508,517,0.429193473105949
508,519,-0.060757290585879
508,609,0.443922370243447
508,626,0.012193114480346
508,656,0.423621473697019
508,797,-0.232018184264773
508,878,0.0237251937470569
508,1142,0.683969707625486
508,1153,-0.511102806887898
508,1260,0.264090182699776
508,1293,0.0788140845624427
508,1352,0.169838645994029
508,1378,-0.0851776957761553
508,1460,0.0237613050678261
508,1802,0.0914927343332029
508,1830,0.197862930098561
508,1860,-0.162260643734732
509,511,-0.378105875616101
509,513,-0.762167265521954
509,514,-0.204331140926423
509,610,-0.613093436314098
509,651,-0.330685287794638
509,686,-0.103225215536076
509,720,-0.229007080924623
509,774,-0.420767333853756
509,928,0.115770347420116
509,1090,-0.291899548549199
509,1223,-0.497430117639857
509,1357,-0.417817365700943
509,1400,-0.103546621298004
509,1412,-0.637863908861586
509,1607,0.36144579935932
509,1681,-0.655038590693461
509,1788,-0.296395553905492
509,1939,-0.0529744875535039
509,1948,-0.6391712128264
510,513,-0.419998966379881
510,515,-0.576153680650568
510,516,-0.514087077878224
510,519,-0.191512428711407
510,664,-0.0026305554058174
510,890,-0.415956933144161
510,1102,0.323562559550894
510,1154,0.0125046562874023
510,1216,-0.37474500216355
510,1239,0.397121316168828
510,1310,0.317330755741505
510,1383,0.500946893377455
510,1427,-0.480255273756422
510,1430,0.439376485377429
510,1481,-0.520705555803718
510,1519,-0.523254432689127
510,1596,-0.152348434371738
510,1779,0.0615921902410122
510,1814,0.189947991472361
511,512,0.180474111581607
511,513,-0.415498953468674
511,515,-0.58433180281744
511,517,0.350272037864365
511,518,0.288335449885073
511,524,-0.536550447295537
511,737,0.486981919585197
511,760,-0.214954943822633
511,937,0.427686806985264
511,1112,-0.0939211057685319
511,1113,0.282660856667498
511,1231,-0.175684920515788
511,1440,-0.0254689212532846
511,1616,0.314672423327965
511,1673,0.0745467217976971
511,1680,0.0137220536791442
511,1811,0.196432575417677
511,1853,0.308978007815917
511,1931,-0.0447674397758619
512,517,0.133700268869109
512,520,-0.149134476002412
512,521,0.130239410836858
512,525,-0.248366742449343
512,649,-0.435533565186588
512,668,-0.231132104912986
512,736,-0.0803204590278316
512,1164,-0.471616000979048
512,1189,-0.324311052489263
512,1318,-0.505999824827682
512,1459,0.233245990818984
512,1573,0.125846263812706
512,1612,-0.112479678863815
512,1637,-0.140880673102372
512,1753,-0.0427264623570769
512,1828,-0.0706419102936825
512,1833,0.0597168876447136
512,1848,0.0924639667986245
512,1855,-0.132431889640569
512,1867,-0.453041411241661
512,1882,-0.520115184640425
512,1893,-0.322788371667276
512,1917,-0.285532375308552
512,1947,-0.0900173519990811
512,1977,-0.368879218087818
513,515,-0.186328154626922
513,518,0.675142953874286
513,520,0.406592829056345
513,525,0.283716931225583
513,526,1.02976332408005
513,942,0.321254136183632
513,998,0.779736742105348
513,1061,0.534707342341891
513,1198,0.696307066302198
513,1455,0.209645516988726
513,1500,0.414139833583133
513,1539,1.03048469913289
513,1607,1.07024367035445
513,1704,0.295936153660565
513,1835,-0.0144168526111005
513,1881,0.604449910945058
513,1913,0.178412134447911
513,1922,0.292681155904362
514,515,-0.77080450106367
514,516,-0.718247417647169
514,518,0.112542864304828
514,521,0.17144086157769
514,524,-0.731257815272609
514,577,-0.669092995898086
514,671,-0.667146506881087
514,698,0.213424321562516
514,726,-0.351188598908109
514,917,0.195514733056867
514,1003,0.347538706222241
514,1105,0.0339607605708321
514,1321,-0.267559624114986
514,1404,-0.518160490386979
514,1534,-0.117461607951479
514,1579,-0.167597690868027
514,1793,-0.333644277620638
515,520,0.561096553857899
515,522,1.17907996935516
515,526,1.14869431707874
515,540,0.518272433759938
515,602,1.02230986472801
515,607,0.789924876761377
515,609,0.890612707158887
515,684,0.378890900765034
515,724,0.79662924733852
515,794,0.394682486643065
515,941,0.204499351069393
515,1233,0.309073940314688
515,1384,0.325066419610091
515,1397,0.645968044142866
515,1542,1.03403608107613
515,1589,0.801894502290116
515,1725,0.574104542243186
515,1845,0.334379628679044
515,1944,1.13904343508457
515,1971,0.830447361916828
516,517,0.839569562418065
516,519,0.355763536025544
516,520,0.499238811400818
516,522,1.15347063814776
516,524,-0.0312948012977863
516,528,0.348396302578752
516,799,0.637517932844356
516,808,0.852037189217185
516,1024,0.259258709127233
516,1221,0.758028175704989
516,1269,0.381265107917203
516,1270,1.0627073822013
516,1305,0.810458586149867
516,1569,0.705427761099234
516,1603,0.550285810105017
516,1683,0.445858101953565
516,1693,0.432451295115878
516,1713,0.479801420358903
516,1755,0.658093700159687
516,1787,0.791697216327936
516,1942,0.516455468074481
516,1966,0.445007445985033
517,520,-0.301425857098375
517,521,0.0055970620630787
517,522,0.318489784643514
517,524,-0.849708695221961
517,525,-0.40965947930595
517,527,-0.992157969536826
517,529,-0.796275778404358
517,530,-0.466298676606466
517,818,-0.0950944842878602
517,843,-0.170169522156934
517,1010,-0.469868095053373
517,1170,-0.51791387727379
517,1337,0.0672200790169923
517,1591,-0.405809852469089
517,1766,-0.236211767038434
518,519,-0.450230366514299
518,525,-0.350146966886301
518,526,0.380264665591971
518,527,-0.919743515866524
518,528,-0.482393979373246
518,530,-0.405241844588695
518,568,-0.213874469417061
518,618,0.0946738275873525
518,662,0.466080486873628
518,897,-0.294749655518508
518,1044,-0.1753275188281
518,1045,-0.323044616320308
518,1265,-0.0022366067334868
518,1341,-0.28107104370257
518,1445,-0.502126940156496
518,1587,-0.420555594047789
518,1670,-0.206443886752062
518,1858,-0.452554346473376
519,525,0.0588798167978049
519,526,0.828906595222727
519,530,0.0173036540609462
519,532,-0.15358589564206
519,628,-0.427914010475186
519,639,0.774304399367396
519,723,0.218513385528814
519,760,-0.0576890354411374
519,915,-0.0227725903185112
519,1124,0.486278924170603
519,1139,0.15309520696096
519,1214,0.776347017521387
519,1527,0.285243941813035
519,1549,0.182130990204033
519,1620,-0.382794990796428
519,1638,-0.315038906870922
519,1777,0.312221658575553
520,525,-0.107935389566578
520,552,-0.0643920700264303
520,675,0.0751570728788731
520,735,0.107598921962842
520,816,-0.131377346705943
520,1043,0.288979247600073
520,1275,-0.171037405720626
520,1315,0.363704303480376
520,1365,-0.266779090566846
520,1383,0.503273577898545
520,1538,-0.0015532732857303
520,1561,-0.445230712079405
520,1603,-0.0197982974266495
520,1640,-0.263767583628845
520,1861,-0.204548330568611
520,1915,-0.198353569867564
520,1972,-0.107438769209623
521,525,-0.390171619814778
521,528,-0.517380719969253
521,529,-0.752854772713762
521,534,-0.55240340433737
521,557,-0.215108972766101
521,563,-0.263764763614783
521,567,-0.391060468218634
521,617,-1.01590301785854
521,651,-0.290529613607545
521,812,-0.594858673403183
521,892,-0.0888055079553622
521,967,-0.738457450081492
521,979,-0.46713020566943
521,1148,-0.110977580052628
521,1251,-0.661019092797708
521,1288,-0.219302491798779
521,1461,-0.628162389970999
521,1500,-0.32752240924623
521,1602,-0.322109587024991
521,1632,0.0239135242984027
521,1727,-0.0299843013286508
521,1777,-0.172487961593002
521,1793,-0.454251593775013
522,524,-1.15493843459312
522,526,0.028499361091889
522,531,-0.769975237538748
522,533,-0.0923135513002821
522,584,-0.743320224018699
522,603,-0.520753705889146
522,639,-0.0664060649447257
522,674,-1.16374843433327
522,690,-0.444983861515758
522,702,-0.687499384638302
522,843,-0.467342905910875
522,861,-1.06788935945779
522,1268,-0.9478140518604
522,1624,-0.524707132278985
522,1893,-0.831314052974412
523,531,-0.436382502865508
523,533,0.232482119456
523,710,-0.52545145637401
523,838,-0.29136833227069
523,855,-0.652810979910818
523,880,0.146314966479333
523,1147,0.0019661148947904
523,1220,-0.369151316649979
523,1228,-0.576883645538387
523,1380,-0.290205664905147
523,1563,0.121047409571749
523,1585,-0.694418108659106
523,1603,-0.333339305173741
523,1612,-0.250851212737054
523,1791,-0.301101639463126
523,1882,-0.68284111569917
523,1969,-0.332850973727362
523,1981,0.198391345665047
524,526,1.12405433631731
524,622,0.781080267251641
524,648,0.769702018610386
524,703,0.551655472156322
524,792,0.721864070946287
524,832,0.216471005588249
524,1231,0.3166447389957
524,1236,0.362617622308449
524,1315,0.897953549452434
524,1332,1.21864737528647
524,1425,1.04428510525122
524,1458,-0.373623903992628
524,1558,0.432818181307109
524,1633,0.465116806547699
524,1689,0.588295946221439
524,1758,0.749410685248498
524,1767,0.591532948880383
524,1789,0.503197385926697
524,1812,0.604660037140401
525,526,0.695533152787417
525,530,-0.0402518575166722
525,531,-0.027434290476862
525,532,-0.195214773516945
525,536,0.0592343137904511
525,538,0.192419723356765
525,607,0.256943349898254
525,628,-0.443569533484026
525,754,0.22384601484612
525,975,0.171245760297602
525,1099,-0.0065595645286129
525,1120,0.521365312022584
525,1150,-0.295628080454871
525,1168,0.442495154497056
525,1194,-0.236464447208549
525,1359,0.579591186138572
525,1515,-0.184031436602605
525,1697,-0.072911808746776
525,1735,0.207866745618851
525,1971,0.371844355801854
525,1972,0.0114518815171061
526,528,-0.866828806878118
526,533,-0.114068932161204
526,538,-0.551396261005932
526,790,-0.834475505762115
526,919,-0.710069348250439
526,987,-0.878615693800368
526,1039,-0.648629432387173
526,1061,-0.557052713804746
526,1285,-1.23233006190445
526,1421,-0.836079138574621
526,1507,-0.377762371798341
526,1646,-0.597497182864565
526,1669,-0.44902225555881
526,1847,-0.460826072769933
526,1941,-0.464711952208023
526,1958,-0.564803763913208
526,1961,-0.68081693617765
527,534,0.417046419247224
527,536,0.57696886845855
527,537,0.103093196498284
527,629,0.14452378688114
527,653,1.040093330148
527,661,0.815365771349508
527,792,0.856803273158178
527,980,0.238223714681642
527,1054,0.661043897836871
527,1125,0.300055448965441
527,1299,0.942187487458779
527,1460,0.546219481177449
527,1625,0.637028203200266
527,1665,0.717748737486714
527,1812,0.718214407306726
528,530,0.0338876436482187
528,531,0.045376085354829
528,533,0.761780143161508
528,535,0.379721796936949
528,540,0.119316241672653
528,590,0.604887514399838
528,662,1.03529978556228
528,669,-0.0826633797053057
528,939,0.461842894675327
528,1121,0.0638500084678391
528,1414,0.545373522303924
528,1610,0.443029200454593
528,1628,0.267650694564959
528,1698,0.400292315069775
528,1724,0.411178441942173
528,1827,0.0437647881997971
529,530,0.280669279703005
529,532,0.10370063821019
529,538,0.555727065175462
529,555,0.531350494071082
529,899,0.692777489555456
529,1102,0.884068315685093
529,1144,0.256675548955031
529,1159,0.495408703561474
529,1239,0.89398313910226
529,1290,0.733826435202623
529,1293,0.420739095702271
529,1333,0.606896868063872
529,1653,0.466923754719235
529,1670,0.464484444315487
529,1872,0.0169000140914258
529,1987,0.319744441858119
530,531,0.0122791544068308
530,532,-0.160582412360854
530,535,0.31281262309388
530,540,0.0676004300686075
530,773,0.304340850182295
530,805,0.0765791799687652
530,940,0.279080448524832
530,1046,-0.194972603987935
530,1050,0.071010961071271
530,1289,-0.340771536179436
530,1298,0.0164009293516529
530,1359,0.643351201850127
530,1361,0.645022666149622
530,1401,0.258179115939549
530,1408,-0.0754743636913769
530,1481,-0.351049913059091
530,1783,0.0001399224290027
530,1784,0.731400294451291
530,1861,-0.04729858615484
530,1909,0.459481935262315
531,533,0.66038456752353
531,535,0.304840796932804
531,606,0.681843911116381
531,638,-0.0189747525903514
531,690,0.317487860671151
531,1121,0.015700520161046
531,1183,0.146000478286563
531,1277,-0.180858020599508
531,1362,0.2292085537558
531,1382,0.466277148063643
531,1454,0.0056836392743987
531,1548,0.091093014310207
531,1569,0.337220565140628
531,1602,0.132054428096343
531,1620,-0.390751848188561
531,1738,-0.138762436670567
531,1755,0.295096523360331
531,1922,0.0216370258280671
531,1996,0.275428472066381
532,537,-0.151349771467163
532,538,0.405680627375589
532,543,0.470273669312358
532,544,0.327384644887337
532,586,0.196937757281308
532,767,-0.114644299498499
532,801,0.347348753021995
532,854,0.286230322140867
532,928,0.745530930097189
532,980,-0.0380167524234692
532,995,0.286303311647195
532,1018,0.21249612235746
532,1045,0.276136371155771
532,1068,0.101894407931345
532,1075,0.178229744950738
532,1083,0.220274454518755
532,1255,0.559015934977937
532,1262,0.37746918698161
532,1437,0.422480837381834
532,1528,0.254712731585212
532,1672,0.431714965884343
532,1827,0.175043088811243
533,539,-0.199753086835274
533,541,-0.425705484163904
533,545,-0.8882193194529
533,610,-0.7793318999956
533,630,-0.743864592586527
533,798,-0.668796936160606
533,871,-1.06310525790278
533,1024,-0.776251019444702
533,1058,-0.60170253278052
533,1085,-0.555392635733425
533,1350,-0.489727410992
533,1373,-1.11814548825999
533,1722,-0.432271523605347
533,1803,-0.678718591506801
533,1909,-0.260485651330559
533,1932,-0.413864906410537
533,1973,-0.306851683643723
534,536,0.183073828965109
534,540,0.149976374245699
534,542,0.262507913347938
534,545,-0.165541835483794
534,646,0.584811951463879
534,675,0.334057405172691
534,1148,0.501151040607241
534,1200,0.50483061628022
534,1241,0.485023936748465
534,1347,-0.0155349875386677
534,1358,0.338156801903561
534,1414,0.580396206672041
534,1568,-0.0472357855599881
534,1709,0.231723516206036
534,1998,0.177906752038088
535,537,-0.658358927294507
535,538,-0.0800822255124088
535,539,0.148180079097918
535,545,-0.532675548862174
535,546,-0.571380041940392
535,675,-0.0843565800257458
535,901,-0.263567441647388
535,963,-0.136283772038876
535,1010,-0.316254395656522
535,1208,-0.212604622958667
535,1211,-0.428366947871626
535,1263,-0.321154357551767
535,1271,-0.488905192696231
535,1344,0.169237740786235
535,1525,0.0327822411297278
535,1608,-0.063674278063278
535,1737,-0.416824722798085
535,1857,0.333176976383163
535,1982,-0.0176555004103907
536,540,-0.0419491726993975
536,542,0.0779372112597628
536,546,-0.362447229629084
536,595,-0.500981035683904
536,691,-0.195543562692387
536,1014,0.732784215777129
536,1044,0.147420072902688
536,1264,-0.1020534761493
536,1308,-0.325265704869711
536,1378,-0.147713374757906
536,1446,0.0645695870678109
536,1522,0.759092188783806
536,1586,0.441877809682328
536,1657,0.431120572431221
536,1901,-0.0731843105359029
536,1958,0.146948556961546
537,538,0.593043875841176
537,539,0.794275975981007
537,541,0.706272974441397
537,542,0.515316109316546
537,546,0.0640320699392682
537,550,0.935463167591745
537,802,0.74846171266052
537,863,0.788231731177474
537,905,0.434180164810195
537,1003,0.992911762799152
537,1139,0.475380359046845
537,1182,0.74193999358305
537,1349,0.760773958527852
537,1385,0.414112478405934
537,1393,0.804725097078898
537,1706,0.643332831625309
537,1923,0.196533933746827
538,542,-0.060577320220337
538,549,-0.190246983683631
538,776,0.36482511000215
538,869,-0.166434064493245
538,1116,-0.151090685175073
538,1182,0.111010440819697
538,1346,-0.0988356506378678
538,1376,-0.135409260358103
538,1462,-0.51757800955262
538,1510,-0.0344073788525277
538,1632,0.270490814791529
538,1737,-0.343206279917529
538,1922,-0.215377268563189
538,1990,0.0498852106702034
539,540,-0.420171173583963
539,545,-0.667613842637016
539,547,-0.349962850236104
539,654,-0.114475942145876
539,676,-0.387540324891787
539,693,-0.0973863427594062
539,739,-0.633327219686397
539,777,-0.497705297493361
539,779,-0.0009972645808854
539,819,-0.184300167280406
539,849,-0.310721108534015
539,904,-0.79800359403658
539,975,-0.251627414307948
539,1059,0.163868060166814
539,1103,-0.570674154617679
539,1117,-0.220291956966529
539,1236,-0.427094508571966
539,1358,-0.239028546455233
539,1530,-0.385443396419532
539,1642,-0.10462483669137
539,1787,-0.0910328745560206
539,1818,-0.146732397863109
539,1906,-0.332462745314481
539,1954,-0.270119424826981
540,541,0.267999844330322
540,544,0.0931709693310751
540,547,0.0741966876153636
540,550,0.525687214664191
540,571,0.419482542194106
540,621,0.212065933346664
540,637,-0.0580955798551471
540,746,0.255365368230125
540,905,0.0296775517323676
540,1047,0.299360158976533
540,1244,-0.144310582319913
540,1464,0.0469395064279651
540,1480,0.22995186457156
540,1961,0.0576597030292109
541,542,-0.123144520881687
541,543,0.0086516816544302
541,546,-0.60568637715632
541,549,-0.275965077181302
541,667,-0.876827852450434
541,874,-0.738605628303479
541,881,0.157079332941768
541,908,0.421444596494203
541,1000,0.048213657340092
541,1256,0.258880363605124
541,1620,-0.760329940708101
541,1743,-0.495758320769719
541,1966,-0.238893243560106
542,545,-0.396524329907609
542,547,-0.0513835490757382
542,555,0.064204399231919
542,560,0.442702744540599
542,600,-0.0131919246853637
542,707,-0.266181583891809
542,799,0.0553986192026134
542,916,0.0216602577128489
542,968,0.347965632755635
542,981,0.253256896370604
542,1011,-0.064024267495067
542,1228,-0.303724883438138
542,1424,-0.0816629847956003
542,1477,0.247716530703075
542,1552,0.430162884564005
542,1602,-0.0412253249617076
542,1693,-0.130381135760663
542,1847,0.170459519610629
542,1855,-0.0082235932671624
542,1915,-0.225296949729675
543,548,-0.34182758424683
543,551,0.0371020937675522
543,553,0.0263613607706322
543,571,0.161323411499119
543,591,-0.0491509294970041
543,798,-0.307899805185081
543,807,0.0307370024219638
543,838,-0.1621199822313
543,881,0.133003400722706
543,988,0.333392884276037
543,996,-0.232607697245287
543,1060,-0.0156365045574949
543,1162,0.647061076037424
543,1244,-0.382799466447212
543,1290,0.135524307967653
543,1385,-0.190894222610262
543,1405,-0.181552180954632
543,1542,0.298309664261923
543,1729,-0.0825301081212246
543,1863,-0.130979716456838
544,548,-0.184254349877696
544,551,0.204506960727305
544,556,-0.24065221936617
544,706,0.371161277275608
544,831,0.154671327298142
544,1261,0.373348054477584
544,1286,-0.0115793621226497
544,1444,-0.289421328683002
544,1521,0.389005879279025
544,1554,0.2142760138605
544,1756,-0.835128842389481
544,1784,0.643045320207084
544,1805,-0.529690637784915
544,1818,0.239939996409947
544,1877,-0.133998390654238
545,548,0.216950976323207
545,551,0.527528510545989
545,554,0.187390422181859
545,557,0.46819427617185
545,584,0.293118323403759
545,610,0.0685838105098287
545,666,0.220853854856916
545,744,-0.0628783950051484
545,755,0.601087186734224
545,822,0.31933742964517
545,1095,0.236236868944058
545,1389,0.48656229308202
545,1411,0.3560265422728
545,1486,0.448641794625136
545,1569,0.565055317069998
545,1747,0.227375860864654
545,1799,0.375803046506554
545,1951,0.16427888786712
546,555,0.48502261693485
546,557,0.507281713885751
546,558,0.440067813539296
546,586,0.291121040840651
546,632,0.426436508927259
546,683,0.16951717312823
546,761,0.0745250547506855
546,777,0.221543943191788
546,842,0.67954661363087
546,864,0.222435170695474
546,1240,0.366399908640503
546,1244,0.191013427057177
546,1265,0.641754764895721
546,1320,-0.0447647514014262
546,1331,0.225597279523605
546,1430,0.851391859983983
546,1526,0.301406970284251
546,1741,0.303396666868976
547,549,-0.0713883837142362
547,555,0.122755878865837
547,559,0.329147812831181
547,560,0.525352656890175
547,563,0.0456153270555699
547,675,0.115932475907536
547,786,0.208282736712699
547,900,0.0577069727865362
547,1039,0.0280024608741063
547,1059,0.539158200968697
547,1146,0.271948491821892
547,1178,-0.322547576375361
547,1303,-0.0455994810587649
547,1424,-0.0354587500320034
547,1506,-0.175673508499272
547,1531,0.323520468306738
547,1561,-0.459739602991158
547,1876,-0.541714992321128
548,549,0.0968837267253066
548,552,0.115242650350204
548,554,-0.037536138574228
548,557,0.281263276926956
548,561,0.15544494353847
548,833,-0.169375074567463
548,857,0.54188149363594
548,1112,0.0717792676252749
548,1206,-0.081824834837419
548,1224,0.160685956637577
548,1359,0.710394842854716
548,1415,-0.0450348462771861
548,1569,0.38873363742833
548,1594,-0.0073739342273036
548,1600,0.253421187744375
548,1605,-0.153043680694178
548,1677,0.607282350951392
548,1725,0.15051325714095
548,1824,-0.291972560403889
549,553,0.291085915590698
549,556,-0.161666553532681
549,557,0.194757721361049
549,558,0.0910179221353352
549,560,0.606930266885937
549,562,-0.0253360727782124
549,681,0.295358082768979
549,813,0.0869814677967473
549,1267,-0.141680980898732
549,1310,0.452980035241286
549,1375,0.650235368671267
549,1599,0.498019409224748
549,1669,0.297052908465069
549,1732,-0.0218232904615101
549,1744,0.731794880136813
550,552,-0.46529900567957
550,553,-0.228436747076039
550,554,-0.662399661673057
550,556,-0.652447353417331
550,560,0.0942929286526464
550,638,-0.557933806018493
550,695,-0.638858877715599
550,713,-0.575650332150788
550,1349,-0.127641854990511
550,1546,-0.622043723418832
550,1719,-0.482655309547382
550,1783,-0.636250981989454
550,1883,-0.482857409662777
550,1901,-0.56711143319449
550,1922,-0.53357044629909
550,1935,-0.521158345203497
550,1971,-0.091520924400973
550,1999,-0.118596685752137
551,562,-0.273985690267547
551,642,-0.319191508367159
551,678,-0.0635333708044607
551,688,-0.0526813368514458
551,691,-0.409837010982837
551,763,-0.228751034880787
551,791,-0.537313900942958
551,941,-0.591495632761954
551,1005,-0.19910315218277
551,1049,-0.155247116006619
551,1131,-0.180555517612239
551,1226,-0.519457369447134
551,1278,-0.354205541810414
551,1352,-0.102276328179941
551,1370,-0.291408698408447
551,1419,-0.421940606717886
551,1496,-0.592657072454072
551,1634,0.218193127837791
551,1663,-0.0824231799938119
551,1688,-0.228001299149773
551,1712,-0.282146373775079
551,1713,-0.179998839256837
551,1811,-0.0104594192240752
551,1843,-0.318442683436262
551,1867,-0.480442680029382
551,1956,0.120717169814189
552,553,0.24633324476245
552,555,0.150880173379948
552,560,0.537678003574683
552,562,-0.0415557945084278
552,1041,-0.606554169431864
552,1081,-0.505692235016276
552,1126,-0.777198353110554
552,1314,0.576466468357032
552,1400,0.313729936222027
552,1509,0.472541606915252
552,1523,-0.0644728903469413
552,1630,0.531881146180623
552,1748,0.265977985420539
552,1772,-0.273937593021437
552,1828,0.170690773648506
552,1844,-0.0463293695201644
552,1845,-0.205493591066441
552,1884,-0.787071751713937
552,1902,-0.444317341675488
552,1955,-0.202842111057103
552,1995,0.663615073122061
553,558,-0.205046330709314
553,559,0.10821728810476
553,561,-0.202785530557074
553,565,0.530606529344233
553,566,-0.253347855888638
553,569,-0.563741431225505
553,638,-0.345290496185641
553,641,-0.403609175978152
553,665,-0.323241794819449
553,718,0.175168982121787
553,956,-0.147641989771494
553,1215,0.115527858343583
553,1313,0.180391820205639
553,1336,-0.283091710358336
553,1431,-0.12090719137116
553,1599,0.227415486554899
553,1723,0.0752883065516903
553,1799,-0.217060472156684
553,1829,-0.0889396980851935
553,1875,-0.27921378805739
554,555,0.30640313866654
554,559,0.537838126873185
554,561,0.1903628482543
554,564,0.186573966115434
554,565,0.950466986417936
554,601,0.0853700829763021
554,888,0.119775740355358
554,991,0.197058811280367
554,1245,0.670659351339611
554,1393,0.539516018957713
554,1493,-0.341579121773402
554,1512,-0.301978655422575
554,1616,0.518160707113489
554,1686,0.198700493416761
554,1874,0.173271217186459
555,560,0.359678081032111
555,567,-0.182274441812175
555,625,-0.273428212468028
555,786,0.0748207351839542
555,942,-0.176620977695076
555,1004,-0.376822023475864
555,1008,-0.602668640164867
555,1116,-0.156204836212473
555,1132,-0.268374076917739
555,1368,0.187141547812431
555,1378,-0.277495903700978
555,1436,-0.250930460269633
555,1451,-0.582421305080409
555,1533,-0.13616868164133
555,1557,-0.287956573558775
555,1636,-0.557375494363724
555,1722,0.0118639892128174
555,1726,-0.188176056988874
555,1901,-0.224338756905417
556,557,0.329162126916015
556,560,0.717133345496412
556,565,0.925927005992176
556,568,0.276744775726964
556,623,0.239138514338165
556,649,-0.0866712528562786
556,693,0.491280149819233
556,808,0.562264874179707
556,847,-0.280243668298891
556,1099,0.1064112089552
556,1133,0.284955370723442
556,1229,0.199362252880179
556,1434,0.0357966422515311
556,1566,0.332758464836158
556,1729,0.323069048449947
556,1730,-0.124473845593673
556,1804,0.735076110687468
556,1990,0.375975532030562
557,562,-0.198161800131229
557,566,-0.161464726042542
557,692,-0.228170076704389
557,712,-0.106864122783258
557,787,0.0596078408768731
557,798,-0.246752320191327
557,813,-0.0991184352494464
557,1127,-0.128578487445276
557,1179,-0.421238606045852
557,1186,0.343770062669998
557,1212,-0.0139555015582195
557,1459,0.329875273003548
557,1569,0.104390083850039
557,1732,-0.204019430014922
557,1949,-0.116491655937613
557,1999,0.193695655635287
558,559,0.323559836014725
558,563,0.0289305284639501
558,569,-0.387582434091567
558,570,0.432545663175638
558,661,0.209593092990452
558,732,0.210759864664143
558,827,-0.335190985127212
558,863,0.295382813333311
558,888,-0.0708721870018276
558,973,0.108131346581041
558,1302,-0.254827601459761
558,1405,-0.0239877317232485
558,1569,0.22593001479963
559,566,-0.360682639888284
559,568,-0.242053216244841
559,571,0.0466018711735133
559,648,-0.0634316768089866
559,879,-0.552394095860775
559,912,-1.19782178671876
559,919,-0.363426629089795
559,957,-0.576396906891725
559,988,0.219700957413687
559,1202,-0.598269129913075
559,1262,-0.218665697200192
559,1315,0.122591103104862
559,1630,0.225992946977573
559,1880,-0.693584750378182
559,1968,-0.0655636186956817
560,564,-0.501197133651452
560,565,0.217911846636285
560,566,-0.547591554253939
560,568,-0.431270383628927
560,765,-0.578931806646688
560,783,-0.165655826820297
560,828,-0.371764609247962
560,837,-0.337351099713319
560,862,-0.434547815905916
560,988,0.0115133257530194
560,1304,-0.583482337488138
560,1791,-0.47313372492715
560,1922,-0.601876776657322
560,1985,-0.539970370559766
561,562,-0.0797162798811672
561,563,0.0440337653434221
561,566,-0.0418908277883906
561,568,0.0657008363195679
561,615,0.244510920368539
561,688,0.159534759560719
561,809,-0.198418009457023
561,907,0.275824098442453
561,922,-0.30616748232794
561,943,0.0428518141653169
561,952,0.353755229068101
561,1019,0.115490262727321
561,1150,-0.395573289996523
561,1174,0.129947263247881
561,1194,-0.342730838253444
561,1531,0.298832220993348
561,1550,0.237118609213942
561,1937,-0.009590268590217
561,1976,-0.0313515365244538
561,1994,-0.0680118074004925
562,563,0.118047413842513
562,567,-0.0006329814580927
562,571,0.407669045284666
562,594,-0.180379390222924
562,630,-0.135153555468147
562,689,0.505588102928564
562,713,-0.0492741256741407
562,776,0.539001680301896
562,1007,0.058245206071437
562,1059,0.589467292591149
562,1179,-0.205178486669244
562,1239,0.522444000559288
562,1375,0.616331181358773
562,1448,-0.0222384984959361
562,1569,0.299367731319103
562,1848,0.386347570764749
562,1869,0.388028128297357
562,1972,0.0018872944451252
563,567,-0.115452001762261
563,569,-0.358650699225471
563,570,0.333479437064831
563,573,-0.167243056273739
563,576,0.306388200885658
563,685,-0.0781492111187885
563,961,0.239550831136555
563,1079,0.24751175072608
563,1115,0.14244897804422
563,1171,0.132996970342671
563,1203,0.299865820078347
563,1236,-0.15478170425808
563,1244,-0.233831064046004
563,1279,0.397964819127102
563,1449,-0.120141674404985
563,1798,-0.0518077450063173
563,1821,-0.0830970915118371
563,1898,-0.0360881025099997
564,566,-0.0391206248309658
564,573,-0.126843705780822
564,574,-0.0643145201877356
564,575,0.131795653820608
564,577,-0.430975420091748
564,871,-0.512993212126763
564,929,-0.107542928681945
564,941,-0.404003654359551
564,1015,0.164139118622569
564,1037,-0.0734892783192758
564,1101,0.795548111344421
564,1137,0.470312912981078
564,1163,0.155260837883053
564,1209,0.171905054728675
564,1334,0.151514459318185
564,1396,0.104212072806046
564,1702,0.426099169361199
564,1751,-0.0512143883517133
564,1833,0.247502406838959
564,1882,-0.379118971328918
564,2000,0.377533529437887
565,569,-1.06315939336672
565,577,-1.17158855611991
565,604,-0.932589321118938
565,690,-0.498007583682952
565,767,-1.10624664837927
565,771,-0.328177215580485
565,1009,-0.343568031479955
565,1058,-0.790069529275632
565,1153,-1.351204990791
565,1197,-1.1676738974622
565,1247,-0.846061909383757
565,1268,-0.999118839331765
565,1293,-0.730233542424802
565,1335,-0.712719391743211
565,1412,-0.959265135341599
565,1746,-0.892135771628993
565,1816,-0.535620415780641
566,567,-0.0395703779945279
566,570,0.456918800126798
566,572,-0.175519794532195
566,573,-0.0880260593520234
566,575,0.174309570101022
566,577,-0.396206139943506
566,579,0.0633448891123671
566,1057,0.0897427843477362
566,1060,0.197624695226243
566,1095,-0.0765856594816586
566,1203,0.397483467976159
566,1276,0.468019758503071
566,1528,-0.0033274646880588
567,571,0.397207907622903
567,575,0.206020223686917
567,775,-0.0064091314203443
567,857,0.43980986570877
567,1314,0.601083283056117
567,1389,0.213661817410881
567,1414,0.41401874941493
567,1533,0.0625371035813775
567,1573,0.408329077330568
567,1591,0.0146959804721774
567,1763,0.0287221124196213
567,1813,0.0420340248327399
568,569,-0.404302340561225
568,573,-0.197638683778735
568,601,-0.147215344583749
568,762,-0.350126102118467
568,772,0.0784613798951223
568,1019,0.0502493982112211
568,1086,0.420093192243884
568,1219,0.117917604464751
568,1269,-0.163535338087101
568,1290,0.237268292154366
568,1338,-0.426470537700135
568,1430,0.417946288344809
568,1450,0.207934572298772
568,1597,-0.262776543778545
568,1625,-0.0489247226804851
569,570,0.766990087690762
569,576,0.7166176221419
569,577,-0.0947375344395495
569,578,0.764952850971875
569,581,0.884711045748608
569,626,0.264713266081746
569,687,0.780377553971477
569,754,0.499575738503667
569,819,0.559425805256133
569,1201,0.795438455652668
569,1231,0.144725504683157
569,1323,0.38651592195009
569,1523,0.240650320785743
569,1740,0.394274582117872
570,575,-0.287177832767435
570,577,-0.87418903619917
570,578,0.0632864347717873
570,580,-0.887444236265929
570,688,-0.246430872133053
570,987,-0.643134364550779
570,997,-0.75304350163815
570,1104,-0.619204938320199
570,1150,-0.788918524458242
570,1151,-0.74910991766413
570,1190,-0.529280063440231
570,1232,-0.236340053075367
570,1267,-0.627463631860549
570,1434,-0.57381458454081
570,1700,-0.976316771214232
570,1704,-0.556890832754163
570,1740,-0.41171048222117
570,1901,-0.546890687866362
570,1963,-0.359138550534481
571,573,-0.465868601990143
571,577,-0.766658591778313
571,583,-0.178350078474848
571,584,-0.406315546478939
571,739,-0.635638299419892
571,912,-1.14755652735964
571,1018,-0.466320303423676
571,1252,-0.545430160531692
571,1418,-0.260634927042699
571,1474,0.0245655472558033
571,1508,-0.375264815766096
571,1706,-0.17789182776705
571,1755,-0.147649523386518
571,1843,-0.451374542325536
571,1906,-0.330478489626801
572,585,0.407609927871952
572,596,-0.0088649112581609
572,664,0.271363606836584
572,669,-0.0459760343330405
572,830,-0.207983976270129
572,832,-0.0666651908148773
572,850,-0.0149512411219493
572,993,0.0571282994423851
572,1160,0.496155318591119
572,1214,0.878711750196217
572,1580,0.495535716094775
572,1589,0.517440817292781
572,1678,0.150274289882702
572,1686,0.229219081123973
572,1770,-0.203893884400636
572,1797,-0.275664567921378
572,1976,0.194017776151755
573,574,0.0670952143861791
573,576,0.513238120953727
573,581,0.681331544560435
573,582,-0.161395229842758
573,583,0.272431760909539
573,584,0.0628907710281191
573,585,0.295429569292213
573,677,-0.161804994890095
573,678,0.287203487069932
573,782,-0.261496615277215
573,926,0.433131515543117
573,928,0.613683264614124
573,959,0.27098745424761
573,980,-0.231366222520934
573,1033,0.102680096740834
573,1508,0.0944953158379571
573,1629,-0.0858196373379022
573,1698,0.342676472434203
573,1963,0.185806308944341
574,579,0.091862982644499
574,580,-0.446538384848108
574,609,0.450173428831284
574,627,0.0452296951203073
574,827,-0.243321964059592
574,902,0.0893132323383923
574,914,0.127962898001337
574,983,0.0213821860677773
574,984,-0.477411816398896
574,1018,-0.0418075691322808
574,1166,0.538578159483905
574,1174,0.209291122742574
574,1186,0.55505601753816
574,1196,-0.209742473068537
574,1343,0.344913443703005
574,1727,0.36691881726296
574,1935,-0.0277890060535052
575,578,0.325527081971536
575,579,-0.109386936173052
575,580,-0.621429479278144
575,582,-0.420034589444187
575,586,-0.231782213760493
575,587,-0.0749267842542343
575,658,0.0461328519015583
575,662,0.653977208107462
575,776,0.355274300745992
575,860,0.187040276125713
575,1309,0.403673210573473
575,1380,-0.111056322263443
575,1448,-0.237940250645284
575,1618,-0.244518701554069
575,1622,-0.850117255108624
575,1764,-0.532637351546824
575,1975,-0.395099696353816
576,578,0.0763306507238396
576,580,-0.838005077113857
576,581,0.162231639720688
576,583,-0.218131915990163
576,586,-0.47423467146716
576,694,-0.304650149068921
576,775,-0.488646988834307
576,867,-0.889254646869816
576,971,-0.166322958802772
576,1078,-0.236319506276943
576,1141,-0.158714610700154
576,1303,-0.421296944673046
576,1377,-0.481838326626177
576,1452,-0.852153881432966
576,1461,-0.69353629776592
576,1807,-0.943351143806441
576,1848,-0.0929582872280904
576,1936,-0.459036498453389
576,1993,-0.42995925755042
577,581,0.989375116916727
577,586,0.330388497788534
577,587,0.515127190573849
577,589,0.592317101998753
577,615,0.664460328005714
577,620,0.270577810349585
577,879,0.229074932085235
577,887,0.930220648353772
577,927,0.809430435387075
577,1149,0.155116122242624
577,1180,0.822483746938468
577,1218,0.347365709615937
577,1353,0.456632941394097
577,1535,0.598016031991817
577,1647,0.235160841295294
577,1683,0.390525136175158
578,579,-0.423640269205591
578,580,-0.882360817201087
578,583,-0.285566937104901
578,586,-0.533619947882875
578,589,-0.227440781101886
578,590,-0.0312537827477328
578,633,-0.249874134304614
578,650,-0.369534826114053
578,824,-0.536482512365605
578,978,-0.359470571276095
578,1155,-0.24621518537703
578,1264,-0.56654165037135
578,1638,-0.852639394868476
578,1655,0.0155031309897817
578,1686,-0.474020574955388
578,1695,-0.591559679785865
578,1700,-0.961948923644235
578,1753,-0.289938228023307
578,1757,0.0309849493057581
578,1940,-0.636945703263172
578,1998,-0.429845436999764
579,583,0.126776783079744
579,584,-0.0909418217757896
579,587,0.0370712401853505
579,589,0.173173776427385
579,592,-0.523602075185831
579,663,0.443792409782447
579,735,0.122413218918587
579,798,-0.152465899509426
579,812,-0.310356454752205
579,897,-0.0341126796769451
579,1030,-0.103258308460993
579,1179,-0.320890612106294
579,1357,-0.0470492862554704
579,1536,-0.299405084392992
579,1544,-0.154325736368563
579,1567,0.417571155350811
579,1576,-0.198283873109102
579,1771,0.315729487750063
579,1918,-0.542330574381807
580,583,0.604228099682996
580,584,0.431859500016577
580,589,0.623781798984694
580,591,0.597947984153134
580,781,0.392732648465768
580,854,0.459675829290624
580,891,0.756332294358563
580,955,0.650659304896885
580,965,0.669026083456542
580,1162,1.30038930375389
580,1386,0.251061810382629
580,1477,0.811257217829638
580,1489,0.406226857291018
580,1517,0.526702500812886
580,1594,0.322455019981815
580,1663,0.658714188269971
580,1695,0.328014776128547
580,1739,0.352099138858895
580,1945,0.157102062400271
581,589,-0.310100142025996
581,591,-0.408850782713109
581,641,-0.721427377290439
581,679,-0.568464092638023
581,899,-0.280611409022291
581,925,-0.044121403722149
581,975,-0.458989885716645
581,1017,-0.571603355723547
581,1292,-1.13878029563582
581,1360,-0.789102225545898
581,1390,-0.491953531477495
581,1397,-0.41697916268469
581,1593,-0.568355645879211
581,1720,-0.0713790215433676
581,1810,-0.647915612810802
581,1824,-0.972438108175608
581,1939,-0.241473139680306
581,1999,-0.260160986878793
582,585,0.453595702643179
582,590,0.678867090542996
582,595,-0.23553710051274
582,597,0.279266719190462
582,614,0.29627319689316
582,767,-0.139490061786262
582,794,0.0991935958220339
582,847,-0.196926727076971
582,918,0.500822855125736
582,1002,0.28730056339297
582,1174,0.420546965480905
582,1225,0.186580990035958
582,1319,0.326405476464322
582,1475,-0.204776868159204
582,1792,0.0075188618972563
582,1889,0.166422821822764
582,1927,0.427099252152881
582,1986,-0.230133701011105
583,591,-0.0219251769705607
583,592,-0.623264531349018
583,758,-0.204592507475506
583,831,-3.43160361554636e-05
583,892,0.102172367910582
583,1323,-0.160465278193675
583,1540,-0.139264323097767
583,1558,-0.194366082281642
583,1600,-0.0578189575000956
583,1652,-0.62012262877775
583,1908,-0.103097432034572
583,1933,-0.211089820059904
583,1962,-0.290819597686296
583,1996,-0.0172466256658345
584,585,0.229659516347815
584,587,0.131447971725515
584,589,0.256109847119812
584,590,0.483508856557067
584,594,-0.200996945935274
584,596,-0.146232314057754
584,597,0.0618731087701969
584,659,0.304663499748284
584,812,-0.226940310011754
584,910,-0.0682457558352228
584,1210,-0.23139318287555
584,1236,-0.056829637323889
584,1330,0.331974864002913
584,1783,-0.0730453917437739
584,1788,0.131314511236538
584,1908,0.104383221693636
585,588,0.0914851378994142
585,594,-0.443431765101387
585,595,-0.729568589177877
585,597,-0.159938184630785
585,699,-0.707691524695016
585,950,0.247990357989487
585,975,-0.0602583886789137
585,1175,0.0552464967657109
585,1177,-0.100326232946276
585,1317,-0.378953804697281
585,1361,0.419793395225254
585,1366,-0.0852387054653756
585,1397,-0.0290154896559095
585,1825,-0.0435891598934079
585,1922,-0.261613386708055
586,590,0.503723796881008
586,599,0.222914277776252
586,833,-0.210313297538784
586,861,-0.26392943522934
586,1041,-0.547589750819397
586,1424,0.0695054555119212
586,1497,0.0893709070044654
586,1534,0.195553218852862
586,1703,-0.279309689710032
586,1817,0.200505271510063
586,1833,0.343848043593538
586,1836,0.155539864663459
586,1927,0.238846876469187
587,604,-0.255165474234284
587,863,0.233589836628704
587,933,0.187733074127338
587,936,-0.506997784430075
587,1084,-0.0870621864050517
587,1354,-0.190010851732935
587,1497,-0.0649479380832932
587,1509,0.392043469312954
587,1529,-0.245009140547998
587,1720,0.457288904190055
587,1728,-0.0847261853613204
587,1755,0.131911316808125
587,1869,0.258496036083444
587,1879,0.101655988987898
587,1894,0.386359115990646
587,1927,0.0832019096527654
588,591,-0.0985568686039191
588,594,-0.531874606937979
588,596,-0.459520049380237
588,599,-0.108656742418583
588,600,-0.200966021955527
588,601,-0.306767219374722
588,608,0.110384123541288
588,812,-0.539795974958768
588,1079,0.108051680300904
588,1100,-0.0147337108458064
588,1456,-0.408436860587263
588,1688,-0.263408626527383
588,1785,-0.43702969660104
588,1798,-0.275820660774945
589,593,-0.511196784750378
589,595,-0.681434884740512
589,598,-0.524045187753321
589,601,-0.244003122156999
589,726,-0.324760024514653
589,741,0.131923549653295
589,770,-0.1626830908268
589,834,0.386534799801975
589,1035,-0.155645232949371
589,1046,-0.484526630780575
589,1333,-0.0451397347299894
589,1404,-0.463252319673749
589,1497,-0.186719146950146
589,1565,-0.547588368825395
589,1615,0.059508249569338
589,1824,-0.580854286557865
589,1830,-0.0746420583140691
589,1843,-0.302409231162997
589,1921,-0.289991587506566
590,594,-0.676278631391245
590,595,-0.927515005757092
590,600,-0.382885371211749
590,602,-0.0046078676092757
590,603,-0.275339848297631
590,768,-0.505612532888555
590,797,-0.747916150792761
590,961,-0.134533192426207
590,987,-0.627079088522434
590,1023,-0.148590779832256
590,1053,-1.06263424796888
590,1144,-0.588254259975321
590,1197,-0.834683730287732
590,1249,-0.944328402579542
590,1265,-0.136117254258986
590,1340,-0.0564834124700564
590,1386,-0.688920418938077
590,1397,-0.2922028741335
590,1666,-0.378653139472835
590,1753,-0.259339646197825
590,1779,-0.273357342299956
590,1812,-0.302533256967355
590,1900,-0.505023435945651
591,597,-0.134821140988455
591,601,-0.195871132016958
591,603,0.0209809654855892
591,733,-0.374374715132474
591,811,-0.467267926841227
591,873,0.272376421156919
591,973,-0.008073458168573
591,1151,-0.441631376200493
591,1282,0.0873030538405716
591,1373,-0.700234996992661
591,1388,-0.206167908245346
591,1750,0.15236904716294
591,1807,-0.664950529043212
591,1822,-0.077594081885909
591,1824,-0.546943858445343
591,1825,-0.0277484666715872
591,1938,0.0845352771989575
592,593,0.23092976967497
592,599,0.626837542829121
592,600,0.549071904816978
592,663,0.951732934466418
592,680,0.982881651766326
592,688,0.669167369251606
592,834,1.10599637984916
592,1131,0.590339934547958
592,1167,0.0613095399769768
592,1186,0.961798756613956
592,1219,0.699237962439713
592,1302,0.247110555310634
592,1309,1.0277220863601
592,1321,0.401453406946879
592,1364,0.876999890196626
592,1567,0.924822528179188
592,1897,0.445941198223504
592,1978,0.0671598438053118
593,596,0.0869888660277508
593,597,0.320355452725289
593,598,-0.068693387633531
593,599,0.462548925168781
593,605,0.747267732546615
593,750,0.230585411974629
593,909,0.399463905806545
593,996,0.24055360924847
593,1205,-0.0463580349217716
593,1250,0.267702881585332
593,1315,0.774322358319386
593,1545,0.471421263163925
593,1587,0.227134714595201
593,1986,-0.249044211496619
594,596,0.0473208248878897
594,598,-0.0959328875162253
594,601,0.159123970618758
594,603,0.430153794366812
594,605,0.656702593875541
594,606,0.86516398848732
594,607,0.482218105126033
594,721,0.640772558420171
594,940,0.417178941311673
594,984,-0.273225106443743
594,1344,0.671467780427892
594,1526,0.178761055903078
594,1754,0.156884363984209
594,1970,-0.137637791776582
595,597,0.530522818599676
595,604,0.368767912480409
595,652,0.43068725984321
595,986,0.903899492547876
595,1100,0.74436446022909
595,1203,0.829718720949424
595,1589,0.803461430092438
595,1731,0.738528285523246
595,1733,1.22929899470814
595,1898,0.524331965696724
595,1926,0.65030674968549
596,598,-0.139396940119264
596,601,0.112969978481931
596,673,0.468648349602965
596,681,0.422622125626837
596,834,0.815928181766752
596,885,-0.128322967772316
596,944,-0.407366165197914
596,954,0.28118413911702
596,1010,0.0689207371713328
596,1022,0.43896263979925
596,1250,0.163338557636305
596,1278,0.0628522621923151
596,1291,0.266753190925342
596,1570,0.615882186018189
596,1808,0.53486845076126
596,1988,0.174442850117432
597,600,0.0464677460965589
597,601,-0.0731528648212605
597,605,0.380281140610801
597,606,0.578305033853982
597,610,-0.260335643363377
597,741,0.365367490968548
597,810,-0.112902904981542
597,818,0.263092062392318
597,917,0.367194938772332
597,1104,-0.211848608859082
597,1194,-0.341846935544058
597,1235,0.0940222550699177
597,1361,0.545528159129303
597,1513,-0.493330804853288
597,1620,-0.521296612839616
597,1675,-0.227530079227537
597,1764,-0.384804898295525
597,1813,-0.0391870233377641
598,600,0.407465906791982
598,605,0.751296858146665
598,606,0.961096876003545
598,611,-0.164685328508412
598,725,-0.155455430103072
598,808,0.726788769141848
598,894,0.558849842704326
598,900,0.405314035173152
598,923,0.721027373537934
598,1017,0.358467791106321
598,1026,0.373511574020774
598,1062,1.06652114797917
598,1174,0.50017534876934
598,1230,0.533904397188842
598,1355,0.306264088359005
598,1656,0.203298836339342
599,601,-0.19541091837929
599,604,-0.315864607530639
599,609,0.242860557746578
599,610,-0.383697344605647
599,624,0.13566930426636
599,743,0.0374839371496218
599,895,-0.0930571950728218
599,1000,0.0883599719696155
599,1399,0.0295185707094641
599,1435,-0.0325092353013984
599,1474,0.240111551464479
599,1750,0.163473728480974
599,1849,0.11258263740512
599,1916,-0.55406979362082
599,1930,0.0882358500065082
600,607,0.129393055222811
600,608,0.29642245498513
600,611,-0.557950623336263
600,612,0.021439313809661
600,655,-0.354790200513362
600,724,0.176200781733459
600,1039,-0.0122572150396399
600,1065,-0.0266964694142848
600,1404,-0.334690147272586
600,1488,0.341476971724347
600,1493,-0.512364805037344
600,1552,0.459625073721066
600,1641,-0.395091057167405
600,1932,0.108201685712635
600,1949,-0.0351107432184086
600,1997,0.0594822887758064
601,608,0.387684771326358
601,611,-0.384340598174871
601,614,0.09373315314351
601,753,1.20367388038602
601,791,-0.26579812595634
601,841,0.783529684619165
601,985,0.590195167777605
601,1086,0.539846682483436
601,1127,0.0823871204574833
601,1137,0.513026434530746
601,1157,0.430193705630493
601,1176,0.564465920090989
601,1214,0.633862868572997
601,1331,-0.0575158609795979
601,1375,0.579226546972875
601,1480,0.223839401182897
601,1554,0.271469531589364
601,1918,-0.3904263780667
602,610,-0.71328699533488
602,613,-0.130390169118237
602,614,-0.456602786719067
602,790,-0.673896046712866
602,791,-0.830320879154373
602,1024,-0.706460015949965
602,1129,-0.628467689766899
602,1364,-0.0741240088489907
602,1370,-0.556009011318308
602,1551,-0.56642517349641
602,1631,0.0102146363972795
602,1652,-0.967837681974234
602,1669,-0.228468155443229
602,1853,-0.116050243421239
602,1957,-0.640668644023101
603,608,0.182196791722333
603,609,0.218833921778236
603,610,-0.415271571718108
603,613,0.159107073013104
603,616,-0.254790051742107
603,781,-0.220888411509292
603,876,-0.29829405112246
603,880,0.339905300287414
603,941,-0.579809442325002
603,1016,-0.860774111611737
603,1034,-0.242473472516092
603,1227,-0.429066012471545
603,1578,-0.115834230762905
603,1631,0.300470381468914
603,1868,0.149870701049369
603,1883,-0.20844138779255
603,1900,-0.269265302638558
604,610,-0.109959131358072
604,612,0.257294986895145
604,614,0.194653977326757
604,620,0.0033156588125073
604,703,0.197866348571575
604,1064,0.513563997198269
604,1101,1.01620422099226
604,1174,0.327420316996598
604,1237,0.30828371025885
604,1254,0.51358029366074
604,1292,-0.401690597597251
604,1505,0.439804623247553
604,1599,0.601390945472385
604,1664,0.0104637165773551
605,608,-0.0373909395291118
605,610,-0.616936837896214
605,614,-0.364659397794092
605,618,0.0229983862226134
605,744,-0.807418498631373
605,821,-0.594843170379483
605,839,0.0836930667796486
605,847,-0.889295943128779
605,880,0.105795752605607
605,941,-0.810058917540614
605,1127,-0.3891440831354
605,1295,-0.381394385869959
605,1342,-0.764387116493148
605,1684,-0.137730328851978
605,1721,-0.122234004465121
605,1807,-0.961868880866981
605,1960,-0.128260275179064
606,613,-0.242974660444596
606,618,-0.159166293231596
606,955,-0.413967423190618
606,1039,-0.560635661508113
606,1153,-1.23047904362424
606,1447,-0.831795888504121
606,1451,-1.06388232067459
606,1458,-1.56290416134942
606,1476,-0.0192825330931164
606,1588,-0.88590540560934
606,1717,-0.731217724543956
606,1770,-0.899665902368991
606,1841,-0.679458465339016
606,1846,-0.547610194731221
606,1923,-0.921116803484404
606,1930,-0.324507490048073
606,1944,0.0683167144682092
607,611,-0.75211280976173
607,615,0.124054200155509
607,616,-0.287887586047419
607,619,-0.0100842989899587
607,1048,-0.0068749668781196
607,1195,-0.0525330578245645
607,1243,-0.142332934202217
607,1256,0.280019105214183
607,1429,0.590059211110174
607,1443,-0.56603841410313
607,1507,0.191476386463904
607,1627,-0.390093133182497
607,1912,-0.170774712346982
608,611,-0.842680688461319
608,612,-0.279004253701678
608,614,-0.322537103744514
608,617,-1.06430636855116
608,618,0.0549664417121747
608,619,-0.183746786112759
608,889,-0.249830281069731
608,1141,-0.100343623660398
608,1190,-0.444753749431883
608,1237,-0.18779640653315
608,1411,-0.322291217089501
608,1461,-0.647089116232989
608,1480,-0.178970988666403
608,1599,0.106490119058003
608,1641,-0.693648814468386
608,1679,-0.40712351088008
608,1695,-0.490246928515017
608,1729,-0.242713383425028
609,610,-0.60044512966656
609,615,-0.0855568994638599
609,665,-0.474010024080153
609,780,-0.142198861478652
609,896,-0.670138447446178
609,922,-0.657061770032332
609,942,-0.420920865253516
609,944,-0.938087221716696
609,1045,-0.405283060108044
609,1210,-0.678620892923396
609,1356,-0.428588411106472
609,1474,0.008612897765063
609,1913,-0.563762866989237
609,1944,0.248961641215705
609,1945,-0.686917429398092
610,611,-0.20308391409649
610,613,0.547614121101002
610,620,0.106880613542011
610,621,0.381989630085759
610,686,0.524573187734307
610,714,0.482110361193836
610,844,0.147722340738598
610,883,0.434571211711977
610,991,0.266672980943669
610,1028,0.683998540890127
610,1029,0.584396973769502
610,1109,0.152357910159323
610,1303,0.231409064083177
610,1424,0.241187036896307
610,1650,0.255489076269211
610,1685,0.320423803624167
610,1750,0.515004223720265
610,1773,0.460064468925568
610,1897,0.235713632598337
610,1916,-0.153396000024837
610,1972,0.196439967514076
611,613,0.802240636176173
611,615,0.724880743603863
611,618,0.855090425243495
611,621,0.626061564536988
611,622,0.787265418737621
611,623,0.538952681643919
611,624,0.779456362154947
611,666,0.362225419237167
611,870,0.4946967984237
611,1079,0.800072959616841
611,1136,0.10267626455434
611,1181,0.481769867034466
611,1314,1.0437547156546
611,1378,0.313423272373167
611,1437,0.631582211161818
611,1520,0.430597703072758
612,614,-0.053186950514808
612,616,-0.160107412172881
612,618,0.323279625602356
612,621,0.0811570521850788
612,622,0.214325963342084
612,779,0.288375623112911
612,830,-0.449298126676095
612,836,-0.484377660316315
612,1016,-0.782392614122776
612,1137,0.434770135183608
612,1192,-0.169705905354447
612,1334,0.0967768690142716
612,1353,-0.0449515398185562
612,1402,-0.133220062324624
612,1423,0.300104303114266
612,1738,-0.318786875188901
612,1819,-0.208271336998709
612,1906,-0.0458519208784527
612,1985,-0.0785976575406054
613,615,-0.0394019208726784
613,621,-0.16367128122494
613,623,-0.277492462417315
613,697,-0.406461605754016
613,783,0.0183380005021306
613,1084,-0.331505085597759
613,1145,-0.528248761607522
613,1162,0.493148080287841
613,1249,-0.859847383015006
613,1325,-0.501311065815335
613,1577,-0.193867744324334
613,1630,0.201627765425282
613,1815,-0.179857594075222
613,1829,-0.187976926427343
613,1858,-0.46985712864596
613,1893,-0.460366534419399
613,1944,0.300629508158445
613,1982,-0.1327791141349
614,615,0.241423596749033
614,618,0.360285002149957
614,619,0.129858826743721
614,622,0.260160798681208
614,627,-0.0318037152549986
614,781,-0.084973646939586
614,911,0.0823662482621724
614,928,0.47167596624741
614,1356,-0.0678574183185051
614,1386,-0.281347679226499
614,1397,0.101762808422906
614,1472,0.340003378574897
614,1479,0.35621080041261
614,1568,-0.246291978476004
614,1693,-0.0886454323747189
614,1814,0.234006033623734
614,1815,0.115445270246384
615,622,-0.0073292794373083
615,627,-0.274075843007743
615,738,-0.186738824940006
615,956,-0.1986220225309
615,1042,-0.283486188513898
615,1110,-0.273106425519119
615,1114,-0.414576082649221
615,1275,-0.391040170512662
615,1537,-0.0795173623078013
615,1593,-0.304507260153513
615,1605,-0.555495725766588
615,1633,-0.271214833172404
615,1761,-0.112624505482733
615,1770,-0.578938301608187
615,1797,-0.670123092694235
615,1853,0.0482466261825785
615,1867,-0.531051589429202
615,1907,0.0926641586059772
616,618,0.474228338564559
616,625,-0.0914853699696155
616,626,0.0113950171200914
616,812,-0.212711251657379
616,915,-0.0895691055867584
616,985,0.674377917727386
616,1430,0.595568088478422
616,1477,0.424313298060114
616,1699,-0.0618527347738843
616,1871,0.0428230149778267
617,620,0.574485612569569
617,624,1.00485124369618
617,625,0.522834397454543
617,884,0.956947363915593
617,978,0.727769683163816
617,1103,0.450528984815163
617,1261,1.07079084759435
617,1281,0.644087805070011
617,1330,1.02253441184783
617,1430,1.17633954837845
617,1466,0.552436301355422
617,1469,1.10345499040006
617,1601,1.1471419136629
617,1630,1.18802002014121
617,1634,1.20081198576189
617,1698,0.915130281873669
617,1906,0.767587769022351
617,1981,1.26508703968582
618,626,-0.455176004293631
618,628,-0.926841348392515
618,629,-0.763253189865765
618,630,-0.559596684330705
618,711,-0.52040137441978
618,733,-0.60560456352086
618,747,-0.445591887590502
618,1153,-0.969913603234616
618,1213,-0.219433957855143
618,1225,-0.512906434649596
618,1277,-0.659763123856046
618,1341,-0.362216068352008
618,1380,-0.331047213421502
618,1437,-0.212974369492155
618,1967,-0.524409616173052
618,1973,-0.128116719028642
619,620,-0.327450810626713
619,625,-0.30264165980533
619,627,-0.161967899723188
619,651,-0.0997517085105982
619,669,-0.360835064797949
619,680,0.313388759900474
619,887,0.306149768424421
619,910,-0.276804879912467
619,984,-0.648247854120212
619,991,-0.124708458995215
619,1014,0.555980214308037
619,1095,-0.25236646728152
619,1099,-0.228424850518712
619,1281,-0.248284767793049
619,1316,-0.447556618100507
619,1390,-0.0553394677915388
619,1503,-0.602201420756356
619,1773,0.0923868874184807
620,624,0.463244538879616
620,627,0.162443495016653
620,628,-0.407549002714095
620,633,0.381495198392101
620,753,1.46434207737614
620,1008,-0.351745001877893
620,1150,-0.245675386500395
620,1154,0.242420596780754
620,1162,1.06219918360072
620,1260,0.370645899849662
620,1327,0.377829499522698
620,1416,-0.3521851069025
620,1507,0.535111678071793
620,1688,0.201913707302875
620,1764,-0.219023489521416
620,1866,0.305966410695
620,1870,0.318371551975383
620,1900,0.047735722415791
621,628,-0.692159971876917
621,636,-0.356326124780213
621,786,0.0615011167390709
621,1144,-0.310220076234783
621,1334,0.0199542771658385
621,1343,0.103694820686663
621,1360,-0.374120893118572
621,1557,-0.31105191928434
621,1567,0.291961354801723
621,1597,-0.336199618048129
621,1805,-0.600460355011492
621,1845,-0.372633663038897
621,1887,0.200948921451509
621,1902,-0.602308097642614
621,1952,-0.397284482924413
622,623,-0.240788759443774
622,625,-0.43325163690961
622,627,-0.291802144166028
622,628,-0.858158946636719
622,633,-0.0629544686158624
622,634,-0.502239859696049
622,757,-0.382290634272881
622,783,0.0653021409894023
622,903,-0.375382404605527
622,1087,-0.011134748343449
622,1313,0.121843055301118
622,1489,-0.297289145150758
622,1553,-0.253010658871514
622,1751,-0.306429608325109
622,1879,-0.0988843064159197
623,624,0.232979702861099
623,626,-0.109179427514526
623,632,-0.0063749330384504
623,927,0.37294260584817
623,1000,0.187302656440762
623,1062,0.663696057282917
623,1146,0.231676904165745
623,1155,0.180782196683432
623,1174,0.107463746281389
623,1230,0.110374118447252
623,1329,-0.172782397778654
623,1442,0.327247941100547
623,1557,-0.22296260373751
623,1569,0.197524910985969
623,1614,-0.37116955654008
623,1674,-0.0629565977603607
623,1741,-0.126991169009144
623,1836,0.023238965718585
624,625,-0.423642927972239
624,629,-0.678457759697558
624,631,-0.441935749051636
624,637,-0.429823380036591
624,661,-0.0293221522859811
624,837,-0.0834635312827308
624,1013,-0.754725660371669
624,1120,0.22680661056502
624,1235,-0.176779451950128
624,1243,-0.233157406432871
624,1319,-0.236800067662609
624,1398,-0.373709801602034
624,1456,-0.422530031894306
624,1568,-0.484197630495399
624,1774,-0.569101828656662
624,1901,-0.385327107067997
625,629,-0.23830000460453
625,630,-0.0395682863524873
625,633,0.349700652022471
625,635,0.0656959632413629
625,946,-0.0750215881117882
625,961,0.47767806761101
625,1075,0.0560801129368334
625,1152,0.720331248324556
625,1198,0.452990609645892
625,1226,-0.166017769463034
625,1309,0.676816902160458
625,1359,0.686993555609238
625,1664,0.0092319222913308
625,1816,0.327690515856176
625,1883,0.114422445162817
625,1915,-0.0095818487553862
625,1946,0.350252728875935
626,627,0.0581660427922718
626,635,-0.0363040150041818
626,637,-0.0475419093139377
626,638,-0.0607912260325567
626,639,0.688566051543602
626,773,0.258118038043015
626,784,0.260889534451521
626,821,-0.107010327155814
626,828,0.224786140057792
626,930,-0.423806925907361
626,974,-0.306349339275987
626,1397,0.193086142728345
626,1483,-0.236639431349038
626,1502,-0.0667807843823852
626,1644,0.171451822582501
626,1651,-0.081353302135295
626,1737,-0.145426335892003
626,1870,0.213113422717641
627,629,-0.398552605013619
627,630,-0.192043575362868
627,631,-0.155553394559255
627,634,-0.199582509144599
627,638,-0.1167685513172
627,945,0.458867929440143
627,1092,0.269198095745621
627,1105,0.239601936417444
627,1428,-0.0150395269621979
627,1598,0.526936348022873
627,1689,0.125604869681385
627,1697,-0.145942648383967
627,1853,0.329605034403815
628,629,0.12783328033117
628,633,0.750533935610243
628,634,0.36116273010703
628,639,1.19010334749902
628,791,0.164714806223213
628,866,0.352663092832986
628,1367,0.618684220991239
628,1403,0.494708146624142
628,1427,0.0923426864134339
628,1433,0.207526842466697
628,1460,0.50557579380082
628,1473,1.0588298992903
628,1682,0.874988394161119
628,1738,0.264030373104615
629,631,0.247509458537081
629,632,0.452467335944186
629,633,0.592875773875312
629,639,1.00332298283811
629,640,0.178881645618487
629,813,0.442598719882589
629,944,-0.202029809791632
629,1122,0.363906058770642
629,1135,-0.0412415666907167
629,1215,0.697251739271933
629,1263,0.276299967445889
629,1492,0.885834595355313
629,1731,0.601859059160767
629,1849,0.642857952523772
629,1911,0.447816929096187
629,1998,0.376599721594777
630,632,0.24115580449521
630,634,0.0049738195963453
630,637,0.109009564059872
630,639,0.788897874400951
630,640,-0.0208792235059833
630,642,0.0961286707076769
630,689,0.632676474478496
630,706,0.552741252267951
630,929,0.10332184836348
630,1050,0.152949779651096
630,1060,0.357755190657378
630,1202,-0.0554262218881456
630,1214,0.790599026002985
630,1241,0.458414341124269
630,1290,0.500380850768264
630,1658,0.0710147104894348
630,1681,-0.074741014332016
630,1913,0.0037616265124056
631,633,0.363070039315757
631,642,0.0562823659032466
631,679,0.0720249070902392
631,764,0.384247067845892
631,828,0.321496993945395
631,858,-0.0410906661368146
631,1119,0.74844734949114
631,1190,0.0651404641268856
631,1244,-0.0292722147811785
631,1306,0.002539800975352
631,1385,0.140339427391013
631,1431,0.247909804875113
631,1598,0.664544662681485
631,1744,0.799892534439964
631,1778,0.488872747158616
631,1810,0.0736762925194315
631,1841,0.107623273289966
631,1945,-0.164089109343675
632,634,-0.250865471836504
632,639,0.594578742448022
632,641,-0.219688637873565
632,799,0.0914748622782987
632,817,0.114240309869236
632,840,-0.355534144962445
632,921,-0.421805510608642
632,1055,-0.344510821946227
632,1061,0.107402401133688
632,1119,0.56493342367513
632,1208,-0.0282459271514547
632,1315,0.40240643645599
632,1392,0.125734925612978
632,1775,0.0599659989205905
632,1823,-0.0357017015127243
632,1840,0.0182445832700309
633,635,-0.310241883889767
633,638,-0.317810865254123
633,643,-0.458293278170131
633,644,-0.230813878319757
633,645,-0.50275945632034
633,909,-0.141891202762317
633,954,-0.142819058398509
633,1030,-0.269681040825576
633,1241,0.0522130387678241
633,1340,0.195648135119364
633,1451,-0.66638605402472
633,1619,-0.148206179492126
633,1622,-0.871375535289916
633,1765,-0.681197122030046
633,1839,-0.121928625701758
633,1948,-0.457686407046816
633,1959,-0.0977103677029058
634,636,0.0049568411315456
634,637,0.110554147497368
634,640,-0.0276862074811344
634,641,0.0192027613228291
634,644,0.182735711565106
634,646,0.582277055931853
634,658,0.417723511789511
634,714,0.466439667899062
634,732,0.440923204446532
634,910,0.087038631889023
634,973,0.335851116814612
634,993,0.0645113040951583
634,1773,0.442194000463644
634,1936,0.123932154566553
634,1946,0.414505809788306
634,1986,-0.306198307842607
635,639,0.733173703446601
635,640,-0.13189993187206
635,642,-0.0081936870053427
635,644,0.0766932334649431
635,649,-0.186645972101782
635,770,0.124859131566803
635,910,-0.0209851493519594
635,1070,0.31638449168867
635,1520,0.0208102327719043
635,1530,0.0881330256074149
635,1531,0.432831978163427
635,1632,0.517853053164105
635,1663,0.274455281311468
636,641,0.0150912350393487
636,642,0.0945838698764188
636,643,-0.0605160385751619
636,646,0.585760119934812
636,648,0.487647034824676
636,649,-0.089325390570394
636,701,0.0698918165849607
636,777,0.0385956003578852
636,907,0.519674517536175
636,984,-0.326520681075574
636,1167,-0.237195947104525
636,1226,-0.146231576984641
636,1497,0.203184751401568
636,1537,0.390059704419967
636,1690,0.351463836412642
636,1758,0.466288493136602
636,1877,0.108823178585577
636,1990,0.394374075697625
637,642,-0.0017242387939814
637,643,-0.175080266447783
637,644,0.0900554050149236
637,646,0.520213684090892
637,649,-0.195542187075083
637,869,0.0730369290146714
637,1212,0.271902311434002
637,1514,-0.201722931970046
637,1536,-0.163277200478459
637,1598,0.675956153299802
637,1605,-0.204423419270546
637,1848,0.471987941349109
638,640,-0.0935643663333324
638,643,-0.117789629532519
638,645,-0.157187830120323
638,649,-0.143001278733715
638,650,0.236273594405736
638,716,-0.133463605437208
638,743,0.297197588654394
638,822,0.100171504040041
638,891,0.379731914992378
638,935,-0.136623775922679
638,970,0.299230986094921
638,995,0.131904804913673
638,998,0.509941717151866
638,1172,0.0361190699878676
638,1229,0.125244428936814
638,1347,-0.067960206182257
638,1436,-0.0239807614437714
638,1548,0.107340235224676
638,1620,-0.368385446632301
638,1863,0.181139633419713
638,1935,0.0508179690303822
639,642,-0.720796001832726
639,643,-0.889012814452678
639,645,-0.938048958600052
639,647,-0.428528865361398
639,649,-0.864357879128007
639,650,-0.529743750877838
639,660,-1.2624680972417
639,991,-0.564455573003975
639,1059,-0.0639227799226471
639,1197,-1.05440347231607
639,1240,-0.588780205881267
639,1634,-0.133210258348954
640,641,0.0436293641252361
640,645,-0.0557373980231442
640,646,0.579158563500872
640,648,0.487765632114681
640,706,0.579979613603942
640,712,0.252179541164774
640,949,-0.160047122187758
640,1102,0.631727297677262
640,1130,0.813702961754613
640,1232,0.418519503614646
640,1245,0.676718189805365
640,1430,0.703242653002611
640,1577,0.371482283692352
640,1788,0.292112933369631
640,1810,0.137391532296116
640,1972,0.162278957068652
640,1977,0.0144420426936151
640,1987,0.12751131255022
641,648,0.440876663310717
641,649,-0.0948102357053257
641,651,0.229066372733226
641,667,-0.456229029726416
641,678,0.341647813652668
641,735,0.325064916198367
641,758,0.164983610255694
641,866,-0.0263323540256065
641,922,-0.117684315626047
641,1010,0.0539311301785024
641,1113,0.458205332506859
641,1250,0.146878936984832
641,1310,0.548977626516958
641,1376,0.182133537992382
641,1660,-0.0009385805793501
641,1674,0.144758593357077
641,1790,0.150956262360156
641,1886,0.648947007581721
641,1980,0.167470259610506
642,643,-0.147645424000734
642,645,-0.185759850705098
642,646,0.473200922737935
642,647,0.312838525090546
642,648,0.374452917522943
642,689,0.551861612999605
642,712,0.136278908621699
642,1096,-0.427111193035065
642,1139,0.114658468986637
642,1232,0.305069769939881
642,1462,-0.286775136902601
642,1538,0.14154819858766
642,1687,0.42230229737881
642,1925,-0.462074703189673
642,1987,0.0061977309290422
643,644,0.23253234447102
643,648,0.539108361510696
643,653,0.67600759463733
643,654,0.495560790681429
643,656,0.626780257346336
643,714,0.509569559086144
643,753,1.53020709435514
643,780,0.448400427848102
643,1064,0.584025858364831
643,1217,0.368691638666013
643,1480,0.428963036609758
643,1653,0.308161363909473
643,1682,0.582747736721007
643,1692,0.0366444439143764
643,1791,0.256217021744284
644,647,0.22795160462026
644,654,0.264610422145408
644,657,-0.220011186358958
644,683,-0.1974404436397
644,741,0.398193028645548
644,1130,0.627595027368451
644,1207,0.045781008747745
644,1257,-0.0562083887438717
644,1511,0.101230362331745
644,1514,-0.26072655929998
644,1825,0.14432288666231
644,1862,0.255796797685192
644,1935,-0.0514954353756687
644,1942,0.0301492931276239
644,1970,-0.355139651122586
644,1995,0.673843660406165
645,652,0.192002490254648
645,653,0.722117439468954
645,655,-0.0014181340721808
645,658,0.514158036810983
645,802,0.580903677259912
645,1104,0.071238431483674
645,1129,0.183836917966471
645,1525,0.572079225728181
645,1565,-0.0779943521648324
645,1725,0.312140389085609
645,1768,-0.0303115649410937
645,1779,0.379439666769532
645,1977,0.0724255295830675
646,650,-0.272378170151351
646,658,-0.188564585970946
646,659,-0.153292579866518
646,690,-0.1430193538409
646,789,0.0991136048095206
646,851,-0.46348298196683
646,869,-0.400854036601584
646,1163,-0.209604052605377
646,1173,-0.311422231897495
646,1287,-0.193299464701947
646,1444,-0.59425068649675
646,1454,-0.483893633417031
646,1763,-0.416413139726587
646,1842,-0.719672171196974
647,651,-0.146519697153979
647,653,0.222148502537384
647,742,-0.0645696530009477
647,753,1.07634800225519
647,924,-0.290983881483009
647,968,0.228301908588798
647,972,-0.300972441963141
647,974,-0.580423868621046
647,1385,-0.19639862099528
647,1400,0.0971514296623437
647,1477,0.122115873392866
647,1730,-0.534277110741988
647,1792,-0.446718145049862
647,1991,-0.229961138599654
648,654,-0.0108509203865397
648,656,0.104681915822659
648,658,-0.0748803641667107
648,982,-0.39531146341612
648,1036,-0.717152740441437
648,1081,-0.831614377193377
648,1085,-0.23205073664212
648,1087,0.0116856949296668
648,1103,-0.503177007766038
648,1591,-0.310400418693943
648,1663,-0.11533253895289
648,1857,0.306374274118008
648,1887,0.113348556685749
648,1894,0.187357530135495
648,1977,-0.451950333617403
649,653,0.666720139125514
649,654,0.498776203994439
649,662,1.06675995316695
649,1029,0.618453086299539
649,1143,0.377495358305767
649,1184,0.387566142281755
649,1448,0.189927991700074
649,1538,0.298610084611816
649,1592,0.320711939141992
649,1639,-8.59813079310753e-06
649,1778,0.590420940771137
649,1816,0.440630018479875
649,1894,0.72305483166619
649,1941,0.438816938944376
650,652,-0.233098983933861
650,659,0.133170866971328
650,661,0.129986822582624
650,679,-0.173088451005606
650,957,-0.370847716529742
650,960,-0.13614249263621
650,1083,-0.185180118110848
650,1110,-0.128992958258725
650,1226,-0.456014083348052
650,1474,0.280995304650075
650,1503,-0.593467787855593
650,1520,-0.200415915793147
650,1655,0.43105505966823
650,1758,0.14118325396005
650,1835,-0.504502988102996
651,657,-0.293020806871305
651,663,0.419811103019326
651,748,-0.189157883967535
651,808,0.301010625958156
651,904,-0.520452968375645
651,1048,0.106721809380221
651,1075,-0.151312008996256
651,1165,0.142648373895097
651,1286,-0.0363954285054347
651,1301,0.363475261210985
651,1354,-0.165957115256882
651,1386,-0.309491519083749
651,1492,0.457132496048854
651,1658,-0.212077358598671
651,1683,-0.069164550401758
651,1911,-0.0166565173007333
652,656,0.48744988170043
652,657,-0.148161989369212
652,661,0.342046901899671
652,677,-0.173610776333605
652,709,0.296557281070346
652,737,0.625452308988492
652,783,0.448222633340413
652,821,-0.0595758973438771
652,1078,0.219436661283106
652,1256,0.531274087222215
652,1474,0.493055383967122
652,1569,0.359658811643906
652,1787,0.42337233891699
652,1938,0.339152167560396
652,1989,0.425784828604092
653,656,-0.0589489955083024
653,658,-0.235146039999504
653,660,-1.05114268837813
653,663,0.0762724801570307
653,665,-0.5058207177561
653,666,-0.486729512060909
653,819,-0.242716723413615
653,860,-0.0795397685489531
653,930,-0.912577379613602
653,1200,-0.13481107027441
653,1259,-0.50205422467213
653,1470,-0.807151479574097
653,1534,-0.338089586330124
653,1680,-0.373678721788629
653,1737,-0.629877024911118
653,1760,-0.441585323256408
653,1981,0.125853322596934
654,660,-0.871332142050283
654,672,-0.245216535409289
654,718,0.130305717895056
654,753,0.971810093663379
654,759,-0.732889071289961
654,888,-0.250619198141381
654,900,-0.161837603665901
654,1045,-0.260432743742324
654,1190,-0.334967472145827
654,1249,-0.781122079904899
654,1290,0.0858583510560495
654,1535,-0.0491820580488429
654,1562,-0.552537850816717
654,1580,-0.0052686182710797
654,1601,0.146704002517158
654,1663,-0.0952579147888293
654,1768,-0.546558483034781
654,1890,0.231203915715104
654,1914,-0.168757051444272
654,1985,-0.248285042105624
654,1993,-0.26994204194986
655,656,0.664217295572209
655,657,0.0353020178574819
655,666,0.174333634994835
655,679,0.192240082974176
655,948,-0.124273278783905
655,1072,-0.0859697545799695
655,1203,0.645591268983221
655,1358,0.432003272998772
655,1500,0.325102500255512
655,1506,0.148872386618224
655,1678,0.236849091117796
655,1803,0.191083889496533
655,1878,0.108472133965562
655,1910,0.302471638806427
655,1930,0.501944357826888
655,1994,0.245577030324749
656,660,-1.00664178111767
656,661,-0.110438784087104
656,667,-0.961578924847525
656,668,-0.373186694762009
656,669,-0.554374946643048
656,826,-0.441479126109442
656,861,-0.733786710845948
656,1138,-0.359107713905983
656,1303,-0.38519249276459
656,1438,0.0149561390531415
656,1472,-0.0059257789967036
656,1593,-0.385259190966487
656,1645,-0.764108248325753
656,1738,-0.565539640044866
656,1940,-0.550469979326312
656,1968,-0.104444248672069
656,1984,-0.979435862313186
657,661,0.450863828854282
657,662,1.04514832982825
657,663,0.698749387548589
657,923,0.602391215407426
657,1061,0.391009256202927
657,1147,0.626572150476989
657,1232,0.439808659299077
657,1327,0.431586634266354
657,1414,0.587649032228537
657,1600,0.349797477556169
657,1617,0.655167435606772
657,1650,0.246719638421727
657,1726,0.185799846054747
657,1773,0.458647674285992
657,1789,0.24679752494374
657,1818,0.535231683294063
657,1841,0.195052621838588
658,660,-0.874497685469621
658,662,0.624916580801898
658,665,-0.296577258560132
658,666,-0.289734205433342
658,668,-0.232584771080134
658,670,-0.119223079646053
658,730,-0.874665448800828
658,764,0.0296320623967317
658,901,-0.258079659167516
658,956,-0.117680117055872
658,1003,0.351546076311407
658,1314,0.393571949202941
658,1322,-0.178997394907525
658,1363,-0.434639858010173
658,1637,-0.131543857422849
658,1679,-0.26276181919046
658,1940,-0.385393571732043
659,661,0.0107059042875962
659,663,0.28061885231953
659,672,-0.246046012354369
659,779,0.144518072470761
659,845,-0.27144525988238
659,913,-0.270076673154201
659,988,0.321004143549805
659,1027,-0.244258901398518
659,1096,-0.783694627591813
659,1625,-0.205984960082559
659,1811,-0.0075008180834495
659,1856,0.217577402681088
660,661,0.841537890848018
660,663,1.10126329647914
660,664,0.711134689676843
660,700,0.403234652500914
660,750,0.575142497543139
660,889,0.820685915306764
660,999,0.0012609535833108
660,1168,1.05699795483202
660,1209,0.907894491516052
660,1236,0.494943039010193
660,1280,1.32564979371442
660,1518,0.51237642900648
660,1726,0.58882848653354
660,1758,0.911816035118615
660,1789,0.651910544116441
660,1800,1.14543878992531
660,1802,0.649134201126099
660,1987,0.555948601301888
661,662,0.516223211445741
661,663,0.235044951746719
661,665,-0.31758013289894
661,667,-0.81371339951728
661,668,-0.259088055318582
661,673,0.0402140498154302
661,690,-0.0117872471034238
661,918,-0.0052830416351234
661,1017,-0.226465295126916
661,1149,-0.455218199815193
661,1200,0.0420813248647044
661,1260,-0.043545755212299
661,1382,0.122753650479456
661,1504,-0.753623921243618
661,1562,-0.531141686104561
661,1708,-0.430818233222435
661,1714,-0.233123559398821
661,1735,-0.0892927677759994
661,1790,-0.254405955121678
662,667,-1.41806799015375
662,669,-0.988203749511032
662,671,-1.31955858618638
662,673,-0.489058340654414
662,674,-1.33907778331848
662,675,-0.66365088316731
662,687,-0.288510003280371
662,898,-0.919814647220997
662,1339,-0.401254203936161
662,1485,-0.363818310924073
662,1553,-0.799410748256581
662,1719,-0.870252076920047
662,1919,-0.515825080994959
663,664,-0.435264503378374
663,665,-0.570445571027701
663,669,-0.661012446557029
663,673,-0.204314264588703
663,675,-0.358484242524409
663,872,-0.822445005058312
663,906,-0.540159175547631
663,910,-0.608972137760241
663,948,-0.872252853284997
663,976,-0.796283947097765
663,1178,-0.7626431642456
663,1293,-0.475839697891343
663,1335,-0.455383154233602
663,1514,-0.780967265116181
663,1739,-0.646267413952204
663,1940,-0.668342160357865
664,666,-0.151252631732508
664,668,-0.0998711424473853
664,669,-0.273168855357773
664,752,-0.469979812083933
664,821,-0.233834163091028
664,875,-0.118517553456422
664,934,-0.186582221162862
664,951,0.215755256925995
664,1482,-0.397908732211916
664,1751,-0.0862959805895328
664,1831,0.245798375801528
664,1936,-0.128592049125386
664,1997,0.0604431304431295
664,2000,0.346327585042353
665,667,-0.550475651943915
665,668,0.0326577917547977
665,672,0.0957710023296469
665,675,0.221480880655516
665,714,0.3512877347823
665,786,0.30828167614728
665,840,-0.219106317202663
665,925,0.577858548027123
665,956,0.166342252861681
665,1063,-0.0271448845586449
665,1107,-0.224832357333258
665,1133,0.185781017862226
665,1182,0.350535838854618
665,1262,0.197766743851323
665,1797,-0.347457280292387
665,1971,0.416360208509804
666,668,0.0411545992803569
666,672,0.100352431951665
666,673,0.361481387675532
666,676,0.0562963477826346
666,854,0.11916349771718
666,915,-0.0524574206669099
666,979,-0.0298698167958317
666,1102,0.478367771261893
666,1177,0.149274830089135
666,1245,0.543327917004758
666,1421,-0.0947251856172195
666,1612,0.187110455500721
666,1709,0.133992795111308
666,1787,0.376565380764284
666,1940,-0.0495394787943414
667,668,0.524165959825862
667,673,0.883810708138619
667,678,0.782784908802985
667,848,1.08950978466509
667,998,1.00467875122152
667,1120,1.06622773779482
667,1165,0.860214748425137
667,1204,0.625927053470873
667,1301,0.995523920594581
667,1355,0.591045122659792
667,1486,0.723078239665408
667,1685,0.702238970913766
667,1723,0.941058366311193
667,1806,0.262715674851357
668,669,-0.148120950317667
668,673,0.304999029519654
668,677,-0.198749885063642
668,678,0.204887460519749
668,679,-0.0142516244301293
668,681,0.2692290290022
668,746,0.227425463243427
668,751,-0.354110752276492
668,769,-0.237392787270977
668,912,-0.69143322315416
668,932,0.175254512190266
668,933,0.280996031312682
668,1000,0.262601417835543
668,1013,-0.366999525267541
668,1320,-0.3387795370897
668,1354,-0.052852030907481
668,1417,0.323985231092479
668,1518,-0.0480906113271695
668,1670,0.117357214650958
668,1766,0.175787061534769
668,1873,-0.254819974161602
668,1971,0.348608909853088
669,673,0.479670073231695
669,674,-0.132396369403818
669,678,0.376720718513713
669,679,0.128548519572656
669,700,-0.0006553123868337
669,737,0.682642667524176
669,779,0.541087117763884
669,885,-0.0910074945262702
669,913,0.20616273207048
669,1263,0.0999253001311062
669,1271,-0.0777846513655025
669,1291,0.290497287905324
669,1351,0.400748846171582
669,1426,-0.239441894010362
669,1691,0.707366576202569
669,1771,0.561161929072281
669,1797,-0.198765619455405
669,1810,0.139457257243307
669,2000,0.59718629111572
670,671,-0.528854947149414
670,673,0.212999073417405
670,676,-0.133518917822001
670,680,0.425526727373782
670,681,0.163766812598191
670,691,-0.312311327743352
670,822,-0.113195058032355
670,1019,0.0552648847240406
670,1104,-0.298162396040522
670,1241,0.201168007779211
670,1493,-0.551662672578099
670,1496,-0.514849102258024
670,1654,-0.475436217597916
670,1737,-0.308328342637506
670,1823,-0.0895367392276502
670,1845,-0.3303088557882
670,1870,0.076501051697268
670,1890,0.42318104165534
670,1925,-0.666786755121472
670,1983,-0.0866253141851193
671,675,0.546868119524268
671,679,0.281175305929462
671,680,0.941370482854814
671,699,-0.171675059844057
671,778,1.00790125277386
671,791,-0.0023852349995982
671,1083,0.338347930919095
671,1160,0.698653047917259
671,1243,0.453100288547471
671,1252,0.25821313309702
671,1912,0.426366613356509
672,676,-0.04696953822458
672,678,0.174777723981305
672,685,-0.0212557449022553
672,781,-0.0582569217200657
672,1120,0.49599832151123
672,1143,0.108330193034944
672,1292,-0.56801132434473
672,1395,0.317172537002004
672,1418,0.089368949379769
672,1484,-0.657178905484875
672,1577,0.145443440047017
672,1769,-0.0812901038684661
673,674,-0.712352239319179
673,675,-0.155003902928423
673,676,-0.318045688617993
673,679,-0.316182941141873
673,680,0.193265901405983
673,683,-0.501557270260772
673,685,-0.299877750416529
673,813,-0.242321249839701
673,976,-0.599655319822173
673,1008,-0.773544125049195
673,1161,-0.169100109549658
673,1256,0.145760065253402
673,1447,-0.512974115495287
673,1518,-0.37668199876366
673,1652,-0.747024370432921
673,1754,-0.392336912499267
674,677,0.116034934781708
674,679,0.276525642921099
674,783,0.743459011491796
674,876,0.232830883105766
674,1080,0.329980494812427
674,1431,0.483128500196034
674,1775,0.514003753145708
674,1849,0.684447758877056
674,1856,0.847606317743925
674,1961,0.415299738553965
675,677,-0.40740297853054
675,679,-0.180061344583364
675,681,0.11210106209251
675,682,-0.74683547721095
675,708,0.116848770447465
675,820,-0.0766830930760934
675,935,-0.401709120387717
675,1140,-0.0937333160387366
675,1262,-0.0204199418653086
675,1513,-0.618081657827618
675,1576,-0.282396414530097
675,1650,-0.135033096501289
675,1680,-0.0907376655944376
675,1842,-0.49105805517478
676,683,-0.166736749156076
676,684,-0.152413882560051
676,687,0.493478715529573
676,691,-0.157530388875899
676,794,-0.127554377481048
676,838,0.0618133484689358
676,860,0.363043747866824
676,920,-0.0657244723504138
676,1042,0.0520281694541128
676,1203,0.408562004152975
676,1241,0.309969551634971
676,1337,0.477142749112596
676,1423,0.39356843590105
676,1517,0.0675751384791218
676,1545,0.179942595017096
676,1664,-0.106925957356019
676,1827,-0.0634743013164313
676,1898,0.0683859359517156
676,1933,-0.0003006360846417
677,679,0.175229264785286
677,762,0.0033724568272246
677,803,0.167951479577469
677,1186,0.766748298774429
677,1257,0.210720761430985
677,1298,0.16903227432586
677,1350,0.3486025773563
677,1473,0.777907580248444
677,1653,0.330512694724313
677,1711,0.559576911249564
677,1789,0.28145909888824
677,1860,0.0319099915714827
677,1866,0.408883053450742
677,1927,0.440265917771571
678,682,-0.789212840277905
678,683,-0.39194410908856
678,688,0.0080608335795199
678,781,-0.21986924326671
678,1165,0.0156643409072452
678,1192,-0.261894619299858
678,1263,-0.287349153724625
678,1268,-0.406014578439866
678,1305,0.0924384922923243
678,1335,-0.143427142228909
678,1384,-0.432271662522212
678,1387,0.413562691313878
678,1821,-0.207708574943057
678,1823,-0.180251759311459
678,1921,-0.260388097819968
679,688,0.233484609520365
679,816,-0.0113180877606321
679,902,0.103175605385175
679,914,0.136127661662923
679,994,0.517969508470396
679,1047,0.277635837013429
679,1055,-0.189942613941
679,1098,-0.287975769131459
679,1128,-0.202804398940233
679,1164,-0.184381938087323
679,1288,0.203106144757937
679,1435,0.169843533010824
679,1514,-0.175441438364594
679,1577,0.195612574285742
679,1674,0.0455868011764199
679,1686,0.0803646078207518
679,1695,-0.0621955343799088
679,1820,-0.0249800426384927
679,1832,-0.12743610454038
679,1869,0.359375180703672
679,1964,0.0343748759898721
680,688,-0.299748343966578
680,929,-0.566011594161376
680,996,-0.504341066920188
680,1114,-0.633357481471406
680,1222,-0.606063123193445
680,1239,0.0021808892408841
680,1258,-0.490335395493835
680,1265,-0.167599341745566
680,1296,-0.193594305813854
680,1363,-0.721312799847444
680,1418,-0.38828783717973
680,1452,-0.961844654276828
680,1494,0.0578839372774417
680,1528,-0.513172553215028
680,1625,-0.447394916117368
681,685,-0.254371643135231
681,686,0.0479354737377119
681,687,0.21859353128946
681,689,0.187398320031942
681,691,-0.439324915742872
681,849,-0.191981953174271
681,1023,0.0550542600310957
681,1078,-0.0990290490837559
681,1107,-0.559429541131321
681,1182,-0.0037726608816225
681,1309,0.295700206788617
681,1455,-0.398263583532493
681,1460,-0.286624929534092
681,1586,0.174241815103848
681,1621,0.154712426400633
681,1781,-0.322542939693
681,1912,-0.213542214525181
681,1973,0.0291262217371832
682,691,0.363099654986774
682,694,0.749093160732287
682,759,0.022889152561471
682,974,0.199907484589716
682,1060,0.776093228096671
682,1065,0.637972674155986
682,1078,0.665555360745004
682,1337,1.10807234033666
682,1344,1.07250396407896
682,1434,0.418141899168248
682,1493,0.0030769743597326
682,1685,0.686103496383342
682,1928,0.912404298365728
683,685,0.199508185650556
683,694,0.34370844112098
683,792,0.453320921517985
683,1036,-0.216614903020237
683,1066,0.411832232904465
683,1171,0.445429623493701
683,1201,0.695216993923752
683,1614,-0.117311919721614
683,1868,0.540830091725425
683,1903,0.128709984099166
684,686,0.509861029997049
684,691,-0.0144335498752664
684,694,0.332376587977953
684,697,0.137195357490048
684,702,0.288134122054585
684,764,0.441578698520311
684,834,0.86112807395128
684,851,0.154230015093754
684,946,-0.0395775992542749
684,1128,-0.114135888785337
684,1265,0.496100718982118
684,1438,0.580408662235242
684,1493,-0.307744572536011
684,1543,0.0888205447716095
684,1573,0.587320520534706
684,1952,-0.0531976376486248
685,687,0.479101072491019
685,690,0.237679238300661
685,692,-0.0507641290993295
685,693,0.310323127734275
685,694,0.133997739245336
685,1158,0.306136283077369
685,1175,0.236266235386566
685,1237,0.161432222875917
685,1250,-0.0100440482535017
685,1444,-0.224147908660478
685,1477,0.350561895703636
685,1495,0.202842926429101
685,1538,0.058190613008221
685,1550,0.284413400427539
685,1728,0.0158290165474423
685,1767,0.0878988458439418
686,687,0.176793955618076
686,691,-0.501210209425805
686,692,-0.396872309230016
686,694,-0.190636532574894
686,696,-0.393610551544761
686,697,-0.37806170471006
686,698,0.112761685596839
686,721,0.0960568745860359
686,871,-0.795515998915958
686,987,-0.497288950305765
686,992,-0.101271235755334
686,1143,-0.183110418835612
686,1146,-0.0326318531764356
686,1396,-0.178094570220101
686,1564,-0.166817161439229
686,1951,-0.477361086191591
687,688,-0.282320870417929
687,691,-0.66405434509866
687,695,-0.637945221005153
687,696,-0.566949768007356
687,699,-0.944531103035589
687,700,-0.67069875316606
687,721,-0.0810172056898548
687,862,-0.375612925363114
687,894,-0.26611096582818
687,978,-0.357916670534404
687,1037,-0.500924480980499
687,1124,-0.114352031643403
687,1143,-0.355229138978934
687,1388,-0.535940656908016
687,1404,-0.753335159476906
687,1547,-0.55556070983396
687,1633,-0.45883376400996
687,1819,-0.597950404969563
687,1967,-0.601289515740895
688,692,-0.276859721379202
688,694,-0.07772659791362
688,700,-0.404224976843557
688,891,0.0655701395130226
688,927,0.246593278793385
688,981,0.149772344515422
688,1027,-0.181110993912809
688,1285,-0.768072091618373
688,1367,-0.0950934432497627
688,1727,0.138777394258406
689,690,-0.20556525804135
689,697,-0.541803534104589
689,775,-0.54379864121623
689,857,0.028855422370735
689,940,-0.2390722871788
689,1005,-0.417121000747546
689,1057,-0.390550030916419
689,1387,0.191982949193431
689,1452,-0.933235038807376
689,1508,-0.471297239327001
689,1514,-0.765965522112434
689,1628,-0.332876304627854
689,1777,-0.247884326719589
689,1800,0.159735986458299
690,691,-0.422632510908302
690,695,-0.403553538272542
690,696,-0.313936605114377
690,774,-0.257014462265366
690,843,-0.0397733515903714
690,943,-0.165685112072549
690,982,-0.340178182516331
690,1029,0.124567544036383
690,1056,0.229879433888525
690,1359,0.299247316737669
690,1406,0.0988521946330987
690,1557,-0.382324555651999
690,1662,0.0603301409342138
690,1695,-0.359689776511253
690,1826,-0.0879912911874661
690,1878,-0.419122882281978
690,1931,-0.227244165838274
690,1948,-0.47719692344396
691,693,0.509983435786361
691,696,0.130684028327555
691,698,0.621361617218971
691,755,0.47893699627025
691,943,0.290705727497755
691,1117,0.351935096024631
691,1157,0.615828305004674
691,1314,0.766549670488294
691,1362,0.331140827488071
691,1661,0.573269243840831
691,1870,0.347551677585177
691,1983,0.183994608832439
691,1993,0.196929441702067
692,693,0.40874832006493
692,694,0.201621492698712
692,704,0.653919375329723
692,746,0.291363686466478
692,812,-0.23099565316307
692,983,0.044680248243508
692,1000,0.339472939927439
692,1095,-0.0354242759538203
692,1142,0.770879567027103
692,1526,0.0121497053453539
692,1537,0.276575020837683
692,1609,-0.275605030039227
692,1822,0.14474239466667
692,1919,0.400443264105158
693,696,-0.399895726783061
693,699,-0.810102953037856
693,701,-0.444604110788387
693,765,-0.324862311773362
693,830,-0.644728533903849
693,851,-0.385225524890673
693,1325,-0.491332702118972
693,1341,-0.265059199687975
693,1355,-0.299417503337107
693,1499,0.0107450232488919
693,1743,-0.562134313789114
693,1844,-0.375820090652045
693,1905,-0.471110864963162
693,1984,-0.935204087554063
694,697,-0.195181230487905
694,698,0.309927365999303
694,704,0.430504914054922
694,706,0.289178303612317
694,707,-0.326671453808867
694,722,-0.155268081144882
694,860,0.230996794524436
694,893,-0.177479471120367
694,914,-0.0253140072788389
694,1626,0.298664068678615
694,1678,-0.17218564768332
695,699,-0.314279166072668
695,700,-0.0327535321609072
695,708,0.43124872692799
695,727,0.477874236814625
695,831,0.37629893847332
695,884,0.387139627740309
695,989,0.28411053375264
695,997,-0.0740469452784887
695,1008,-0.29306302961701
695,1104,-0.0118997919353409
695,1187,0.153991550202717
695,1259,0.037723594073019
695,1321,0.125672722123964
695,1350,0.26604488327402
695,1417,0.490413686285825
695,1534,0.312886580974307
695,1566,0.327848808610272
695,1591,0.144845018396687
695,1646,0.220165018061081
695,1706,0.370203908919246
695,1776,0.413116726751862
695,1807,-0.297853735572121
695,1849,0.434259426332336
696,699,-0.448993936068628
696,701,-0.0447083840053264
696,704,0.63347893302479
696,814,0.965269899340846
696,942,0.0344628641622984
696,1170,-0.0894774736575629
696,1256,0.512205422435141
696,1312,0.420840600639493
696,1475,-0.413904951879568
696,1649,0.13469796223001
696,1712,0.0034735084008399
696,1853,0.420633254797856
696,1939,0.481833632158835
697,699,-0.463828335580807
697,704,0.617930086190089
697,705,0.112204703851532
697,707,-0.13418640931672
697,709,0.262031838071288
697,719,-0.169606622828103
697,998,0.497227606304121
697,1300,-0.134658082816758
697,1457,-0.124191196759878
697,1464,0.0675468181023815
697,1866,0.213709937211668
697,1966,0.0386697182668603
698,705,-0.378818758766455
698,706,0.000824585599349
698,820,-0.367327886641388
698,852,-0.33221857409572
698,917,-0.0130276141061273
698,1046,-0.710750146317426
698,1193,-0.168327170976117
698,1239,0.0759118569913692
698,1355,-0.417267891866695
698,1413,0.290804683756218
698,1442,-0.034767040820238
698,1586,0.0073961478851374
698,1700,-0.955720845067718
698,1745,-0.70089210065015
698,1825,-0.288480528283308
698,1969,-0.398570438350474
699,705,0.551036088543544
699,707,0.33320564825703
699,708,0.748029740797614
699,712,0.543248275316311
699,789,0.948798242207715
699,841,1.27332081635245
699,849,0.557116931038439
699,908,1.07697260302834
699,1089,0.597596925029286
699,1122,0.459873679312442
699,1189,0.361062570857669
699,1346,0.5842058548543
699,1419,0.21908057713029
699,1920,0.820609466839276
699,1956,0.828179311508306
700,705,0.25954597346938
700,708,0.463600402548644
700,711,0.0812906111692275
700,712,0.256061276491553
700,744,-0.175713927068346
700,765,0.266839030340114
700,790,0.0104726818560326
700,827,-0.0563174330912201
700,850,0.0296009317690499
700,1028,0.6776767570739
700,1041,-0.40752856810267
700,1075,0.123223290519584
700,1172,0.135167361503521
700,1387,0.769366531490256
700,1483,-0.0686220737210507
700,1536,-0.0077828578362465
700,1651,0.0873612524616694
700,1657,0.640269692223707
700,1764,-0.132672111722954
700,1867,-0.0447872219104919
700,1948,-0.0529902921550137
701,704,0.678191627015304
701,710,-0.0829881803954665
701,711,-0.0185323064880845
701,714,0.403927987184992
701,917,0.522553854341646
701,938,-0.302318083883621
701,955,0.323988274956539
701,963,0.217989742367498
701,1154,0.209567645988222
701,1247,0.0704019804100146
701,1292,-0.439749938188493
701,1354,0.0114691996177232
701,1596,0.0333833874355944
701,1606,-0.50138752363429
701,1616,0.475138184417259
701,1682,0.475786379255633
701,1801,0.184415584513942
701,1874,0.133392234286004
702,706,0.35795836058461
702,707,-0.282548602355746
702,710,-0.278575182381978
702,712,-0.0229491827206714
702,917,0.352970103496781
702,964,0.0057116974512669
702,970,0.14915323507215
702,1046,-0.400746609210288
702,1080,-0.140154294487571
702,1150,-0.476155929141453
702,1232,0.159357243609552
702,1256,0.390357937062836
702,1406,0.307228005787784
702,1616,0.301968607242941
702,1731,0.137106879016367
703,706,0.409887928111771
703,710,-0.2268948392522
703,711,-0.166606590069984
703,713,-0.132192981103746
703,714,0.283235193161115
703,716,-0.30796931720865
703,767,-0.445744368125134
703,995,0.007885740943571
703,1094,-0.10882041251511
703,1124,0.369060278660218
703,1177,0.0598360222581399
703,1282,0.257407119975565
703,1641,-0.372309470685616
703,1873,-0.369599805900884
703,1877,-0.110488706186342
703,1977,-0.216835580614948
704,707,-0.737600841968864
704,712,-0.488403592348663
704,713,-0.642734634191622
704,779,-0.139617810001925
704,863,-0.238487449424586
704,893,-0.56345016807734
704,1008,-1.01884570297453
704,1013,-0.991983686684753
704,1186,-0.0217190720092868
704,1346,-0.509373177655025
704,1445,-0.754339892020826
704,1542,-0.0415508545521216
704,1703,-0.850781399179344
704,1944,0.119497710233276
705,709,0.142798744641003
705,710,-0.236387647896272
705,711,-0.180189409317503
705,714,0.236474686889629
705,715,-0.167249439234144
705,717,-0.322559787692005
705,738,0.0589152664247352
705,1059,0.511064193245518
705,1108,-0.0153563039134626
705,1190,-0.130716180629053
705,1365,-0.26941994226485
705,1503,-0.495117292766127
705,1624,0.144364006766056
705,1671,-0.50547247216842
705,1677,0.441827395453615
705,1904,0.188336533676451
705,1939,0.334805418202163
706,707,-0.580694210394306
706,709,-0.230425095353397
706,711,-0.513300094502344
706,720,-0.228066733610234
706,777,-0.522917156776643
706,991,-0.343423846006002
706,1025,-0.209976290216553
706,1042,-0.401665724768785
706,1215,-0.0550826853930155
706,1249,-0.896950113575816
706,1326,0.0449374159600423
706,1459,0.0643404237036037
706,1490,-0.910792131312479
706,1561,-0.793531684988503
706,1765,-0.838692975872568
706,1769,-0.450765273168273
707,710,-0.0175545628881424
707,760,-0.0002805483523261
707,818,0.487300225380695
707,857,0.589964799056636
707,919,0.189393847190276
707,1007,0.19523725528478
707,1114,0.0161711254885168
707,1135,-0.259424088740595
707,1161,0.325880544606962
707,1300,-0.0085945001195587
707,1387,0.769637963619012
707,1486,0.324504809717501
707,1847,0.461759754059142
707,1899,0.334601648484105
708,709,-0.077908377085736
708,710,-0.43508011483799
708,712,-0.213375350458223
708,713,-0.364070025263439
708,714,0.0311357516047935
708,715,-0.393123609361444
708,717,-0.533277581810364
708,718,0.13518994183628
708,773,-0.0652896318322556
708,824,-0.324335657864095
708,866,-0.465276761909903
708,876,-0.365552476206681
708,1063,-0.351590960586613
708,1205,-0.56395188174902
708,1891,-0.0141456562114538
708,1926,-0.152520603628454
708,1974,0.0025196566143699
709,710,-0.37281491080233
709,716,-0.462989528473912
709,719,-0.415746600955721
709,721,0.222269656356596
709,960,-0.202304670699541
709,1041,-0.806142861463741
709,1253,-0.298851691396688
709,1291,-0.100254013458978
709,1339,0.159573996494221
709,1389,-0.0038295439851106
709,1813,-0.21545067264433
709,1861,-0.340975101311512
709,1932,-0.0068104331287614
709,1957,-0.328770789470552
710,711,0.0624745398026147
710,712,0.232957039224201
710,713,0.0952610048350769
710,714,0.44186757702984
710,715,0.0956954465286961
710,716,-0.0442901628218618
710,718,0.612625795270468
710,721,0.566222591686583
710,864,0.0404369250389212
710,900,0.266041565695864
710,922,-0.0854176377832856
710,1033,0.193366316833199
710,1046,-0.108566907294366
710,1112,0.142266137333825
710,1142,0.796290942589336
710,1172,0.114815214389871
710,1214,0.789209648185038
710,1233,-0.0355221398979343
710,1617,0.610413156765286
710,1662,0.462854427238357
710,1720,0.704081654703404
711,714,0.397330512533898
711,717,-0.132893346071961
711,721,0.522728284651956
711,820,0.213824036906906
711,872,-0.145339837774639
711,964,0.219514396958381
711,1119,0.725259344725401
711,1159,0.22700229290798
711,1203,0.501316756376414
711,1540,0.169890923627097
711,1573,0.502950462051161
711,1599,0.561476337730901
711,1787,0.44210963203084
711,1792,-0.109645774500741
711,1911,0.187420560483569
712,717,-0.316810981587301
712,719,-0.266163228490382
712,721,0.35267837793908
712,722,-0.0754971580632207
712,724,0.200213214666793
712,972,-0.127872090164662
712,1183,0.0023268066647938
712,1208,-0.0214360338527096
712,1243,0.0132911832212709
712,1327,0.182654844964486
712,1736,0.240773982768084
712,1816,0.151531998142055
712,1847,0.213223084162919
712,1855,0.0279380179988316
713,714,0.377601329950825
713,716,-0.155636479978019
713,719,-0.122386998565865
713,725,-0.373161250210749
713,781,0.0526552299961078
713,900,0.18645502693791
713,1008,-0.390079432520353
713,1076,0.851389366847937
713,1123,0.588532357446645
713,1300,-0.0879424629409827
714,719,-0.485493636563934
714,722,-0.290683166894323
714,724,-0.0550928622166342
714,727,-0.0205379339154291
714,858,-0.448098660701787
714,1054,-0.220194035145949
714,1120,0.20859664756278
714,1138,-0.25263894620919
714,1341,-0.24200556943899
714,1520,-0.34185625267773
714,1676,-0.2523135547401
714,1886,0.179096274784056
714,1905,-0.43316482546044
714,1961,-0.262043911860153
715,720,0.336014009409991
715,722,0.0733862107873991
715,725,-0.390182497036972
715,726,-0.0315554525155617
715,728,-0.25045619984978
715,902,0.163597900361877
715,1091,-0.108699814972985
715,1142,0.801527750762867
715,1589,0.437493801425883
715,1697,-0.0334996475398778
715,1790,0.102047656989409
715,1820,0.0148051366648775
715,1953,0.0322721559450091
716,719,0.0261734116019313
716,722,0.20568332866189
716,726,0.106812156158334
716,728,-0.103413165526748
716,814,1.14550108693618
716,855,-0.0501568714905451
716,993,0.128479189262735
716,1059,0.821147696530661
716,1243,0.317395558333648
716,1391,0.822341010560778
716,1474,0.646055424098352
716,1639,-0.0246387632122711
716,1649,0.308629198115862
716,1713,0.2861030886054
716,1776,0.514926887578125
717,725,-0.206642169004726
717,726,0.124808254945638
717,756,0.784120103384866
717,762,0.0172839633272053
717,955,0.47040284580165
717,1199,0.208325108774082
717,1314,0.848220462598683
717,1423,0.624593971560603
717,1440,0.257903886075557
717,1443,-0.063072811308055
717,1536,0.0523806707370762
717,1594,0.135116093002382
717,1675,0.0369972016210388
717,1699,0.151848870779308
717,1838,0.658619298628576
717,1926,0.402625704691317
717,1934,0.799507260559741
718,719,-0.669686299939388
718,720,-0.227411023464838
718,725,-0.937123816061073
718,740,0.0043779630390225
718,850,-0.608846958257965
718,1299,-0.0581160612005225
718,1408,-0.585978124528985
718,1419,-0.63214933845401
718,1503,-0.938370514763868
718,1764,-0.840024718810807
718,1799,-0.412052809323801
718,1959,-0.281643806895507
719,722,0.173563974198164
719,723,0.316238394322938
719,726,0.0795913624588981
719,729,0.368674222599384
719,730,-0.418048112596668
719,732,0.463370109715425
719,786,0.445858424639992
719,937,0.673130994251512
719,959,0.391762978120399
719,1142,0.858815247197108
719,1170,0.05845403371004
719,1738,-0.0248552460223212
719,1854,0.0887417427726589
719,1867,-0.0428233237934387
719,1977,0.0223466961796046
720,724,0.048307219117959
720,732,0.0526167497861818
720,739,-0.498259292762536
720,861,-0.57256405884429
720,1464,-0.189947064134423
720,1502,-0.319242681819858
720,1504,-0.766188548367064
720,1665,-0.0803765101992261
720,1703,-0.557559709763136
720,1868,0.149691379993991
720,1909,0.179408525143539
721,722,-0.407450867736503
721,723,-0.338813731534319
721,726,-0.506593025945418
721,729,-0.267905370426228
721,733,-0.611172958970701
721,756,0.0728669562157541
721,992,-0.200484789409166
721,1185,0.0002905970377152
721,1226,-0.700602509841354
721,1234,-0.264564686090099
721,1291,-0.311002125825438
721,1304,-0.436338812579752
721,1306,-0.580090326968163
721,1326,0.065232933547254
721,1433,-0.69543431674307
721,1478,-0.848713934943985
721,1624,-0.218517281686026
722,723,0.107985331428365
722,725,-0.404621971630508
722,820,0.103013745744841
722,821,-0.110517238610176
722,832,-0.180110520926392
722,840,-0.244297904026173
722,1048,0.201179844876365
722,1116,0.038730990682834
722,1148,0.304665787907372
722,1166,0.481833306947222
722,1223,-0.0614535583028956
722,1269,-0.0301353007428207
722,1392,0.196118319752558
722,1581,-0.101436033242233
722,1703,-0.297394020721863
722,1791,0.0635885921162648
722,1895,0.226458320625254
723,725,-0.575310941622056
723,729,0.0624744005257753
723,730,-0.75481499782275
723,733,-0.317719924688546
723,809,-0.26278145426733
723,843,0.11881716684913
723,871,-0.602264950621851
723,964,-0.012017192263096
723,969,-0.165837925566166
723,1337,0.395026550025306
723,1493,-0.530454979468968
723,1546,-0.256640375030151
723,1980,-0.0971709483149899
724,725,-0.74066770874187
724,726,-0.375944967487353
724,727,0.0465791987895443
724,730,-0.920171764942564
724,737,0.293840592019099
724,883,-0.0013348165918033
724,886,-0.50134376489
724,887,0.270086619282306
724,1078,-0.0861016809742024
724,1119,0.388763311446851
724,1393,0.135413262189048
724,1464,-0.237605805703357
724,1522,0.58084420765543
724,1552,0.300074482919184
724,1839,-0.142971666213759
724,1854,-0.377126633378697
725,733,0.231173233659262
725,735,0.619196766171374
725,736,0.572899451706077
725,738,0.577971007721084
725,742,0.606634563160455
725,755,0.751869056715546
725,910,0.376837481748782
725,940,0.629331302135385
725,1061,0.636922235748535
725,1074,0.615356615069546
725,1335,0.519545729018908
725,1354,0.344271001452829
725,1554,0.684783996740696
725,1905,0.327867387720351
725,1913,0.275148014766763
725,1995,1.13647291061943
726,729,0.269405122078475
726,733,-0.0893404887172466
726,738,0.232696406899378
726,739,-0.129339916531981
726,810,0.0602421600738839
726,870,0.135139123929668
726,968,0.557010759066202
726,1012,0.393360303750681
726,1191,0.682055561893664
726,1402,0.0845164182004525
726,1409,0.216300434342859
726,1448,0.0615681686380744
726,1465,0.439927621358004
726,1559,0.0702841161055881
726,1645,-0.253253667978583
726,1649,0.179407135294432
726,1733,0.801793575600939
726,1737,-0.0500534800456909
726,1757,0.617761369892251
727,728,-0.641159917259052
727,736,-0.137760281010442
727,740,0.115693195523195
727,822,-0.307555519656503
727,850,-0.476144498112358
727,879,-0.502260531549485
727,1319,-0.232162512004717
727,1342,-0.675672090621889
727,1528,-0.308598935840967
727,1580,-0.0225667338375805
727,1673,-0.193850606855248
727,1760,-0.30007797751959
727,1799,-0.274041682244613
727,1895,-0.084578163928212
727,1983,-0.264444614027791
728,731,0.53617336799759
728,732,0.567759589008349
728,734,0.623691273766687
728,735,0.486784558691797
728,804,0.608789421199815
728,863,0.65419706598502
728,892,0.62379199254309
728,942,0.289700014158836
728,943,0.431203339467786
728,1010,0.219107141717875
728,1025,0.523665909506195
728,1035,0.402540067813927
728,1145,0.112502812795816
728,1155,0.557642404876224
728,1218,0.279845702492927
728,1389,0.493195308111901
728,1485,0.698839441283055
728,1616,0.653818468287661
728,1762,0.136556669010755
728,1872,-0.0240846989170223
728,1966,0.313373038044459
729,731,0.0626133792257888
729,733,-0.370916968439725
729,737,0.384297033132127
729,738,-0.0349599416586353
729,740,0.239044319510295
729,864,-0.32582912026671
729,985,0.465988850904867
729,1173,-0.0658343326659365
729,1237,0.0258167282223616
729,1255,0.188836472681744
729,1280,0.485576402755738
729,1460,-0.177820697350254
729,1598,0.418216998888607
729,1700,-0.690297430731496
729,1814,0.128630456262687
729,1824,-0.554872331475116
729,1881,0.104978239700707
729,1984,-0.764533557695023
730,731,0.852139396471964
730,735,0.780913716522991
730,737,1.1304794761496
730,738,0.74925912489971
730,739,0.372461914464221
730,740,0.954199575517019
730,744,0.243321055900039
730,794,0.490969521124046
730,1171,0.880042559910202
730,1276,1.1425504298817
730,1359,1.22335355225835
730,1377,0.550461888192135
730,1484,-0.039987299779555
730,1548,0.642718813843312
730,1686,0.698526513783858
730,1891,0.916769836471664
730,1939,1.04854561674475
730,1995,1.310391066063
731,735,-0.0139505973596807
731,739,-0.489293996136642
731,742,-0.0451892393957834
731,743,-0.0046482102063958
731,744,-0.608883388528873
731,861,-0.562657445450751
731,875,-0.255225948493145
731,1099,-0.260071873446295
731,1246,-0.27617354709892
731,1443,-0.526074474331551
731,1570,0.24898435245752
731,1830,-0.0367805675857436
732,736,-0.0924366889230477
732,740,0.146519378660485
732,743,-0.0465934918118295
732,744,-0.64210171890553
732,745,-0.148037253539831
732,748,-0.382942401184036
732,752,-0.640058024907505
732,930,-0.730597603727687
732,1038,-0.568454540023042
732,1172,-0.303059130704336
732,1236,-0.309250946293576
732,1289,-0.679460544312007
732,1290,0.117765182300007
732,1315,0.216564334993273
732,1493,-0.646169414905314
732,1529,-0.392755718992883
732,1637,-0.166236823922674
732,1730,-0.548969013270823
732,1858,-0.381044560622171
733,736,0.343811426079862
733,738,0.332525214516634
733,740,0.567621018258673
733,744,-0.161345496835007
733,745,0.315621874285238
733,746,0.431280407262511
733,848,0.719914431535522
733,1075,0.13569586932612
733,1129,0.133228771828137
733,1223,0.126423167607299
733,1264,0.128513526654658
733,1420,0.200879851078027
733,1496,-0.153925571472628
733,1555,0.395102918742378
733,1613,0.385785935789657
733,1926,0.350703256332746
734,736,-0.148064180040377
734,738,-0.193822163689396
734,743,-0.103860684489416
734,745,-0.204951400044778
734,843,-0.0897156117840318
734,1022,-0.0189048072701051
734,1133,-0.182846007727894
734,1206,-0.520988472658406
734,1305,-0.0166665942136068
734,1652,-0.760458082684348
734,1696,-0.632994556096204
734,1773,-0.0134702660755163
734,1822,-0.212204221961782
734,1882,-0.635225964912439
734,1888,0.110031887138626
734,1914,-0.206257474820896
735,736,-0.0365726264085293
735,737,0.320367732861301
735,738,-0.0733376458691586
735,740,0.188930625122845
735,741,0.200377604454412
735,742,-0.0285742554361145
735,743,0.0119093740104108
735,1011,-0.153979322400668
735,1024,-0.365306602089872
735,1032,-0.22092032089016
735,1062,0.525408479853647
735,1140,-0.126464333765713
735,1169,-0.601842522032476
735,1233,-0.396336489880675
735,1489,-0.178660932128333
735,1755,0.0390903311107338
735,1802,-0.135939532948824
735,1806,-0.600714633254136
735,1834,-0.560132991324179
735,1879,0.0121031377241217
736,742,0.0101423661101535
736,743,0.0524040187464043
736,744,-0.509867614492039
736,787,0.0752552183282973
736,804,0.13392002093385
736,833,-0.406311636076006
736,990,-0.211173810285795
736,1015,0.0498473226994272
736,1122,-0.12111952737673
736,1379,-0.177616041364768
736,1436,-0.243836496434732
736,1549,-0.0841789703946462
736,1625,-0.0826896798555395
736,1833,0.144944818244617
736,1868,0.181851408281996
736,1940,-0.279652294580197
737,738,-0.412686755949656
737,739,-0.789483966385145
737,740,-0.119915571877025
737,743,-0.325174054668791
737,744,-0.9025918769383
737,745,-0.420141989244859
737,746,-0.312600258846048
737,886,-0.751003269958946
737,919,-0.52765226135109
737,1423,-0.0913827837141865
737,1662,-0.200320197502401
737,1789,-0.491294643066758
737,1912,-0.473824391412497
737,1981,0.0431675295210231
738,740,0.268527818955899
738,742,0.0459199584050512
738,860,0.242571462237719
738,1214,0.541011849744519
738,1274,-0.206041785352232
738,1305,0.194288190893558
738,1370,-0.168579918734607
738,1858,-0.252180840081092
738,1892,-0.326966945825626
739,742,0.42271716884054
739,743,0.477593289690442
739,761,-0.0228571459528349
739,1061,0.445507931989896
739,1112,0.229707839366655
739,1144,0.13200135427402
739,1240,0.281358250653456
739,1299,0.611719819499745
739,1535,0.46951492694499
739,1681,0.0007590448775466
739,1891,0.550320068020546
740,742,-0.221043241412439
740,744,-0.738039146863532
740,747,-0.4081669829714
740,856,0.169392966079608
740,871,-0.822990110404846
740,1013,-0.78953260964561
740,1030,-0.409230506726002
740,1077,-0.494099770599194
740,1138,-0.343275206463588
740,1152,0.19224111234089
740,1196,-0.577416010010372
740,1210,-0.630828197807366
740,1246,-0.429873072030658
740,1522,0.387421331736417
740,1603,-0.346008569955466
740,1764,-0.708736072193353
740,1769,-0.420021915179012
740,1807,-0.86866911656373
741,743,-0.198140814655344
741,751,-0.85531832334667
741,796,0.146148952210948
741,925,0.148149480687979
741,1019,-0.250545382340232
741,1066,-0.219511423040845
741,1184,-0.284077511147031
741,1254,-0.0486040151719159
741,1264,-0.492170024661359
741,1359,0.151399855663225
741,1595,-0.131216414666728
741,1734,-0.399687880317568
741,1883,-0.410652317982905
741,1975,-0.61415625389202
742,751,-0.58838269116656
742,752,-0.536924220523975
742,754,0.0223186671714292
742,797,-0.454029005072334
742,810,-0.244220455766532
742,820,-0.0840755424849414
742,891,0.111366470265329
742,1090,-0.0439364240057286
742,1157,0.247892385736751
742,1547,-0.230618851074032
742,1614,-0.45337028564381
742,1715,-0.0108418844776969
742,1892,-0.368681407953068
743,744,-0.596925475819076
743,750,-0.252134334738487
743,753,1.08345362409638
743,853,-0.429631990099831
743,868,-0.51246343259931
743,969,-0.273318088113671
743,1127,-0.171691897419785
743,1163,-0.010750819787165
743,1251,-0.525303737197112
743,1342,-0.550484921082788
743,1347,-0.382533114231846
743,1585,-0.546004479132049
743,1604,-0.271225531050079
743,1981,0.373882754417836
744,746,0.609683127272749
744,748,0.315487985752031
744,749,0.487014807320927
744,754,0.58523076257652
744,797,0.110902129876393
744,994,0.904429709886679
744,1435,0.534465611283912
744,1611,0.541602228713698
744,1969,0.392136879617428
745,749,-0.0644003815661921
745,751,-0.531066148928078
745,752,-0.485301642727991
745,753,1.16786534992862
745,754,0.085008086631822
745,758,-0.106876739706592
745,770,-0.0417447469371101
745,779,0.2791993085295
745,890,-0.454854205084356
745,1015,0.102081889572929
745,1089,0.0262865564776754
745,1328,0.270405770200526
745,1417,0.225711406330993
745,1496,-0.48123650480206
745,1498,0.152844989719464
745,1596,-0.178851539460324
745,1612,0.0142417865548419
745,1707,0.0068067616928035
746,747,-0.261373608918687
746,754,-0.0329672140328163
746,756,0.285673383668062
746,759,-0.704339416709869
746,1062,0.527243646077399
746,1213,-0.0158099814919688
746,1345,0.0480641661354582
746,1441,0.0539230517424334
746,1446,-0.135356768240391
746,1520,-0.277946877447766
746,1807,-0.742651813301097
746,1896,-0.320989402410952
747,750,-0.0015156483168301
747,751,-0.369261947455695
747,779,0.412698816823243
747,942,0.0161188203448653
747,1021,0.654590711789143
747,1102,0.475771596392624
747,1141,0.333544631315207
747,1280,0.67773195290014
747,1309,0.603868956713915
747,1341,0.0748685384503677
747,1382,0.434812894410147
747,1558,0.0219480858923949
747,1677,0.517097250017976
747,1835,-0.312997451096027
747,1851,-0.343801190616728
747,1903,-0.0354922349905288
747,1932,0.229753964042089
747,1945,-0.249877743799711
747,1954,0.151038333840167
747,1992,-0.298307520196871
748,754,0.311266527258642
748,756,0.663487996669875
748,758,0.113177412270101
748,889,0.274065672709847
748,929,0.0281030448714579
748,1096,-0.44075770696918
748,1178,-0.185932684543231
748,1333,0.330211418680853
748,1352,0.236175915577424
748,1389,0.304299008475352
748,1571,-0.262266712674979
748,1681,-0.173627895899248
748,1851,-0.326932601928584
749,751,-0.54900645800555
749,752,-0.492751672520305
749,759,-0.598794110670072
749,945,0.501889448765552
749,956,0.0715116767603288
749,977,-0.0543714466306933
749,1047,0.256706643986422
749,1121,-0.103487272321204
749,1133,0.096062705305042
749,1628,0.0976371956359811
749,1689,0.123560319372257
750,751,-0.377980120756867
750,759,-0.43907508795046
750,858,-0.129051640526568
750,953,-0.0116209371287212
750,959,0.225703446229914
750,1154,0.141625293498827
750,1169,-0.388197886855303
750,1396,0.19312619020892
750,1412,-0.205199586931647
750,1514,-0.20962513442908
750,1580,0.330114851170056
750,1598,0.588772454808875
750,1649,0.115392696661331
750,1814,0.334015815876598
750,1881,0.297302753294289
750,1956,0.429378440454208
750,1986,-0.413258668207619
751,758,0.472144993386022
751,759,-0.0993908483882592
751,776,0.93792525583044
751,926,0.787061851896012
751,1059,1.00468561202599
751,1074,0.593754386565672
751,1193,0.691038727865668
751,1347,0.23896324671914
751,1413,1.26320109268596
751,1460,0.401177204248768
751,1584,0.738751013750823
751,1678,0.399563696533312
751,1783,0.370451810037592
751,1841,0.408302433815467
752,753,1.6467037766934
752,754,0.584019396437784
752,760,0.199706097047272
752,762,0.146822782734383
752,763,0.391341405554725
752,870,0.408307585206544
752,1186,0.881407841834668
752,1208,0.454786716703209
752,1267,0.24099098463731
752,1392,0.562742134853351
752,1531,0.723638912249224
752,1559,0.342701491442596
752,1600,0.518707477870381
752,1649,0.43718394965545
752,1743,0.108040206624527
752,1750,0.683568719468106
752,1906,0.454847803617863
753,754,-1.11859898808471
753,760,-1.36482692940373
753,761,-1.48922518649564
753,766,-1.21360981534599
753,811,-1.57210209879253
753,867,-1.72035131759727
753,931,-0.982259882411702
753,935,-1.52907026318634
753,967,-1.63092576993431
753,1328,-0.953276401221243
753,1408,-1.34028582499102
753,1519,-1.74275382913883
753,1640,-1.4558410426291
753,1870,-1.05061759293576
754,756,0.324413764045504
754,759,-0.682076837467694
754,762,-0.440677820799488
754,763,-0.172695659427892
754,900,-0.0815266396114971
754,1241,0.116342569145974
754,1466,-0.275840624975822
754,1624,0.0132343251071614
754,1897,-0.144181704599039
754,1923,-0.467087695898538
754,1990,0.0248954369699805
755,759,-0.7768185512719
755,760,-0.438150085535359
755,766,-0.202843905114648
755,781,-0.305037829647144
755,973,-0.112023363222331
755,1211,-0.495518092451083
755,1340,0.165144822999129
755,1433,-0.587749308679541
755,1552,0.255289679848875
755,1554,-0.0075451491763647
755,1659,-0.451318702448837
755,1822,-0.19061793418793
755,1882,-0.619162905249284
756,757,-0.59216858016198
756,760,-0.646963462745247
756,763,-0.484197827088095
756,764,-0.25543262194203
756,804,-0.211527454783487
756,938,-0.917109624569953
756,943,-0.442990876328202
756,1118,-0.861083259430398
756,1418,-0.380547037490524
756,1730,-0.813463235525753
756,1781,-0.533403814513796
756,1880,-0.826768717964295
756,1902,-0.965040338847138
756,1940,-0.685903847632801
757,759,-0.462518964159023
757,764,0.313938946080887
757,769,-0.259914153649553
757,875,0.0148634091983142
757,883,0.293556125081459
757,920,-0.0480892098628899
757,1032,0.0148313384734295
757,1087,0.364478777936549
757,1385,0.0659975081202629
757,1495,0.273184182138013
757,1614,-0.267248245927534
757,1740,0.132071610312418
757,1872,-0.313466790463135
757,1930,0.304752643651919
758,765,0.0395652860305216
758,769,-0.32228225431731
758,770,0.0611129219519053
758,771,0.478180761779145
758,828,0.20195148616488
758,1170,-0.158102385361912
758,1210,-0.280533621642376
758,1234,0.173203869035116
758,1505,0.306544566783675
758,1513,-0.503848706855207
758,1614,-0.325823741772163
758,1750,0.351745611914754
758,1764,-0.3856943864269
759,761,0.200407564018347
759,763,0.491913628132082
759,764,0.730571106573772
759,767,0.0952056024363302
759,769,0.198660216435231
759,770,0.510410997787273
759,771,0.910176293965977
759,814,1.32281281449326
759,1019,0.666194189391952
759,1026,0.536940878130982
759,1526,0.420806413562656
759,1594,0.355482660954035
759,1690,0.643468239245851
759,1696,0.218991414987412
759,1771,0.877040162459168
759,1944,1.13185945281262
760,761,-0.103599401205625
760,763,0.173696294621373
760,767,-0.206397350885876
760,768,0.146907773397769
760,869,0.14900975146271
760,1083,0.125266665388705
760,1201,0.636084302385947
760,1397,0.301571641084498
760,1493,-0.286410815427812
760,1511,0.266461311623317
760,1701,-0.172507867269015
760,1723,0.482066023840014
760,1782,0.663125388228117
760,1792,-0.0631504826067072
760,1812,0.299177423564231
760,1919,0.465760614266465
760,1939,0.542019101356303
760,1956,0.516425561453059
761,823,-0.253953494315034
761,1044,0.437465129946657
761,1093,0.754488177407779
761,1109,0.194242143713274
761,1245,0.744048155827479
761,1324,0.614846298330601
761,1422,0.576213736352483
761,1619,0.344060750641883
761,1723,0.600304862472705
761,1751,0.248977258438632
761,1798,0.33587697491997
761,1863,0.353769345288117
761,1882,-0.0735828782518368
761,1889,0.198701111410503
761,1915,0.124867627946766
761,1998,0.275159876165708
762,763,0.252675757782612
762,767,-0.152878299501918
762,768,0.23043367647275
762,775,0.200978144300984
762,787,0.494746768938595
762,880,0.804810039851869
762,923,0.644918534202517
762,950,0.65779490286038
762,1241,0.543207616585286
762,1331,0.117081363032932
762,1355,0.234173765337026
762,1423,0.609858297391788
762,1520,0.195698157384538
762,1826,0.399282584392194
763,771,0.417707937173384
763,773,0.200840411436829
763,774,-0.0337632852437584
763,811,-0.316739727653853
763,888,-0.0228868463419808
763,1119,0.590656885115692
763,1133,0.102839078152744
763,1161,0.127528199249605
763,1479,0.388598945281948
763,1499,0.301842250288044
763,1549,0.0490204771393424
763,1639,-0.264939994789725
763,1675,-0.208195941753622
763,1702,0.45262863556094
763,1843,-0.0999890010599084
764,766,-0.160962339055813
764,768,-0.288288579471126
764,769,-0.544139560306978
764,774,-0.257131725717071
764,777,-0.37533568226832
764,998,0.188902637515392
764,1001,-0.434534551348303
764,1134,-0.374021856794246
764,1191,0.366940545913116
764,1266,-0.430486975951181
764,1667,-0.531187168883973
764,1725,-0.225937574037781
764,1837,-0.332799050002591
765,766,0.0549598846270695
765,775,-0.110472261858114
765,776,0.542803067639303
765,777,-0.193669816628408
765,1411,0.0085096277622637
765,1696,-0.395524575568105
765,1742,0.0573994597020376
765,1780,-0.476803722914882
765,1843,-0.145472480120992
766,770,-0.0315810190762517
766,774,-0.111576712924019
766,776,0.437235103597426
766,779,0.298680785020409
766,853,-0.326300672139331
766,946,-0.303619105410489
766,1227,-0.328048099128546
766,1290,0.269155523507172
766,1316,-0.368445380350543
766,1401,0.092153067292236
766,1419,-0.31556356067394
766,1503,-0.534733297969971
766,1595,0.177021330265947
766,1606,-0.68679721226819
766,1731,0.118269370287423
766,1830,0.0718365285456092
767,771,0.800567376485235
767,774,0.347211113819387
767,779,0.726157788814198
767,802,0.675462002183121
767,929,0.306077865620625
767,967,-0.0138246304600162
767,1111,0.0821698608236913
767,1155,0.614438643279061
767,1271,0.090558793923005
767,1318,0.0710189562243754
767,1337,0.840165571719411
767,1368,0.76859681614628
767,1422,0.688241954988666
767,1551,0.330943691147286
767,1588,0.100934273726317
767,1687,0.722022342884523
767,1888,0.75197993961678
767,1896,0.306652613914003
768,772,0.231722006981037
768,773,0.255274913375413
768,774,0.0031683537665406
768,776,0.566473136608395
768,778,0.604908917961397
768,1049,0.133885025063836
768,1098,-0.363696630433297
768,1292,-0.536916124454554
768,1479,0.45695734313319
768,1586,0.516670283710651
768,1606,-0.588719422435905
768,1709,0.0955370967601054
768,1772,-0.263234910424145
768,1916,-0.396643452388274
768,1968,0.334591005941353
769,770,0.331600915144304
769,776,0.78745064924006
769,780,0.506961746350874
769,982,0.194697845207192
769,1025,0.501676764737076
769,1056,0.801416746858555
769,1133,0.408357610792968
769,1181,0.301274634966328
769,1207,0.342481831226808
769,1278,0.18916844064176
769,1345,0.578201081883774
769,1497,0.311838701963802
769,1500,0.351307260312858
769,1593,0.204131514421714
769,1753,0.470921666299494
769,1768,0.0071148975397955
769,1887,0.666443311693793
769,1976,0.310791004428066
770,771,0.353054055555201
770,774,-0.0734399419751002
770,776,0.427129134902497
770,777,-0.178277910836158
770,779,0.301007666859446
770,780,0.168416301267152
770,783,0.284993135255306
770,856,0.516239355133962
770,917,0.32091983994409
770,945,0.394045442537317
770,972,-0.119747980682703
770,1079,0.280446734212613
770,1203,0.33129170889322
770,1493,-0.465713418626794
770,1504,-0.542290915133719
770,1632,0.344331007194067
770,1712,-0.104378811375665
770,1871,-0.0719842187946063
770,1923,-0.300590316744222
770,1952,-0.269327599858023
771,780,-0.169362467025136
771,831,-0.250992056925285
771,855,-0.729607304935861
771,930,-0.919416056984495
771,987,-0.620587972999063
771,1020,-0.416346966113846
771,1121,-0.468474556975557
771,1203,0.0351395841115977
771,1346,-0.396191592969751
771,1692,-0.614773646399053
771,1730,-0.730694428219822
771,1862,-0.178664592911696
771,1952,-0.67065487655188
772,785,0.0552261630850752
772,923,0.257257742640394
772,1005,-0.136533555925516
772,1014,0.617707111555878
772,1134,-0.32321399137188
772,1213,0.0197288659134436
772,1219,0.0472914421765738
772,1381,-0.367063704820332
772,1384,-0.452179435005142
772,1511,-0.0868908483820005
772,1574,0.120234801551192
772,1635,-0.0119419775322713
772,1855,-0.103379294379555
772,1908,-0.101675472208581
772,1981,0.418893656273008
773,778,0.336813990719616
773,780,0.0406004816682205
773,800,-0.229380801010495
773,1186,0.3192631890638
773,1274,-0.30809365355461
773,1422,0.0906380037263989
773,1554,0.059881276286618
773,1609,-0.524088595296688
773,1692,-0.405867038499219
773,1710,0.422950033905256
773,1721,0.0710750150550494
773,1955,-0.42418692254132
774,776,0.5114771260767
774,777,-0.105461065735513
774,780,0.245134956625546
774,782,-0.31327940103105
774,783,0.365171553659139
774,1011,0.0473991423457321
774,1122,0.029620952945008
774,1125,-0.199459829925212
774,1152,0.607846247686089
774,1221,0.327213913483456
774,1553,0.096771795340974
774,1654,-0.317176266287782
774,1663,0.206796398026219
774,1709,0.0820440973293975
774,1754,-0.047611309983056
774,1924,0.408898657873338
774,1943,0.0827559662752491
775,777,-0.0871040627505752
775,780,0.287537078694577
775,781,0.0116038111394862
775,782,-0.308849693614782
775,783,0.415585569334703
775,785,0.284632745213002
775,787,0.300610048093805
775,1000,0.32372790487768
775,1184,0.192234635038476
775,1435,0.197350564126795
775,1502,-0.0584422800498527
775,1598,0.605851725981788
775,1706,0.266490200010362
775,1800,0.639938489817408
775,1883,0.0357034017020769
776,783,-0.147499727304806
776,788,-0.783558185828212
776,883,-0.258638128634593
776,982,-0.603902017757728
776,1093,-0.0432755173371837
776,1153,-1.06571277801101
776,1183,-0.474422706622211
776,1229,-0.49358054671907
776,1246,-0.569628033482952
776,1289,-0.890484589235313
776,1357,-0.520533772853922
776,1502,-0.602920739325918
776,1967,-0.623727514038857
777,778,0.676226268235152
777,780,0.353180645768235
777,785,0.351449423505861
777,789,0.611201821033302
777,806,0.20603401990723
777,1002,0.170702926817294
777,1368,0.516610481313092
777,1427,-0.284400087775513
777,1492,0.656785450822483
777,1546,-0.0294150135698507
777,1649,0.194503876797005
777,1706,0.334996775637057
777,1765,-0.340073425713331
777,1876,-0.332794553649758
778,780,-0.251093858664339
778,784,-0.277589321011085
778,788,-0.855019329655397
778,789,-0.0045739759543155
778,1241,-0.224078626453828
778,1255,-0.168868067282471
778,1574,-0.252952109429169
778,1741,-0.611716850285875
778,1751,-0.524652600892173
778,1966,-0.553814158764237
778,1990,-0.318512558310842
778,1992,-0.920560163512832
779,782,-0.718942747767463
779,785,-0.145945457591684
779,790,-0.531048311162818
779,791,-0.674040035019889
779,917,0.0163508596143113
779,921,-0.697143893211314
779,1214,0.246245791968985
779,1493,-0.7369677498167
779,1651,-0.496358507106597
779,1728,-0.368348900831981
779,1997,-0.256433660014453
780,782,-0.564016259098457
780,785,-0.0136552675033013
780,792,-0.007366990059971
780,963,-0.142278154092356
780,987,-0.402996219886534
780,1033,-0.232882286824536
780,1163,-0.0561731445998832
780,1289,-0.629426798769841
780,1370,-0.28169432263529
780,1571,-0.552317747595714
780,1653,-0.1453800555493
780,1720,0.266467904745693
780,1833,0.0524496505115679
780,1989,0.0670191142792002
781,789,0.500698432210727
781,853,-0.185721208259014
781,966,-0.551017861494976
781,1002,0.0680833558022078
781,1060,0.222379544254651
781,1073,0.242551132606101
781,1452,-0.372415393043564
781,1572,0.1579802263583
781,1640,-0.161710707257637
781,1690,0.194866984793532
781,1753,0.212482380119186
781,1762,-0.146876840629358
781,1768,-0.238899656947805
781,1861,-0.102491454197403
782,785,0.569298895873218
782,788,0.0496755343894732
782,791,-0.0082797919123946
782,792,0.612458542509313
782,795,0.531818194302905
782,846,0.0597527298884662
782,1151,0.0621523466546518
782,1345,0.641928862610584
782,1403,0.321713548488534
782,1547,0.271643814709316
782,1548,0.362568399595535
782,1613,0.532207247895087
782,1796,-0.0835411240555497
782,1963,0.447202931972495
782,1970,-0.0146179485648002
783,787,-0.150019913533195
783,788,-0.632164921047541
783,789,0.117436091421461
783,790,-0.515033779558677
783,792,-0.124290753986279
783,796,0.155037177651907
783,1022,-0.0839025732120411
783,1056,0.100099126607235
783,1074,-0.223624710557616
783,1136,-0.703994768431244
783,1203,0.0726496603461338
783,1358,-0.216286777081748
783,1657,0.071113592441306
783,1699,-0.45773669352569
783,1841,-0.402763428242627
784,786,0.0162100814058886
784,788,-0.494574526754552
784,869,-0.227825530438835
784,1079,0.130618053050339
784,1355,-0.208705292678917
784,1439,0.0295727119360333
784,1541,-0.474060310866612
784,1565,-0.552129988458517
784,1659,-0.369127756818432
784,1687,0.091846966936846
784,1696,-0.518947125978744
784,1783,-0.343385689935301
784,1800,0.339930172174558
784,1803,-0.295011630488667
784,1808,0.138140636971487
784,1930,0.0282344480755295
784,1953,-0.284915698593605
785,789,0.249463914356268
785,790,-0.393715112499601
785,791,-0.536200634288964
785,793,-0.110584999463595
785,848,0.263124249523902
785,870,-0.216043869836916
785,1037,-0.252951803177147
785,1218,-0.25791305621679
785,1335,-0.174576653027529
785,1339,0.111128883994357
785,1437,-0.0378599454776775
785,1479,0.168953056248579
785,1647,-0.321270963456918
785,1701,-0.596256056500859
785,1797,-0.62165564957078
785,1975,-0.436624152311184
786,788,-0.524027728735986
786,793,-0.123502414032969
786,795,-0.101037096890268
786,797,-0.536331866303653
786,907,0.0775330486182214
786,952,0.146976091783307
786,990,-0.315245826345935
786,1048,-0.0598007660880105
786,1265,0.0753129476016321
786,1491,-0.443104348320894
786,1544,-0.325196354912187
787,791,-0.572735084596844
787,796,0.337205032223267
787,800,-0.248697254897331
787,1059,0.362201272285495
787,1121,-0.282457101018055
787,1498,0.024948810603579
787,1598,0.359452967280679
787,1736,0.0699743200731042
787,1792,-0.455975536196884
787,1812,-0.0706732059389553
788,791,-0.0554364086286498
788,793,0.417534595032084
788,796,0.829607348873042
788,818,0.5928336729327
788,844,0.199416958148864
788,1023,0.613440650360235
788,1049,0.395425186087592
788,1389,0.467276696308795
788,1660,0.125826969630625
788,1670,0.36713301924144
788,1703,-0.0680467329606164
788,1752,0.736228680356477
788,1794,0.694899250671534
788,1897,0.293636624341338
788,1900,0.187856832637108
788,1902,-0.160899819709072
788,1925,-0.270805710067885
789,794,-0.652466185611238
789,895,-0.410878065771234
789,905,-0.491143141087217
789,1147,-0.134437914488892
789,1272,-0.84525118028193
789,1296,-0.186651105613672
789,1383,0.0966263685706275
789,1401,-0.294073185806352
789,1407,-0.528251012117642
789,1412,-0.705086964181866
789,1440,-0.431342909174324
789,1722,-0.322395943896423
789,1788,-0.369691934768446
789,1874,-0.466871149849108
789,1973,-0.199906430902366
790,791,-0.13515368639971
790,794,0.0476911247569937
790,797,-0.0795927880479316
790,803,0.109280695293006
790,814,0.992160692131382
790,999,-0.411603481053709
790,1073,0.391750963131271
790,1133,0.292189935801617
790,1186,0.657784392622312
790,1202,-0.0377038432912997
790,1263,0.0901079306619074
790,1401,0.343168394707863
790,1419,-0.0466368536014794
790,1508,0.196358856756697
790,1682,0.510435012023501
790,1713,0.225125687071973
790,1735,0.348514384387328
790,1802,0.222178262778054
790,1803,0.117813908226934
791,797,0.0661203165049914
791,884,0.553899119917945
791,904,-0.098239105119478
791,1105,0.57859692251874
791,1258,0.371740615436711
791,1361,0.866328167228678
791,1543,0.240413764189638
791,1611,0.476751512314932
791,1703,-0.0125434466044224
791,1734,0.341264459931403
791,1890,0.802229889240265
791,1919,0.637641332789089
791,1946,0.538715727732998
791,1954,0.429645064090121
792,796,0.295684792961397
792,799,-0.111236126314636
792,801,-0.149906957498834
792,803,-0.332464466030724
792,849,-0.180784835388066
792,899,0.059903626509197
792,903,-0.315685552033668
792,928,0.289267235994791
792,960,-0.256833346534559
792,974,-0.596366634954468
792,1153,-0.847778739390238
792,1199,-0.35492974321841
792,1202,-0.485114298115398
792,1271,-0.514931404118385
792,1298,-0.317865434300762
792,1596,-0.336399730265433
792,1660,-0.387852239885966
792,1828,-0.0848317998865103
793,799,0.029784971884387
793,805,-0.1263788610594
793,806,-0.0501713086028305
793,841,0.697384318401558
793,864,-0.290401520889981
793,956,-0.0219649269402071
793,985,0.485811113637784
793,1021,0.505514691532101
793,1118,-0.433860949476284
793,1250,-0.127200956700987
793,1296,0.17621434745494
793,1491,-0.346186692922973
793,1509,0.364730700973178
793,1556,-0.0794287811185113
793,1804,0.450443435400034
793,1808,0.254878334777913
793,1849,0.158248542172888
793,1931,-0.115626320771004
794,798,0.0555298817326099
794,801,0.250815629564744
794,807,0.413505008053813
794,1283,0.0878787906612702
794,1301,0.610168815880037
794,1348,0.569740388613849
794,1479,0.568771989158754
794,1493,-0.32115194239222
794,1720,0.721556314145463
794,1744,0.837255347575231
794,1745,-0.124829738295671
794,1930,0.394478928267595
794,1983,0.159445336856896
795,797,-0.473499471072104
795,798,-0.253798211968343
795,800,-0.17133205965233
795,913,-0.15566403538641
795,945,0.350320590232128
795,1024,-0.362249465255576
795,1152,0.489080753397664
795,1300,-0.336204258199142
795,1383,0.475412001114282
795,1443,-0.484848295705091
795,1907,0.281717012779443
795,1926,-0.0293643793829256
795,1945,-0.469181846672595
795,1987,-0.240579465026749
796,798,-0.615864799559982
796,800,-0.56625388943609
796,804,-0.256994448990541
796,805,-0.502666771268744
796,807,-0.287282258133929
796,809,-0.69259759326305
796,819,-0.349826569481827
796,870,-0.5283025219955
796,916,-0.444128123991373
796,976,-0.844649962398822
796,1535,-0.30558865424148
796,1606,-1.0940624527222
796,1681,-0.778633402180761
796,1824,-0.935147587092138
796,1959,-0.390366160635856
796,1978,-1.00437109138574
797,805,0.259471442701965
797,809,0.119609008894619
797,904,-0.178009549810925
797,1133,0.412751907005266
797,1357,0.328164562786823
797,1456,0.168620256723665
797,1464,0.306920244190263
797,1477,0.677843628116521
797,1837,0.209877111966977
797,1842,-0.0795405545113627
797,1883,0.273704825868999
797,1942,0.344630607358933
798,805,0.070045338583311
798,808,0.472503033287158
798,911,0.213162570698189
798,1053,-0.542431318366515
798,1092,0.368237793221398
798,1102,0.519662090301087
798,1137,0.582035238014403
798,1380,0.129993427987326
798,1392,0.26852310008516
798,1400,0.405712343816888
798,1409,0.189934071667185
798,1461,-0.13843162507389
798,1886,0.587443598894052
799,800,-0.166832828219713
799,801,-0.0529704582363066
799,804,0.147739852825562
799,805,-0.153058845688118
799,807,0.111078907836917
799,808,0.251208395043316
799,810,-0.246402255376429
799,1036,-0.590544798917808
799,1139,-0.117221446435736
799,1297,0.0953152948195271
799,1491,-0.383053361504619
799,1690,0.0250736131828046
799,1747,-0.255512545359725
799,1812,0.0067647573555888
799,1973,0.157453903803479
800,811,-0.319539970197002
800,1032,-0.0339517974109026
800,1380,0.0514533208809865
800,1516,0.660816167049815
800,1553,0.0833139021034388
800,1588,-0.289949844220777
800,1611,0.165862242994952
800,1875,-0.0272339505354538
800,1890,0.527241727393244
800,1914,0.12423382987296
800,1922,-0.0621232378382661
800,1954,0.117016017198015
801,804,0.189089280520868
801,805,-0.0999916150291959
801,807,0.152304635880326
801,812,-0.340048815656355
801,814,0.752589732502871
801,1197,-0.495685940820272
801,1306,-0.24479294195995
801,1348,0.293339435591774
801,1438,0.288727725871897
801,1442,0.295044327168011
801,1543,-0.163361336179618
801,1610,0.170657271414841
801,1737,-0.277993862985396
801,1794,0.307346408299136
801,1953,-0.162553253774674
802,805,-0.270257695294018
802,807,-0.0177176342148642
802,808,0.118442841229125
802,814,0.630005080204083
802,998,0.170317065441779
802,1293,-0.255352094869605
802,1302,-0.45681269663726
802,1317,-0.465076462323235
802,1328,0.0976328222649583
802,1330,0.0212445256247511
802,1443,-0.606891789250077
802,1484,-0.924408832541475
802,1679,-0.322475462526238
802,1687,0.0641885464791644
802,1810,-0.352424277729533
802,1965,0.246698252139361
803,805,0.0672433215804247
803,810,0.0103231686638611
803,812,-0.169484972011913
803,845,0.0893606118316203
803,900,0.175948634013065
803,978,0.172800787908728
803,986,0.477906599999975
803,1008,-0.393765932169771
803,1035,0.161824771054239
803,1078,0.215254050858565
803,1156,-0.246451332820882
803,1389,0.263934827904771
803,1506,-0.0429117436019286
803,1814,0.37067343868765
803,1963,0.176309484909381
804,805,-0.277837625240739
804,806,-0.219435279794452
804,809,-0.449544998014916
804,810,-0.384605400575108
804,811,-0.602775367223875
804,816,-0.355881901587667
804,817,-0.116764544162237
804,850,-0.453221355208553
804,1162,0.586735468875947
804,1332,0.425490295639379
804,1340,0.162578830325619
804,1413,0.44458431505126
804,1561,-0.705778528758778
804,1588,-0.567857333861728
804,1821,-0.303289885144917
805,810,-0.0553821255430075
805,811,-0.270810092964965
805,813,0.0701475254634371
805,818,0.283020396027093
805,892,0.290423693096895
805,932,0.15782308794994
805,1036,-0.365190173717996
805,1160,0.273599356246608
805,1172,-0.0465909490969137
805,1255,0.308201865821718
805,1419,-0.197868627546392
805,1429,0.669566341535291
805,1543,-0.0563143002131165
805,1602,0.0581054880323193
805,1860,-0.19293713620241
805,1948,-0.220571067286058
806,807,0.181973762148815
806,811,-0.386295115660646
806,812,-0.324667358036663
806,818,0.228567906523301
806,985,0.535158401277824
806,1178,-0.344543680339507
806,1186,0.443366359117271
806,1198,0.257482151186391
806,1286,-0.0290539137173
806,1311,-0.21781596040579
806,1521,0.358106669838535
806,1536,-0.309928700548008
806,1573,0.319678703066775
806,1683,-0.0619408199651584
806,1721,0.200104308437916
806,1931,-0.0680866936528711
807,808,0.128827259586519
807,809,-0.409373165730426
807,812,-0.494436931194203
807,815,-0.0581465924027028
807,816,-0.316957754302478
807,902,-0.163825756784444
807,971,0.003064813189928
807,974,-0.592828208620788
807,1143,-0.119366967874323
807,1156,-0.56778984181455
807,1237,-0.0717159404775375
807,1259,-0.339371832259891
807,1269,-0.299412817981153
807,1334,-0.0493250449260974
807,1457,-0.407737150020167
807,1810,-0.314807388350101
808,811,-0.705455873530529
808,813,-0.323480376109544
808,816,-0.453242484939572
808,819,-0.180205246394977
808,949,-0.741356587896485
808,1035,-0.304373151068063
808,1065,-0.331447527604661
808,1339,-0.0142106230316205
808,1348,0.0036564922959994
808,1465,-0.0970249337929761
808,1637,-0.309170526667947
808,1646,-0.299888171072101
808,1793,-0.483027271705097
808,1963,-0.28878899434981
809,811,-0.143131980556882
809,821,0.0324221832673774
809,861,-0.157241909638389
809,904,-0.283082492141555
809,1036,-0.24040434893167
809,1138,0.222343902838901
809,1204,0.149314713207304
809,1349,0.482989368980453
809,1364,0.568802567701238
809,1485,0.551432719669152
809,1582,0.568385537537224
809,1617,0.609199870123263
809,1677,0.624490861267285
809,1803,0.087161592770875
809,1960,0.465141889064071
810,812,-0.197036021598753
810,814,1.00269552359904
810,815,0.290266148504097
810,818,0.396237075257758
810,823,-0.502693707165656
810,982,-0.0344727208930483
810,1078,0.213969674426161
810,1632,0.540020634074077
810,1746,-0.0177566370202481
810,1811,0.321539719616686
810,1871,0.0698980113363251
811,815,0.510122285406758
811,817,0.486685721348976
811,819,0.564231093244094
811,820,0.414128960511068
811,888,0.262933105544417
811,894,0.543032018899001
811,914,0.385275596466466
811,1063,0.202141408877242
811,1142,0.95532916506421
811,1257,0.275129571040558
811,1468,0.474931518554151
811,1978,-0.0903134286598194
812,816,0.179439048603656
812,817,0.42076031487871
812,825,0.0159786558189178
812,1077,0.131242947439417
812,1140,0.300143682966683
812,1144,0.119385642499533
812,1288,0.423239989967444
812,1492,0.758843882409554
812,1570,0.689743551332194
812,1741,0.197321870730194
812,1804,0.799371895056099
813,818,0.234648835218297
813,820,0.0209295664496276
813,822,-0.0629352797725094
813,906,-0.0937593623457932
813,1203,0.344917098870296
813,1398,-0.0696410417147357
813,1441,0.204295063226044
813,1513,-0.520468998301897
813,1616,0.28969556389229
813,1690,0.105739855432687
813,1698,0.192190731480482
813,1832,-0.260316159194107
813,1901,-0.12497254086956
814,822,-0.872639378206261
814,823,-1.34949305251344
814,824,-0.924431708473031
814,827,-1.07200199007459
814,858,-1.02457468546428
814,1016,-1.48905576690349
814,1149,-1.06035221353789
814,1185,-0.441615541995398
814,1213,-0.652621697510463
814,1376,-0.860649496845448
814,1559,-0.959347635287463
814,1842,-1.17145875957148
815,817,-0.0238001697158449
815,822,-0.199548237652649
815,823,-0.726250889001775
815,824,-0.252086399106857
815,826,-0.242409792700865
815,827,-0.445022926118121
815,843,0.0149561497633698
815,846,-0.48213243674504
815,1088,-0.0704045701732397
815,1153,-0.792134427588003
815,1193,0.0650773223511525
815,1240,-0.161151015999985
815,1338,-0.523243853218717
815,1382,0.203322772771816
815,1388,-0.240213698647034
815,1846,-0.146557678987999
815,1924,0.213621818328722
815,1962,-0.303969839028181
816,817,0.240441598928229
816,823,-0.463356552817871
816,824,0.0191553546792991
816,828,0.249419116989222
816,842,0.384062241622508
816,867,-0.419511542724276
816,1072,-0.27517592426796
816,1113,0.380368948002985
816,1313,0.470388762602336
816,1401,0.238094589071528
816,1570,0.513091942961809
816,1697,-0.0588048919386872
816,1728,0.0904890689303931
816,1815,0.231097024916505
816,1831,0.383277099378711
816,1881,0.315497616697399
816,1946,0.294437654456305
817,822,-0.175748067936804
817,823,-0.704136222015876
817,827,-0.422908259132221
817,893,-0.206882342868917
817,943,-0.0938878608318914
817,1134,-0.296964018485201
817,1184,-0.0497952297176316
817,1352,-0.0256115870890049
817,1360,-0.38585864247247
817,1634,0.340963469978361
817,1777,0.0327192317051555
817,1859,-0.320736946557223
817,1881,0.0801882748047331
817,1936,-0.21929033916056
818,825,-0.557810009455077
818,830,-0.624213159712546
818,857,0.169609109188805
818,980,-0.629690236333928
818,1063,-0.381696651128816
818,1109,-0.388516892842943
818,1193,-0.0353054810061582
818,1646,-0.216829804295269
818,1666,-0.220194826636478
818,1677,0.221811051662711
818,1755,-0.0595965796656112
818,1905,-0.450941451993322
819,823,-0.791427954865445
819,827,-0.493771883829721
819,828,-0.0343723393235894
819,830,-0.583168011817411
819,1283,-0.295048456415
819,1432,-0.0091789536324753
819,1458,-1.21432355306416
819,1524,0.267539527679073
819,1559,-0.306258395833165
819,1693,-0.277286517329906
819,1711,0.110483947383256
820,826,-0.123935908497102
820,827,-0.351124877264747
820,832,-0.297578763476542
820,833,-0.379287907722121
820,996,-0.103590028335135
820,1188,0.0611733005146767
820,1189,-0.211126882588207
820,1617,0.414800515991238
820,1660,-0.238087942495712
820,1692,-0.279390934788388
820,1781,-0.167148519548725
820,1938,0.182737292425451
821,826,0.12158871331358
821,953,0.0799336973437108
821,1003,0.738528616199236
821,1017,0.17731018383377
821,1096,-0.405090065275117
821,1374,0.452920147336994
821,1507,0.550368666221991
821,1607,0.932652872145307
821,1625,0.209704190544743
821,1899,0.309200262568101
821,1908,0.220768977107697
822,823,-0.541466781488439
822,832,-0.215578668125322
822,833,-0.279423738043365
822,834,0.671225753895676
822,878,-0.0225764645151582
822,893,-0.0417934223439714
822,1003,0.557893274047011
822,1050,-0.0219293402057492
822,1272,-0.358229715604258
822,1492,0.548087180822382
822,1575,0.0355389313435627
822,1698,0.257452560871304
822,1742,0.0884929490108598
822,1808,0.376236677332301
822,1986,-0.463892579676251
823,824,0.492384064958197
823,825,0.314401262256783
823,832,0.275293006329989
823,834,1.13958072046949
823,836,0.156996090326618
823,921,0.191030704736358
823,961,0.884589741588622
823,986,0.909263148461064
823,1002,0.581535343080977
823,1026,0.583625848471931
823,1105,0.781451491230451
823,1388,0.524903982847548
823,1523,0.482059673698828
823,1593,0.420703298285697
823,1730,0.25707813715561
823,1870,0.674762536249192
823,1995,1.18811190522059
824,825,-0.198621598824834
824,826,0.022492973558631
824,827,-0.211156102074543
824,831,0.261574171235665
824,833,-0.22610899009412
824,977,0.0498388079238619
824,1010,-0.0474392523190174
824,1031,0.131663600868187
824,1044,0.218489098507134
824,1248,-0.111855062770108
824,1614,-0.256643051153241
825,827,-0.0292966490402495
825,838,0.271667875678124
825,848,0.783502616379927
825,1009,0.638300071359841
825,1084,0.262681860860017
825,1130,0.899380214307452
825,1416,-0.242500296925386
825,1474,0.642009731898628
825,1522,1.02985446929595
825,1551,0.191261043987257
825,1669,0.50747078978021
825,1807,-0.241820707727942
826,830,-0.332316059339891
826,836,-0.363527729310633
826,837,0.278053643925555
826,858,-0.155674825830545
826,910,-0.0696745026549682
826,918,0.302303293281496
826,1013,-0.436234885899237
826,1130,0.699665179030344
826,1220,0.0486001672677323
826,1230,0.228804103757841
826,1339,0.375600315507141
826,1394,0.171836096757529
826,1438,0.441041087479517
826,1756,-0.742195658522852
826,1986,-0.451086073856391
827,829,-0.0436345558331017
827,830,-0.086372742421183
827,832,0.0262177811123177
827,833,0.0014585247214056
827,834,0.875780677785972
827,840,-0.0236514275056942
827,902,0.296031656035528
827,1069,0.478911716484735
827,1276,0.718764461391003
827,1277,-0.0013360594260008
827,1528,0.253803739680659
827,1618,0.241895576980492
827,1757,0.750174089677865
827,1791,0.282465073225876
827,1871,0.256533338563219
827,1879,0.427041039930454
827,1959,0.370797751742177
827,1991,0.261422323170769
828,830,-0.514486705937202
828,840,-0.463494314907937
828,867,-0.676259508055385
828,882,0.120449660171888
828,944,-0.745588855891856
828,1041,-0.78297455272751
828,1110,-0.168409975619588
828,1129,-0.286641081063068
828,1167,-0.590668128992788
828,1269,-0.232041956306932
828,1302,-0.350772027652107
828,1420,-0.239181770793626
828,1441,0.088934091185609
828,1680,-0.119286257831271
828,1771,0.195740623688669
828,1947,-0.0426894626921118
829,831,0.551561052666099
829,832,0.0703792009849775
829,834,0.987485023909606
829,836,-0.0731417962823201
829,841,1.16320933439784
829,894,0.565007484556482
829,912,-0.492131513794477
829,1009,0.712251301217546
829,1120,0.843498164158771
829,1308,-0.00616826427773
829,1362,0.46939544671167
829,1462,-0.060726036980277
829,1474,0.714940936771979
829,1757,0.854759624363557
829,1826,0.481761853688944
830,832,0.104834465856477
830,839,0.798393228901012
830,841,1.09538048690851
830,861,0.0526824128659779
830,1152,0.91101453129005
830,1163,0.536383105961655
830,1230,0.535924251523715
830,1297,0.572741099152558
830,1352,0.430283175232238
830,1354,0.240960683740621
830,1393,0.683861889178647
830,1401,0.490036875126143
830,1405,0.367196308709029
830,1576,0.195102849749583
830,1619,0.409136578023883
830,1657,0.760297409474255
830,1674,0.318658876699519
831,833,-0.497891679795265
831,834,0.495751993927576
831,836,-0.586073340544397
831,843,0.0096061246580212
831,1071,-0.418371390662631
831,1268,-0.428651973546664
831,1288,-0.0354043630315281
831,1415,-0.363999935544786
831,1517,-0.179870866722529
831,1568,-0.400172943028805
831,1750,0.14032387266332
831,1908,-0.112009535783088
831,1972,-0.24875626795058
832,833,-0.0301472948632096
832,840,-0.0484629073141861
832,851,0.185908173805282
832,866,0.0492089825688061
832,1007,0.230299317839166
832,1204,0.198865906513396
832,1211,0.0520258202727195
832,1319,0.285436088432706
832,1329,0.112835341572281
832,1349,0.509694610996497
832,1423,0.547558070703627
832,1434,0.0923348993400638
832,1661,0.565837312984955
832,1742,0.296495449595402
832,1834,-0.138837769731517
832,1894,0.65162251286413
832,1914,0.315929204793203
832,1930,0.424633622690397
832,1965,0.653559861921585
833,835,0.463599978387781
833,837,0.525148901275158
833,840,-0.0283555564947931
833,842,0.615249347934708
833,844,0.180548700080438
833,846,-0.0137550290600587
833,1121,0.198060977183888
833,1143,0.410575476539084
833,1375,0.876126760850291
833,1470,-0.120127754568912
833,1820,0.177341371519185
833,1907,0.708636142402483
833,1944,0.957598998196125
833,1950,-0.29055034493698
833,1969,0.284267138862482
834,843,-0.434984990169633
834,882,-0.385454642745144
834,942,-0.67213518290134
834,958,-0.351659105860451
834,1154,-0.581252290748304
834,1174,-0.493980119227157
834,1280,-0.134520184071427
834,1516,-0.0917181187117342
834,1581,-0.798632970739892
834,1582,-0.317643955112767
834,1592,-0.557644403292567
834,1685,-0.570291931899848
834,1699,-0.764296904743106
834,1719,-0.680137951107849
834,1814,-0.447972146405731
834,1968,-0.400825263957143
835,839,0.421684675859992
835,841,0.788868975765666
835,843,0.0791997972663151
835,847,-0.673611483784694
835,997,-0.468092160469393
835,1218,-0.184169335214054
835,1220,-0.137520596885672
835,1270,0.538405877243483
835,1500,-0.0853466363531761
835,1541,-0.453883149023057
835,1593,-0.191521985531844
835,1975,-0.39517760877031
836,838,0.389402299354161
836,839,0.847428699376228
836,840,0.0870948126052314
836,843,0.544064573296975
836,845,0.391494873263979
836,848,0.873112948518272
836,1026,0.423030278089011
836,1187,0.357312302269435
836,1423,0.714439650389496
836,1480,0.56237806992577
836,1496,0.0092233838402517
836,1519,-0.0650931804612404
836,1563,0.898464032337612
836,1740,0.465835601199431
836,1746,0.308026602590169
836,1784,1.021434671604
836,1933,0.356864164764487
837,838,-0.164512456589537
837,844,-0.328114270919222
837,847,-0.713877243401579
837,850,-0.401342694453224
837,921,-0.589947482013868
837,967,-0.644723064917994
837,985,0.397135999879105
837,988,0.345030666720096
837,1117,-0.0578061009518457
837,1396,-0.0864833160228729
837,1451,-0.704147279993639
837,1572,-0.100581416937962
837,1754,-0.32353476459051
837,1758,0.0452088769661377
837,1796,-0.640777608942565
838,840,-0.304953593407644
838,842,0.23847651522997
838,843,0.142278695689183
838,844,-0.126530132221147
838,876,-0.144396959232263
838,953,-0.0988889004133089
838,975,0.076978254200535
838,1112,-0.0888120440271423
838,1593,-0.0866769148902052
838,1739,-0.160576790299156
838,1766,0.101904385782205
838,1831,0.249501073857904
838,1850,0.0523111151052943
838,1888,0.32330032523707
839,841,0.310461400764048
839,842,-0.206783877919154
839,844,-0.583273796813656
839,848,0.0168900600989382
839,850,-0.643767319130963
839,877,-0.297930824400185
839,948,-0.873817169063113
839,960,-0.509810471914774
839,1058,-0.490977380771014
839,1238,-0.48562939441545
839,1308,-0.802237322261174
839,1373,-1.03061476508585
839,1452,-0.937626723833699
839,1598,0.10395690077587
839,1646,-0.39864793571361
839,1675,-0.648157406890512
839,1893,-0.61384114511636
839,1966,-0.50329887935559
839,1988,-0.506558726537445
840,848,0.782980447026934
840,849,0.352639583471457
840,895,0.343469958328521
840,1002,0.327144021037909
840,1034,0.24555550894411
840,1124,0.622413875689904
840,1146,0.5997788147317
840,1175,0.518610450639429
840,1229,0.314736601112098
840,1438,0.651833865296623
840,1531,0.61376621575254
840,1631,0.756494859301762
840,1817,0.428853770760779
840,1862,0.533691574435393
840,1932,0.4650275218424
841,842,-0.539959010260775
841,843,-0.559623948279409
841,846,-1.0946991325277
841,847,-1.2950507775278
841,904,-1.2516400408252
841,921,-1.14088873771191
841,1146,-0.564739544865166
841,1347,-0.98718060458784
841,1364,-0.391969080138111
841,1456,-0.928992155133561
841,1559,-0.907192286069849
841,1580,-0.574232376292357
841,1585,-1.14191328028569
842,845,-0.317745352616097
842,849,-0.242341736048488
842,851,-0.385018285161741
842,852,-0.209334699282195
842,853,-0.542177710521635
842,855,-0.624028946087758
842,902,-0.214438327945912
842,1267,-0.488269836221385
842,1377,-0.378061609165139
842,1798,-0.310984291331624
842,1929,-0.173000923862763
843,844,-0.279487543968029
843,848,0.282841809561703
843,850,-0.350365970095173
843,854,-0.13729368408825
843,855,-0.465848180859058
843,856,0.367743980852671
843,927,0.22982183299888
843,1220,-0.186846966730864
843,1248,-0.349918441030936
843,1320,-0.574621616083757
843,1464,-0.178030359219315
843,1646,-0.127806817275278
843,1672,-0.0232152237881314
843,1761,-0.0106127307204443
843,1864,-0.153966468246815
844,849,0.160555915262596
844,854,0.132846654449392
844,861,-0.234276406234055
844,945,0.565270200834209
844,959,0.271248878132501
844,1100,0.339379543692803
844,1171,0.334484224537025
844,1188,0.228112248612202
844,1563,0.619771500248943
844,1777,0.28248707221711
844,1784,0.758579060305343
844,1858,-0.0483376639039825
844,1881,0.341479973052415
844,1890,0.591687294061296
844,1897,0.10892833107239
844,1930,0.327303320298368
845,846,-0.295911393371286
845,848,0.525233292677867
845,849,0.0638095941103226
845,853,-0.244960080613944
845,854,0.0460859860690863
845,855,-0.302274972340823
845,927,0.441758919955626
845,1158,0.313323133440155
845,1224,0.0435694542584963
845,1302,-0.19185804247843
845,1357,0.0135994851583528
845,1562,-0.320072298780394
845,1724,0.257375297948435
845,1728,0.0131292014205558
845,1934,0.536413060210629
845,1969,0.0120912973543892
846,847,-0.16626934604476
846,849,0.351070496859985
846,850,0.100972180368457
846,851,0.258468553231754
846,854,0.312128626772147
846,855,-0.0016296917903272
846,857,0.676640530084437
846,858,0.102537630181396
846,859,-0.105295517537316
846,913,0.294734259619165
846,1257,0.243302405886742
846,1499,0.608231187811663
846,1561,-0.0981641024847058
846,1884,-0.530469105751049
846,1896,0.199228659493388
846,1934,0.813261750927677
846,1944,0.945401610424989
846,1975,0.0466627134236504
847,854,0.469913606119087
847,1052,-0.0665085573811589
847,1081,-0.0511697151375873
847,1195,0.642284389437553
847,1308,0.122709624683126
847,1314,1.04639085223537
847,1366,0.613602004422543
847,1638,0.010689417348656
847,1885,0.562335122846205
847,1907,0.891442009176432
847,1977,0.247813839820823
848,849,-0.445817452659355
848,853,-0.721356819311933
848,854,-0.41523794260362
848,859,-0.875755127700906
848,861,-0.87639824775894
848,1261,-0.0802036442196223
848,1561,-0.951041981131464
848,1672,-0.331551421683059
848,1703,-0.825066801505125
848,1819,-0.63925522752577
848,1880,-0.827679306296845
848,1895,-0.315227623901822
849,850,-0.238309909167543
849,851,-0.115618978505247
849,854,-0.013311960771698
849,856,0.540068463775332
849,862,0.0317328540094449
849,991,-0.016821001671427
849,1181,-0.0726790802594504
849,1345,0.198987149719682
849,1663,0.117395113162407
849,1690,0.0998117609578088
849,1722,0.112295688201465
849,1728,-0.0512059670690466
850,854,0.204728309462406
850,857,0.559768100441837
850,931,0.430647691631711
850,936,-0.20568848375884
850,949,-0.181987118205125
850,1062,0.874245477500266
850,1266,-0.0104023228404421
850,1486,0.309299709943351
850,1518,0.0821199622241648
851,852,0.165553727995635
851,858,-0.148366794742049
851,859,-0.361945683903157
851,861,-0.313604041176414
851,862,0.147993071746813
851,992,0.287712874307835
851,1193,0.317306070103734
851,1221,0.383987657739901
851,1249,-0.534801447847947
851,1543,-0.0410596753458568
851,1731,0.265432660157664
851,1846,0.0828543889149654
851,1998,0.0593050618089614
852,853,-0.351584207850466
852,854,-0.0530899215268775
852,857,0.338295565029799
852,859,-0.503698431414068
852,865,0.0897762526462953
852,1009,0.29495228545636
852,1075,-0.190705179084998
852,1183,-0.0564796225721927
852,1229,-0.0874026251974857
852,1289,-0.572705259829147
852,1390,0.0261050148264886
852,1417,0.226553287346351
852,1430,0.441018799367062
852,1531,0.253973982808344
853,854,0.260585536028137
853,855,-0.0373524392995243
853,856,0.834274062089238
853,857,0.610013641538096
853,858,0.0622506095192352
853,861,-0.071901934764973
853,862,0.32054666042155
853,874,-0.224396585588413
853,895,0.290325839689904
853,911,0.346186365873906
853,1155,0.462408446564021
853,1197,-0.146469612040602
853,1223,0.142767229557541
853,1232,0.446768914695957
853,1319,0.30938030908425
853,1406,0.588801728170747
853,1412,-0.0202503039180822
853,1717,0.200309131845065
853,1760,0.254520675062181
853,1863,0.310535662780477
853,1941,0.420829649397825
854,857,0.350393605619864
854,861,-0.355846004582146
854,863,0.244394367488761
854,990,-0.117665303930595
854,1123,0.393270452295773
854,1169,-0.451551557174759
854,1370,-0.100811643225223
854,1393,0.29106758217945
854,1579,0.019923067854672
854,1586,0.368603593796074
854,1647,-0.154014633237161
854,1775,0.058505552122175
854,1886,0.407061687180544
854,1895,0.145410492034053
855,857,0.681583629876017
855,860,0.635075989159018
855,867,-0.220290519297905
855,1216,-0.0287729536240284
855,1246,0.23128466573766
855,1313,0.688785253599521
855,1492,0.816827999193762
855,1510,0.423764669473413
855,1550,0.584014484246187
855,1644,0.436499837941357
855,1915,0.129052944328984
856,857,-0.0769473844345161
856,859,-0.998626147738033
856,865,-0.445471959031986
856,866,-0.838185128262438
856,867,-1.13639143143185
856,869,-0.618369516744429
856,1099,-0.650981669241321
856,1224,-0.536647848971811
856,1508,-0.621377618221587
856,1529,-0.777564075894695
856,1746,-0.752189392733331
856,1837,-0.712017259150321
856,1848,-0.254229574616538
857,859,-0.74579906417182
857,861,-0.730111113422791
857,862,-0.327725426234379
857,865,-0.262286940590471
857,868,-0.698102793465972
857,940,-0.232007261848348
857,955,-0.251328402329338
857,972,-0.4687948645306
857,1230,-0.297625006418878
857,1252,-0.581106218258769
857,1257,-0.499533191919673
857,1425,0.0713472844496177
857,1480,-0.25250611378607
857,1509,-0.0083016553442305
857,1525,-0.197615117590591
857,1541,-0.663441232419877
857,1636,-0.797705741907545
857,1706,-0.245222200561823
857,1997,-0.315453141713696
858,865,0.395048795303035
858,867,-0.314833158051384
858,945,0.641772063004549
858,1080,0.12870754803645
858,1098,-0.191746311018953
858,1332,0.910944771374306
858,1559,0.125572651002813
858,1642,0.492856460225704
858,1763,0.168981233375952
858,1851,-0.207426592012217
858,1856,0.605123321085066
858,1938,0.413269176778043
859,860,0.706538447911304
859,862,0.464419644494606
859,864,0.248069678469223
859,867,-0.104611112786788
859,868,0.100461404655125
859,872,0.138123040676999
859,873,0.798265864988483
859,879,0.216920020692094
859,1022,0.635884830710903
859,1084,0.391198980625322
859,1150,0.0003522354946709
859,1504,-0.10465559513064
859,1537,0.564258430894589
859,1549,0.441622507533335
859,1658,0.292532325251363
859,1716,0.368677166388061
859,1758,0.647020880714523
859,1764,0.0527426194015037
859,1794,0.7648794529184
860,865,-0.173379855089305
860,867,-0.821606003362206
860,873,0.0934059216721075
860,936,-0.739716134469182
860,1018,-0.441035815501495
860,1231,-0.450338684531977
860,1514,-0.62118238955273
860,1534,-0.246146081837153
860,1552,0.162781747680387
860,1731,-0.169009918113938
860,1734,-0.35018401895753
860,1838,0.0231267632949919
860,1950,-0.857228012322875
860,1952,-0.577811562622241
860,1971,0.0032065854927515
860,1973,-0.0622641722888201
860,1987,-0.429292481989405
861,869,0.313548927377769
861,870,0.357936546000297
861,1027,0.365180176024672
861,1181,0.341189646798137
861,1401,0.496058147689903
861,1531,0.688119362785185
861,1568,0.106878754214213
861,1582,0.77149020888787
862,867,-0.57642804566184
862,869,-0.110631908962512
862,872,-0.382902825596474
862,885,-0.372483834736693
862,937,0.350926666676692
862,942,-0.123592408679032
862,1082,-0.0986034155757681
862,1221,0.213119291074344
862,1274,-0.185449048897566
862,1296,0.18879463721179
862,1353,-0.042371542930554
862,1374,0.178213843116245
862,1392,0.0808074087002204
862,1451,-0.546078567544841
862,1528,-0.10283302827352
862,1813,-0.105987306338818
862,1944,0.546589282590264
863,871,-0.830738109058412
863,872,-0.6619989854836
863,873,0.148967431446984
863,874,-0.814203569517325
863,1026,-0.283085501489502
863,1051,0.0482367359609259
863,1058,-0.310506389114424
863,1061,-0.164176750140749
863,1233,-0.559261770541757
863,1384,-0.584607593428754
863,1470,-0.722131615395339
863,1497,-0.27800731714749
863,1953,-0.40382296398732
864,866,-0.0383908843153217
864,869,0.145840031150087
864,871,-0.35697397816216
864,876,0.0343964653540721
864,1039,0.237326533015723
864,1050,0.138342959569697
864,1126,-0.682068511185455
864,1183,0.229905301011428
864,1476,0.751035349654002
864,1598,0.725366999792747
864,1894,0.680560229654988
865,870,-0.182574275535485
865,873,0.280485648875335
865,878,-0.219344558126019
865,929,-0.277757466390738
865,1066,-0.0007466431083521
865,1095,-0.286123839506407
865,1101,0.707036412421932
865,1214,0.489807271679747
865,1217,-0.0500935705334578
865,1334,0.0013087758732853
865,1431,-0.0755153927377765
865,1830,-0.0315863458605397
865,1902,-0.687942097891262
866,872,-0.087645056863482
866,873,0.644792127003274
866,875,0.156650593325491
866,878,0.149814005766289
866,1147,0.61146838651043
866,1237,0.350184229847016
866,1274,0.0927253708860734
866,1367,0.288563312827081
866,1603,0.263702554463199
866,1717,0.149202029412319
867,868,0.216407841642455
867,875,0.473592773507866
867,876,0.358988032496996
867,1048,0.683969351751028
867,1083,0.457926740313262
867,1476,1.01192867117498
867,1579,0.581595984772485
867,1778,0.844430188008896
867,1849,0.752645523150025
867,1896,0.422688317742184
867,1926,0.63977336511057
868,871,-0.195957586803358
868,876,0.169142342981282
868,877,0.52056085893909
868,879,0.125258896949453
868,917,0.696879742041982
868,1098,-0.0829321317909556
868,1113,0.616360094773934
868,1263,0.189348365334259
868,1337,0.784931089086146
868,1380,0.32622151594337
868,1418,0.409423015455665
868,1516,0.957557686774293
868,1564,0.427819878747837
868,1899,0.454672513470442
868,1942,0.351357601706694
869,874,-0.455411538276281
869,878,-0.0101347629969197
869,879,-0.161932319979902
869,1107,-0.281299406271461
869,1176,0.578195072468515
869,1295,0.0580682117749804
869,1330,0.307331034598205
869,1345,0.279247700535179
869,1377,-0.0542874355006757
869,1529,-0.120956062454387
869,1703,-0.324184993605286
869,1830,0.165071316467748
869,1858,-0.122058968542521
869,1889,-0.0834603547452126
869,1928,0.310738578170055
870,878,-0.0325695080022316
870,883,0.223672700223476
870,969,-0.084031013043367
870,984,-0.505870596009535
870,1164,-0.297580923948735
870,1205,-0.31699975657682
870,1289,-0.462158086944119
870,1297,0.221638448538498
870,1334,0.180370035649199
870,1416,-0.496790650023425
870,1557,-0.170711708729617
870,1883,-0.0322400624863785
871,873,0.915470006801119
871,877,0.702305341270126
871,880,1.04834516763222
871,1079,0.810758150879201
871,1099,0.404759818121112
871,1417,0.814573301274214
871,1419,0.200041602877539
871,1622,-0.204674044147691
871,1659,0.34241304877919
871,1753,0.648777295952967
871,1861,0.331454228370469
871,1866,0.629740448104508
872,876,0.145904762116554
872,878,0.232596804517025
872,882,0.618787354729176
872,883,0.513670256904165
872,992,0.546516884245116
872,1049,0.398146541032583
872,1155,0.55697613511156
872,1408,0.0783177159714323
872,1494,0.986208019915545
872,1744,1.0199189706601
873,875,-0.494677362721172
873,876,-0.532176569367185
873,877,-0.258625788781379
873,881,-0.107509018268549
873,883,-0.190572280572206
873,885,-0.688948859325591
873,886,-0.674448221049636
873,972,-0.500869531785585
873,988,0.0972770228473413
873,1013,-0.882798614953187
873,1068,-0.608679242904925
873,1072,-0.811252818660687
873,1126,-1.21895119224231
873,1190,-0.517029054781396
873,1512,-0.863192489431952
873,1914,-0.360567455732221
873,1958,-0.303592620227118
874,876,0.342040385695472
874,877,0.690355426807837
874,881,0.827823509007141
874,886,0.27453299453958
874,887,0.978730988509922
874,1119,1.06929181350041
874,1139,0.510809971684778
874,1220,0.518189566435622
874,1306,0.367680686452275
874,1354,0.361745843855852
874,1451,0.0056490508123933
874,1576,0.314186164138081
874,1595,0.72253960975696
874,1624,0.685248914554239
874,1656,0.364033182177768
874,1975,0.235822607258247
875,876,-0.0824764652681809
875,877,0.250844546796662
875,882,0.346306987714228
875,883,0.269282763006863
875,884,0.256813487165247
875,970,0.25377729195473
875,1048,0.231036931948751
875,1188,0.176519822100789
875,1235,0.169251903345702
875,1333,0.246058541935524
875,1349,0.370257018360097
875,1580,0.327814561213008
875,1853,0.38720005272237
875,1953,-0.0325455790742757
876,880,0.62848238419603
876,885,-0.172743189524214
876,1238,0.109571550130207
876,1244,-0.0446428719392445
876,1286,0.141449998994168
876,1296,0.384554925216164
876,1340,0.573707964369627
876,1419,-0.114713913589366
876,1476,0.63173890579827
876,1535,0.309399260841122
876,1564,0.237097494821867
876,1614,-0.182129754923757
876,1744,0.737848687600082
877,882,0.0993895588142034
877,924,-0.268816763013577
877,1049,-0.107624115871784
877,1057,-0.124244891166915
877,1078,-0.0413162296377451
877,1213,-0.0035837625745746
877,1245,0.312553235041687
877,1253,-0.309141719131453
877,1269,-0.259154607751861
877,1312,0.157463498287678
877,1371,-0.865158535161971
877,1616,0.159143029917297
877,1629,-0.399572636164348
877,1763,-0.227412617737621
877,1881,0.0488736030177461
878,885,-0.243990737920714
878,887,0.483953709219885
878,888,0.0111030230982288
878,890,-0.294916782179052
878,904,-0.388586886549687
878,995,0.0556871154964963
878,1055,-0.223915452996313
878,1058,0.0869982405799849
878,1168,0.411618431518719
878,1335,0.0778047569615614
878,1571,-0.28286009133732
878,1596,-0.0457843468607439
878,1699,-0.0755053547242566
878,1729,0.16209739109002
878,1747,-0.0644052523666174
878,1799,0.0629649833757316
878,1892,-0.154203908187107
878,1972,-0.014441895817501
878,1995,0.638134860480369
879,882,0.489344019268756
879,883,0.404880220410668
879,884,0.405909890166777
879,885,-0.131929009829264
879,888,0.148606184219307
879,891,0.484034921692488
879,892,0.494239356530485
879,1145,-0.0424276211100441
879,1385,0.179800420696182
879,1609,-0.121678533063524
879,1760,0.200007117319174
879,1812,0.325013106216368
879,1837,0.0941069831240257
879,1932,0.368979712808105
880,883,-0.260457367039788
880,885,-0.79525277947959
880,1041,-1.13624059289199
880,1108,-0.484054155370143
880,1251,-0.871906448762608
880,1419,-0.713468008398713
880,1446,-0.448938966446873
880,1508,-0.544138982604479
880,1564,-0.372464085506789
880,1607,0.298214100996774
880,1670,-0.394327016317358
880,1811,-0.262226700980253
880,1893,-0.671471634888687
881,882,-0.0548929803466707
881,886,-0.589240649696081
881,888,-0.331422149787201
881,892,-0.0499974423678654
881,916,-0.251198919941393
881,928,0.185720955746911
881,963,-0.25768411759416
881,979,-0.462629569972158
881,1080,-0.41205215532199
881,1122,-0.313671113522807
881,1165,-0.145054609060712
881,1233,-0.579764846000727
881,1405,-0.311813546214294
881,1581,-0.499712444274481
881,1624,-0.161725006637026
881,1888,0.0614969623219609
881,1975,-0.57140033613798
882,883,-0.046597246468044
882,890,-0.668211674787256
882,957,-0.515807942611734
882,977,-0.313324297077588
882,1030,-0.342825720560945
882,1069,-0.0635876714427489
882,1285,-0.870415288381207
882,1326,0.191106600628995
882,1458,-1.22618655355303
882,1718,-0.167680521126987
882,1767,-0.227992805484001
882,1790,-0.30306550957802
882,1904,-0.0497847613948006
883,888,-0.223315200824256
883,891,0.0207805764691429
883,945,0.220037969019692
883,1142,0.380193838214162
883,1206,-0.420816905150108
883,1228,-0.434765984635431
883,1243,-0.167764781922834
883,1376,-0.21362658926872
883,1411,-0.186586352193364
883,1428,-0.234353362620718
883,1624,-0.0463131145370445
883,1753,-0.0499771868567019
883,1777,-0.0406298959776844
883,1802,-0.187826089099199
883,1839,-0.128533745891373
883,1992,-0.557814407360753
884,1073,0.0317605281515403
884,1101,0.707911666014118
884,1217,-0.0515803905516133
884,1338,-0.557779313059351
884,1663,-0.0209829642213611
884,1790,-0.211039958705026
884,1823,-0.194881887880906
884,1888,0.226039033447456
884,1942,-0.183629873785604
885,886,0.0968399480280297
885,892,0.571516190976235
885,893,0.243509821698752
885,897,0.310059480331968
885,898,0.271352169255143
885,914,0.361893293819614
885,1038,0.015367162033664
885,1109,0.210209604713589
885,1125,0.0672790306035806
885,1142,0.880523583791343
885,1502,0.187526652701878
885,1509,0.732602167739279
885,1679,0.250837540706609
885,1746,0.21995678149227
885,1794,0.657163347881095
885,1800,0.790799280174281
885,1837,0.213144676115379
885,1843,0.200243399561287
885,1876,-0.139084159496136
885,1882,-0.0447917028366649
886,887,0.74713159401368
886,890,-0.136451359468983
886,891,0.534644152872207
886,893,0.167016198922003
886,895,0.282373714736583
886,939,0.535237970639432
886,1027,0.252704674432899
886,1130,0.871512766565307
886,1193,0.478965636750968
886,1218,0.174220799601764
886,1223,0.12581215665958
886,1257,0.181685455974254
886,1437,0.399180017790117
886,1480,0.418593124490517
886,1498,0.499748435070557
887,888,-0.461465054322831
887,890,-0.883582953482662
887,893,-0.527471079734424
887,894,-0.277045759662014
887,1103,-0.710509890353694
887,1138,-0.48521680572475
887,1232,-0.282340876862064
887,1290,-0.121023373399762
887,1538,-0.413309431778787
887,1575,-0.46187935408644
887,1803,-0.592136006591187
887,1868,-0.154378084595746
887,1996,-0.35158318477702
888,896,-0.216578890926781
888,897,0.0362022566051927
888,899,0.279799841221649
888,1043,0.346438110658968
888,1064,0.345454497654042
888,1185,0.383897560669413
888,1189,-0.0976487372783819
888,1225,-0.0548735053651204
888,1226,-0.264611125677481
888,1365,-0.179675001199623
888,1601,0.392850554824098
888,1608,0.155598974867502
888,1611,0.146411810121719
888,1711,0.289230800601762
888,1719,0.0515255060754689
888,1955,-0.172151156201035
888,1970,-0.305499049578589
889,893,-0.188999086171042
889,894,0.0925328330631318
889,895,-0.0725807826912431
889,899,0.175495350224933
889,900,-0.0396717930935322
889,922,-0.434033555725873
889,1173,-0.0583577000842514
889,1361,0.474403794535449
889,1400,0.193876714058579
889,1519,-0.653117494285307
889,1795,-0.427891227984199
889,1942,-0.119751001340664
890,894,0.592982640604177
890,895,0.410699751324864
890,899,0.648318372743619
890,901,0.310034172274329
890,902,0.379875603739519
890,903,0.276455208585356
890,1079,0.696467770809117
890,1117,0.523213948158454
890,1178,0.0769066902704846
890,1259,0.186651699709844
890,1322,0.44421843925905
890,1413,1.15963391382759
890,1468,0.521403669701329
890,1710,0.974526557845776
890,1935,0.294638699625922
890,1953,0.289359107998751
890,1965,0.849343279229661
891,894,-0.0462121617209947
891,896,-0.570859649466702
891,897,-0.252843866949317
891,901,-0.320504525672549
891,909,-0.186218596682551
891,1130,0.387981737528695
891,1485,0.157491584585457
891,1543,-0.346236238341605
891,1648,-0.303738765842071
891,1875,-0.314092252076894
891,1900,-0.357690407572041
892,894,-0.0784343283672086
892,896,-0.574563048980915
892,897,-0.274118117522081
892,900,-0.196566568315621
892,902,-0.211643086067754
892,904,-0.755966707601535
892,905,-0.306920617738407
892,918,-0.0456792213425632
892,919,-0.309192793497159
892,1157,0.105581455356388
892,1336,-0.343608865095016
892,1396,-0.167763208010773
892,1430,0.249242038475275
893,895,0.103843273596753
893,897,0.0665236628571494
893,899,0.326499595747281
893,900,0.131101080557413
893,1080,-0.007104784201684
893,1142,0.665503537462534
893,1162,0.884501651574332
893,1171,0.271805139149536
893,1179,-0.197436482015792
893,1347,-0.12633064847459
893,1497,0.067825540951886
893,1600,0.170259412912014
893,1609,-0.23789654211175
893,1619,0.115466877930435
893,1768,-0.236597301904928
893,1891,0.299402776797444
893,1962,-0.0781780059047922
894,903,-0.295968376334687
894,1057,-0.146243290980056
894,1143,-0.0959505035930258
894,1489,-0.224976456491161
894,1542,0.295323644220846
894,1573,0.16294179982842
894,1728,-0.215425457202874
894,1838,0.162184920729251
894,1845,-0.438195394772798
894,1848,0.11778986138028
894,1987,-0.308802375799619
895,897,-0.0395681404522601
895,899,0.225433179917151
895,900,0.0292531122598653
895,904,-0.503033666989012
895,906,-0.0979600208653585
895,907,0.250756094094509
895,996,-0.0832216899698025
895,1064,0.300727847723649
895,1110,-0.0589176535199999
895,1253,-0.170550862141936
895,1258,-0.0371489049760513
895,1320,-0.461619660088407
895,1575,-0.0315580353617909
895,1688,-0.0311845599363626
895,1741,-0.124103908747381
895,1924,0.324946688751572
896,897,0.280432708038184
896,902,0.296541336735433
896,905,0.255763020506277
896,985,0.868238291131306
896,1055,-0.0154929717297199
896,1113,0.574718163684457
896,1233,0.0203648857745183
896,1353,0.314361513613937
896,1401,0.422373018878717
896,1638,-0.181732050014044
896,1645,-0.154498288017624
896,1712,0.185584245111058
896,1991,0.262363805035392
897,901,-0.0628106556213885
897,902,0.0383033187861195
897,905,-0.0296494326522512
897,909,0.0714250732000404
897,1108,0.0123309899063346
897,1131,0.0603223556098075
897,1154,0.0648808067956275
897,1397,0.122915979518118
897,1439,0.241663054009017
897,1591,-0.0501988682205974
897,1831,0.288209657382031
897,1990,0.175037961628109
898,900,0.135504800132902
898,902,0.0986773528743218
898,903,-0.0374151544547651
898,904,-0.437916805968475
898,907,0.382835522200253
898,909,0.144906748607922
898,911,0.172949585072695
898,956,0.140654709018288
898,1039,0.110715466634916
898,1090,0.14939427874709
898,1438,0.444172921636447
898,1526,0.0034090084563158
898,1674,0.0359045636522228
898,1712,-0.0248236489291225
898,1923,-0.237270789555501
898,1942,0.0782088320228373
899,902,-0.20873873597047
899,905,-0.301350511257121
899,911,-0.155516159172944
899,912,-1.07985077689056
899,998,0.11749501670728
899,1017,-0.275365484976331
899,1200,0.0018671602274951
899,1309,0.257383248104516
899,1518,-0.370999993880696
899,1546,-0.441910277135356
899,1568,-0.474731932384912
899,1733,0.406154010142221
899,1817,-0.169866490496771
899,1906,-0.250484867226268
899,1947,-0.158320475840497
899,1954,-0.18990091460025
900,901,-0.130066471847939
900,902,-0.0262620565758879
900,903,-0.160034536710177
900,905,-0.0997400539730917
900,911,0.0349377132906208
900,1056,0.374269434899777
900,1168,0.31082947918011
900,1278,-0.20821137708845
900,1354,-0.179942825429692
900,1387,0.486596720941236
900,1469,0.250425443943197
900,1562,-0.385790979818576
900,1624,0.0966861794749836
900,1786,0.0024016563937594
900,1852,-0.134876820376789
901,905,0.0338928082771139
901,910,-0.0566524594778132
901,911,0.164721752948456
901,913,0.041867875514111
901,914,0.133221612482587
901,925,0.54071984878742
901,977,0.0340428668807801
901,999,-0.603233732030249
901,1130,0.657116375401367
901,1139,0.0676505139212794
901,1237,0.199746744448759
901,1269,-0.0220997641716973
901,1294,0.652863971248205
901,1416,-0.432256289428629
901,1590,-0.159438783152057
901,1732,-0.0011245917564178
901,1809,-0.0876217244155276
902,915,-0.189586406919209
902,1057,0.0166382224542867
902,1107,-0.339513851798577
902,1137,0.413308548931404
902,1186,0.395734008564233
902,1227,-0.271572816803872
902,1232,0.136588833278118
902,1306,-0.200942187727331
902,1323,-0.0273582988509206
902,1363,-0.239179125267958
902,1414,0.296395414423744
902,1419,-0.261241905279106
902,1442,0.294900839779065
902,1495,0.11982088454487
902,1845,-0.250096776816199
902,1897,-0.0351505497534856
902,1905,-0.201667428819373
903,906,0.0389689015808612
903,908,0.655349280186959
903,911,0.194044771080843
903,912,-0.71864265862955
903,937,0.524079464075134
903,968,0.519624393545367
903,1098,-0.300047197698963
903,1119,0.670880168643965
903,1170,-0.0771888782999153
903,1282,0.332906048528649
903,1364,0.47541810413254
903,1690,0.232642712251769
903,1931,0.0636020913899649
904,908,1.05038721371739
904,913,0.465237108699328
904,915,0.308659623737691
904,917,0.824518305797858
904,932,0.619026443511523
904,970,0.665110238106275
904,978,0.510089077609376
904,1122,0.423028226019759
904,1249,-0.0840461927834371
904,1304,0.46688257904482
904,1555,0.611810327731889
904,1717,0.433781867530786
904,1745,0.175377962884999
904,1785,0.220169488081933
905,908,0.592362868675942
905,912,-0.798117059049515
905,1075,-0.0723352644760545
905,1298,-0.0721919492031298
905,1342,-0.337229924600671
905,1401,0.179593451277429
905,1481,-0.460160708778179
905,1536,-0.233177079070874
905,1571,-0.336692482262639
905,1679,-0.0370771478713258
905,1756,-0.729722389142073
905,1768,-0.286638808075751
905,1903,-0.0994120239272642
906,908,0.635228173125323
906,909,0.134113685126022
906,910,-0.0648372877327675
906,914,0.130082955136934
906,940,0.229387250125841
906,1051,0.388068371073869
906,1096,-0.480676457344616
906,1143,0.164144277442828
906,1211,-0.155399580417122
906,1290,0.381229423725508
906,1316,-0.237094653322961
906,1378,-0.110168459114869
906,1447,-0.183993316501608
906,1619,0.10930164735605
906,1659,-0.122313027491438
906,1691,0.583888412805567
906,1749,0.535536664112054
906,1842,-0.321648742955933
906,1915,-0.114499913821514
907,911,-0.177987821755085
907,913,-0.33076843990999
907,914,-0.201734521209457
907,915,-0.457052973209975
907,917,0.0846898165787988
907,918,-0.0693479625666844
907,920,-0.429559831128664
907,977,-0.339216912248097
907,1029,0.0493405767915493
907,1077,-0.457506398189478
907,1099,-0.370891840084464
907,1246,-0.390075129022507
907,1299,0.0138647050792846
907,1356,-0.349064296312764
907,1515,-0.568769910742289
907,1781,-0.378664111769391
907,1825,-0.185331271825658
907,1862,-0.0694851202782687
907,1908,-0.232187439156227
907,1918,-0.81384147366513
908,912,-1.43757566364243
908,959,-0.417646881425173
908,967,-0.994298786419478
908,999,-1.30266761282686
908,1096,-1.04787936643566
908,1104,-0.754395696045008
908,1490,-1.17764978838546
908,1496,-0.990161645359954
908,1588,-0.86779055240218
908,1602,-0.541170939466319
908,1667,-0.938255399544823
908,1723,-0.283786211354391
908,1927,-0.41353650753295
908,1929,-0.463555085572848
908,1950,-1.11850658416613
909,910,-0.202024311968345
909,911,0.0396120098804694
909,913,-0.0973970272133758
909,934,-0.209363997884261
909,991,-0.0453745969965656
909,1023,0.229876627161102
909,1105,0.163137457307483
909,1113,0.232124556446944
909,1346,-0.0393972095489398
909,1424,-0.0927493333355686
909,1442,0.305556643242426
909,1911,-0.0365506675487052
909,1992,-0.461271806834221
910,913,0.10462728475497
910,919,0.103621043523527
910,920,0.0006957548732282
910,1131,0.198485174326941
910,1242,0.228468093832934
910,1376,0.123588333936103
910,1414,0.495142204796566
910,1457,-0.0789048154761577
910,1535,0.307706423547914
910,1720,0.659996071648118
910,1897,0.113299113237987
910,1920,0.454555984697625
911,918,0.114349803475036
911,931,0.127918315241626
911,940,0.062584952538959
911,984,-0.589981293036254
911,1010,-0.219048093754364
911,1242,-0.0110215218932846
911,1438,0.240217789028971
911,1791,-0.0839471634791203
911,1873,-0.425094591785969
911,1913,-0.292977548712091
911,1928,0.154383195849203
912,922,0.491136268375442
912,953,0.728294699200779
912,1034,0.765823780204137
912,1101,1.61428598893219
912,1120,1.29717373306974
912,1262,0.918770368841076
912,1292,0.307352533517144
912,1539,1.49668203044451
912,1766,0.986388016609215
912,1939,1.24426967365789
912,1952,0.578761811590598
912,1990,1.00785442207715
913,915,-0.142311476813124
913,921,-0.364015425709311
913,924,-0.0750544884318653
913,925,0.524413121837859
913,940,0.199457447405499
913,1196,-0.23661158166723
913,1362,0.153509810957785
913,1433,-0.314983688909328
913,1633,0.0026210316094432
913,1680,0.0560780838137574
913,1724,0.258552431700555
913,1833,0.295134128210077
913,1834,-0.408840594636642
914,915,-0.22744115182961
914,923,0.28531256742014
914,926,0.210922327323453
914,1068,-0.252531344089963
914,1093,0.360412001234964
914,1124,0.23628344546952
914,1141,0.163155843252233
914,1257,-0.158959782938636
914,1287,0.109091288394404
914,1437,0.0752443852624979
914,1449,-0.13541591296387
914,1559,-0.158610086694773
914,1628,0.0148224015486993
914,1681,-0.334177544595758
914,1714,-0.0711386173679738
914,1764,-0.425117044940578
914,1806,-0.497969121675857
914,1854,-0.20585234641743
914,1934,0.385793028376851
915,916,0.255582584909892
915,917,0.524511117439517
915,920,0.0459362750429775
915,921,-0.211798520048484
915,922,-0.137802914609232
915,926,0.468462172021315
915,952,0.541705037502562
915,1023,0.453004350104531
915,1050,0.112982218297959
915,1071,-0.0311730350642395
915,1267,-0.0163447317412181
915,1285,-0.419310348068699
915,1870,0.2988636104931
915,1902,-0.308381512549862
915,1953,0.0699861419053519
915,1957,0.0096124268818558
915,1985,0.167143008862855
916,917,0.301141085176082
916,918,0.148836377569849
916,923,0.315942590859119
916,926,0.236610239790888
916,950,0.3173321724092
916,1113,0.219935474455065
916,1171,0.130898222887418
916,1196,-0.352188542027612
916,1307,-0.359751468674442
916,1323,-0.0795282481024329
916,1335,-0.0627168808446383
916,1348,0.291143891340247
916,1862,0.1499090334229
917,925,0.124887043381091
917,928,0.118875637773004
917,930,-0.859260814961355
917,973,-0.232422234402468
917,1107,-0.703119043661561
917,1159,-0.282906414287118
917,1324,-0.0581908766174029
917,1325,-0.557220849557207
917,1336,-0.437622914930731
917,1352,-0.238311604945755
917,1526,-0.390549642274379
917,1531,-0.0530505537223009
917,1532,-0.97420307224559
917,1768,-0.67615594931461
917,1795,-0.649189329814169
917,1845,-0.5962714339639
917,1912,-0.352966548240237
918,919,-0.257392114836375
918,922,-0.521353959775343
918,925,0.272198108772086
918,927,0.19866745060556
918,931,0.0173641061413417
918,1039,-0.192826490906757
918,1237,-0.0791938978325754
918,1334,-0.0565102541785813
918,1508,-0.256326021996426
918,1707,-0.156669304609666
918,1729,-0.121898564200706
918,1744,0.383262288970391
918,1783,-0.38520465747435
918,1928,0.044674474451235
918,1966,-0.269170374091889
919,920,-0.102925288650299
919,923,0.414025778755221
919,926,0.342904142902263
919,928,0.527937486577268
919,929,-0.0785848005216095
919,931,0.272830802015047
919,1023,0.324579920804463
919,1181,-0.0059436244789706
919,1337,0.472706057582615
919,1590,-0.209374255901256
919,1673,0.119613709101547
919,1792,-0.240137174339042
919,1824,-0.407110741992731
919,1951,-0.167678127209597
920,925,0.610022830784667
920,926,0.442520828552499
920,927,0.529416784082735
920,930,-0.368597447962252
920,1045,0.111422566777564
920,1152,0.724773377462247
920,1406,0.473745777060691
920,1491,-0.150090049464488
920,1698,0.34875166032725
920,1781,-0.0151275379983975
920,1935,0.0391118536076281
920,1936,0.0368844119766382
921,923,0.725890455512039
921,925,0.822577045122754
921,928,0.843161847796558
921,931,0.608878395724883
921,934,0.25204415739171
921,1259,0.193781215294388
921,1297,0.591132453986681
921,1608,0.478909057943758
921,1759,0.665895170807136
921,1797,-0.0656458982787395
921,1857,0.862299808356394
921,1891,0.62391025504281
921,1914,0.47264190570614
922,923,0.651038666717848
922,924,0.191057517213445
922,928,0.764666863236042
922,930,-0.149913059985217
922,931,0.530389595455132
922,933,0.536771534452604
922,986,0.65213740914582
922,1045,0.29156490712542
922,1270,0.852602624142055
922,1331,0.150726435937532
922,1408,0.0911019113982564
922,1614,-0.0280596319809891
922,1624,0.475113910287256
922,1846,0.302754593589035
922,1857,0.788572952953078
922,1876,-0.175436074303426
922,1904,0.497765351866534
923,924,-0.456946293091266
923,932,-0.271473220028536
923,933,-0.144477174183403
923,934,-0.515170121558128
923,969,-0.476671243741924
923,1160,-0.146899129662642
923,1189,-0.513730021505732
923,1253,-0.497965133583238
923,1311,-0.594422267868313
923,1314,0.150988994333036
923,1342,-0.730104357385573
923,1382,-0.0407841519682087
923,1458,-1.26242246423601
923,1567,0.053408229248797
923,1619,-0.3245986799799
923,1822,-0.320170927013901
923,1842,-0.717872312512452
923,1846,-0.354570285197729
924,925,0.555246606470328
924,926,0.3900262041524
924,929,0.0030767325301585
924,935,-0.163087471723949
924,936,-0.304856307074401
924,1099,0.0139250968015496
924,1106,-0.0840541777950376
924,1125,-0.149629759652569
924,1131,0.158436097157061
924,1188,0.197778824633842
924,1231,-0.0552636251910898
924,1249,-0.435397359336707
924,1296,0.345696206457293
924,1458,-0.780375178232483
924,1493,-0.359723046849828
924,1542,0.571542315798523
924,1556,0.113507950762222
924,1749,0.543457679084641
924,1806,-0.329138074527278
924,1897,0.0917763706596557
924,1988,0.0693284333495299
925,929,-0.564739383984728
925,931,-0.254912403832176
925,935,-0.747954328278005
925,944,-1.01128692040716
925,984,-0.956217105894256
925,1055,-0.777583018267314
925,1177,-0.414710498090544
925,1193,-0.272372100558619
925,1270,0.0123998460144908
925,1350,-0.411238482562272
925,1590,-0.642440546801977
925,1660,-0.629651034336343
925,1768,-0.7816203667761
925,1796,-0.864199834703995
925,1837,-0.599380318719355
925,1886,-0.0686506134295493
926,928,0.196987062523232
926,929,-0.398445605462097
926,931,-0.0618835439829031
926,932,-0.188170995200843
926,938,-0.735290936978574
926,939,-0.0592421777220048
926,997,-0.62340726016734
926,1049,-0.243567959721507
926,1053,-0.990250618824242
926,1161,-0.202473511834822
926,1528,-0.342732842251058
926,1602,-0.288137501405317
926,1664,-0.489919702548212
926,1991,-0.341689953852942
927,928,0.0566823520538558
927,929,-0.490985012726627
927,935,-0.667605332139658
927,937,-0.0144778112747974
927,940,-0.236647630684131
927,1261,-0.0476203051205447
927,1286,-0.378933432650385
927,1287,-0.251356526267171
927,1331,-0.499726212823702
927,1378,-0.549118668090993
927,1473,0.0270743474466004
927,1593,-0.437528710044816
927,1638,-0.80067724038789
927,1660,-0.558001747183281
927,1780,-0.790856731261522
927,1902,-0.841224426314839
927,1920,-0.112575416919445
927,1949,-0.395710851186849
928,930,-0.987936286260623
928,940,-0.305868069211503
928,1024,-0.700465818617343
928,1262,-0.390799724542996
928,1278,-0.644852423581537
928,1358,-0.38628868118903
928,1615,-0.198955521077899
928,1642,-0.253705178227395
928,1715,-0.380915375363543
928,1785,-0.638656101247764
928,1842,-0.834042426961695
928,1911,-0.466593696633629
928,1938,-0.255495898147168
929,931,0.333262477398568
929,934,-0.0316328363164857
929,938,-0.317203237886524
929,939,0.360506571822928
929,940,0.258561498782375
929,942,0.0406251061880297
929,1007,0.0875162194654332
929,1016,-0.578912934059809
929,1139,0.100226382976765
929,1233,-0.151039788155286
929,1531,0.407453987603352
929,1822,0.155788105624809
929,1841,0.0372705730938209
929,1907,0.477283597566755
929,1971,0.407483442352601
930,931,0.737703319980141
930,932,0.641532628891987
930,935,0.199838795980368
930,936,0.0484789708052041
930,939,0.790944452000232
930,994,0.998653314835866
930,1365,0.212645287313429
930,1388,0.443488166503151
930,1466,0.331039428456149
930,1526,0.38701883295657
930,1716,0.447655861252611
931,935,-0.519474723638212
931,936,-0.664495846046933
931,937,0.184161165746442
931,941,-0.648815067458491
931,1457,-0.42568375669114
931,1477,0.0600631142903653
931,1482,-0.585542146026251
931,1537,-0.0496880796348504
931,1662,0.0382368413738087
931,1858,-0.399600799155693
931,1916,-0.649165198868823
931,1944,0.382409150118346
931,1950,-0.788812013216732
932,934,-0.270320315025567
932,937,0.314431916681501
932,940,0.0505806615901845
932,944,-0.735847141822591
932,954,-0.0602027733926817
932,1199,-0.254306148996527
932,1322,-0.112789139948002
932,1431,-0.0320827523914981
932,1459,0.349851739532886
932,1735,0.0118775259216888
932,1774,-0.40955794607548
932,1796,-0.568474487953532
932,1825,-0.01220403352178
932,1828,0.0129869859580568
932,1999,0.209053207767219
933,937,0.176429756991752
933,938,-0.671130679578911
933,939,-0.0011860790317263
933,944,-0.822665264383642
933,945,0.19878329255098
933,965,-0.0986716104273584
933,1227,-0.506703565578045
933,1235,-0.157343182642771
933,1347,-0.452102812532719
933,1411,-0.230336732895394
933,1543,-0.329820616429614
933,1546,-0.424447177034328
933,1670,-0.161442583839089
933,1906,-0.231005107098625
933,1933,-0.307486399287426
933,1975,-0.490921783931032
934,940,0.300366469757172
934,981,0.458497593975371
934,1227,-0.129341491330887
934,1330,0.411430718892852
934,1339,0.428198223088333
934,1508,0.109497993876483
934,1620,-0.387486929122482
934,1638,-0.319894534613071
934,1762,-0.0890525066573132
934,1766,0.271166431616877
934,1896,0.0135795997949649
935,936,-0.147405178502977
935,938,-0.154367393417426
935,939,0.558869481017734
935,945,0.723404702355307
935,1028,0.74436861816077
935,1091,0.0408450305174505
935,1097,0.169047621416096
935,1408,0.0574449903196454
935,1449,0.20046234183956
935,1617,0.702561706613827
935,1710,0.863283208977247
935,1731,0.473032687957282
935,1770,-0.120958048353698
936,940,0.575972880147187
936,946,0.171956391063284
936,949,0.0152388254758784
936,1056,0.909736510595139
936,1112,0.358865328365621
936,1336,0.396038026850304
936,1423,0.748863661718498
936,1640,0.177439851777297
936,1699,0.284888940985922
936,1700,-0.149645675815597
936,1888,0.783843578672891
936,1896,0.314539760445319
936,1932,0.582935808827335
937,940,-0.240905018561508
937,941,-0.852979460255426
937,944,-1.00053423027253
937,945,0.0265526960754823
937,949,-0.804113904306189
937,1007,-0.43677423454947
937,1250,-0.461454890948929
937,1263,-0.548587131021815
937,1334,-0.251831899666932
937,1434,-0.57981956581095
937,1634,0.0443390691009429
937,1645,-0.841550576742517
937,1721,-0.17151943952364
938,941,0.0425094393271835
938,944,-0.203513193772439
938,947,0.375955673761226
938,950,0.801208055861436
938,1053,-0.254959681845668
938,1082,0.403916992882426
938,1086,0.959451127750577
938,1125,0.1532133871615
938,1286,0.412933078324456
938,1304,0.4121525794333
938,1488,0.806711261321881
938,1713,0.426739424862305
938,1717,0.376716432221068
938,1937,0.476976598978416
939,940,-0.0748364861817367
939,943,-0.218262517369854
939,945,0.208805443280093
939,1133,-0.167627224363402
939,1168,0.144890526232116
939,1245,0.235483142580494
939,1516,0.347519025683793
939,1528,-0.300075035519394
939,1554,-0.014982174462531
939,1884,-1.10024502946717
940,952,0.182225673007167
940,1077,-0.318702580618324
940,1083,-0.241493076474211
940,1109,-0.283607889418782
940,1246,-0.253881798336011
940,1424,-0.188037249984341
940,1480,-0.0127404053519059
940,1583,-0.179435233097945
940,1745,-0.451854545746534
940,1841,-0.240557300505244
940,1850,-0.09506689498159
941,946,0.143700828984053
941,947,0.349914162539401
941,948,-0.0269890533831881
941,951,0.688895740858965
941,952,0.813469062736279
941,953,0.304285001491654
941,968,0.86192012856577
941,988,0.938394308376134
941,1331,0.227754916415231
941,1568,0.143869046463078
941,1569,0.637605484578577
941,1604,0.326910164808199
941,1869,0.743022815006027
942,989,0.143563219042493
942,1197,-0.364986747337399
942,1234,0.186129061808437
942,1263,-0.0689877699805784
942,1298,-0.0475055959461807
942,1349,0.347533065929101
942,1414,0.410949462961486
942,1549,0.088178534086056
942,1776,0.262437369326402
942,1879,0.213299840371898
943,946,-0.306365182964644
943,947,-0.0916365614633151
943,953,-0.15063458963797
943,1114,-0.241889372447926
943,1256,0.374063801130231
943,1823,-0.0650470119051218
943,1897,-0.0536881542118692
943,1926,0.0419189282394224
944,946,0.358822138352069
944,947,0.545178252329446
944,948,0.215886094549739
944,949,0.217495590586896
944,950,0.941933948833698
944,955,0.768461338033508
944,1089,0.67370693710159
944,1273,0.383837198598925
944,1481,0.144718314373803
944,1549,0.635425005429632
944,1621,0.996051752933024
944,1730,0.302373666844207
944,1753,0.725369293500941
944,1847,0.838114155997416
944,1936,0.511851554094954
944,1971,0.877474882794436
945,946,-0.670999884748397
945,947,-0.464998916923631
945,948,-0.849609729725248
945,951,-0.203805575706953
945,952,-0.0988067276564286
945,957,-0.67287549942603
945,962,0.0414932966141219
945,1250,-0.475001747554629
945,1251,-0.778867577398523
945,1263,-0.560296536748998
945,1526,-0.463030765543854
945,1557,-0.595466178768998
945,1638,-0.861890931450019
945,1748,-0.254296065564251
945,1773,-0.18342312574405
945,1898,-0.410831993487007
946,949,-0.146041862770052
946,952,0.614371190772765
946,954,0.318047509357198
946,956,0.302803533211931
946,1032,0.171747095347082
946,1099,0.149238397398405
946,1184,0.343629226945858
946,1202,-0.0218153783463008
946,1272,-0.129763061040389
946,1283,0.146044716989052
946,1290,0.542026363339657
946,1585,-0.121434615651331
946,1651,0.0950735799739677
946,1753,0.386931285059287
946,1908,0.278688891894191
947,949,-0.340077221983933
947,950,0.40443126334105
947,951,0.287780478931967
947,953,-0.0509031489069941
947,954,0.105493238229042
947,956,0.099013048741263
947,958,0.281903022752369
947,960,0.0176362425475391
947,1135,-0.398041374227007
947,1158,0.306489574737181
947,1445,-0.119170358070757
947,1739,-0.114852308619084
947,1801,0.0603988983502625
947,1817,0.140523771634099
947,1914,0.111017114642569
948,949,0.008812779287433
948,958,0.645851793644556
948,959,0.56507772456328
948,961,0.74995166924294
948,1018,0.341788459084999
948,1121,0.299602467896602
948,1233,0.152095937934039
948,1377,0.310270587348651
948,1437,0.550833953984764
948,1517,0.45051254831642
948,1539,1.06390238951916
948,1565,0.0548640519827306
948,1972,0.347385590538511
948,1974,0.681121991210134
948,1992,0.0329664831140069
949,950,0.748932647125217
949,951,0.6516646909887
949,958,0.613578261848329
949,1001,0.197626134900623
949,1025,0.558460614615151
949,1088,0.478342475179929
949,1213,0.542753668663706
949,1388,0.342520700136677
949,1415,0.214695720423207
949,1429,1.06129391069442
949,1487,0.846987054031743
949,1602,0.409185840281628
949,1609,0.084679429115016
949,1665,0.485139750194866
949,1797,-0.049267573601213
949,1816,0.548753966738016
950,954,-0.331440832117349
950,955,-0.222320159032079
950,959,-0.246973587666975
950,1019,-0.273382117042562
950,1138,-0.389316622161233
950,1172,-0.459375527651355
950,1281,-0.49018735279
950,1362,-0.247137852257975
950,1421,-0.568515757926639
950,1513,-0.883105549525151
950,1515,-0.647116166723458
950,1670,-0.288855613017404
950,1698,-0.151436872221757
950,1723,-0.114621241065449
950,1863,-0.32456017420426
950,1940,-0.576027606565988
950,1960,-0.141607098229036
950,1965,0.0781428440063433
951,953,-0.350091710182089
951,957,-0.512128813050995
951,958,0.0179789970328962
951,960,-0.301178859054198
951,962,0.247752681402496
951,1006,-0.493716000381038
951,1068,-0.465483214088597
951,1198,0.0300052820570412
951,1445,-0.47328495348724
951,1817,-0.157457292217351
951,1847,-0.024739803769134
951,1887,0.110907347932707
952,958,-0.0866197326009818
952,965,-0.221162254126556
952,1018,-0.509252369174509
952,1203,0.0689402395231122
952,1299,-0.0532547664728469
952,1418,-0.287001355288639
952,1430,0.166090003276806
952,1532,-1.03462109561575
952,1599,0.090764047150058
952,1653,-0.30276098335663
952,1747,-0.511439797694111
952,1770,-0.723218702592953
952,1785,-0.550017385264785
953,956,0.154267807087456
953,958,0.337843782504634
953,962,0.570138985064685
953,1033,0.069447884627752
953,1157,0.474132627107463
953,1181,0.0572107137533127
953,1209,0.27446041221845
953,1215,0.397087973355783
953,1343,0.360165357069274
953,1424,0.0679666105025868
953,1460,0.0319491982565349
953,1463,0.0728053451536242
953,1675,-0.141428845181662
953,1879,0.246354002845471
953,1936,0.0074245359422319
954,957,-0.337617323844807
954,958,0.199740183029699
954,966,-0.748521734336586
954,967,-0.521334830902383
954,1186,0.428394495159754
954,1259,-0.212366191519408
954,1313,0.328861792166206
954,1371,-0.768596575283176
954,1440,-0.0748416148982713
954,1624,0.100391588472565
954,1756,-0.868862027817864
954,1901,-0.174823426100388
955,958,0.0980960651682894
955,959,-0.0257603944051806
955,961,0.154943714262583
955,962,0.328189192949205
955,963,-0.103220814761412
955,966,-0.829115249704378
955,988,0.357859744609009
955,1343,0.0922006495797545
955,1413,0.53614296752867
955,1541,-0.476277936309466
955,1974,0.0763177395750196
955,1989,0.127474066978156
956,959,0.0762931322728223
956,963,0.0006426287017534
956,964,-0.0195193918787968
956,966,-0.706778826561058
956,967,-0.491165642955831
956,1096,-0.581730394616736
956,1113,0.221931414964881
956,1188,0.0364699699253654
956,1445,-0.243232059542067
956,1501,-0.183401045891043
956,1545,0.0485215906451002
956,1654,-0.437635818323554
956,1760,-0.088759166201032
956,1934,0.420913279601427
957,964,0.331549919338561
957,1120,0.705203893129723
957,1126,-0.502765372246364
957,1182,0.500727279597395
957,1234,0.392091496012778
957,1287,0.465746664467639
957,1372,0.597305750700981
957,1400,0.534112542964982
957,1426,-0.205847214931314
957,1484,-0.374410232843387
957,1589,0.519133368665717
957,1791,0.256952783120618
957,1805,-0.189818656571727
957,1955,0.0367598544788222
957,1978,-0.153068035284549
957,1982,0.448300393361757
958,959,-0.121762024590407
958,962,0.209160766735064
958,963,-0.194183772643321
958,969,-0.347568460391556
958,971,-0.0466372271610686
958,1037,-0.308808635973908
958,1128,-0.537644256459522
958,1240,-0.252255033887874
958,1434,-0.400862393555788
958,1548,-0.282913830865899
958,1640,-0.476218327507886
958,1643,-0.72629110348439
958,1725,-0.268883169373402
958,1765,-0.723203231538907
958,1811,-0.0463411971846345
958,1959,-0.15314590893029
958,1985,-0.269842428520913
959,960,-0.176856860630056
959,965,0.0166499435157472
959,972,-0.248332993812994
959,979,-0.289352050278317
959,1501,-0.26693666061777
959,1529,-0.319368145260803
959,1579,-0.107006144520438
959,1735,-0.0069874646333003
959,1823,-0.15793299793103
959,1829,-0.0183228752853629
959,1849,0.103920336840273
960,966,-0.664904109438462
960,972,-0.0954923581086086
960,976,-0.320772217699816
960,1076,0.78103937615088
960,1084,0.0038925269833107
960,1164,-0.298137636507469
960,1322,0.053089628847763
960,1517,0.0325345105023281
960,1673,0.117629215274986
960,1826,0.15442025576869
960,1829,0.149739366306172
961,963,-0.259524784850734
961,964,-0.300884114403643
961,966,-0.992363736234184
961,1452,-0.815421998927706
961,1484,-0.969724010099333
961,1583,-0.352829378395981
961,1622,-1.03751647944625
961,1633,-0.334000433068951
961,1674,-0.322700500600177
961,1686,-0.347648162271514
961,1772,-0.640273992214874
961,1858,-0.487858930159193
961,1951,-0.525672602909708
961,1957,-0.487633805242645
962,963,-0.427639841479842
962,971,-0.261656803646855
962,972,-0.57105152801989
962,973,-0.346687280477008
962,975,-0.391521995518011
962,1127,-0.496612659911487
962,1252,-0.70519407541836
962,1362,-0.348639669361312
962,1415,-0.666544588087702
962,1475,-0.974322968363217
962,1533,-0.503431118989118
962,1606,-1.06223314080546
962,1654,-0.83543560008624
962,1747,-0.618410283184774
962,1916,-0.876346170830068
962,1954,-0.407560434691915
962,1987,-0.600175912550843
963,965,0.0971169006910179
963,967,-0.506542153600833
963,968,0.354590763391799
963,969,-0.167724527183972
963,970,0.108257553455891
963,974,-0.447354658228207
963,1008,-0.582917856276794
963,1126,-0.898869060482368
963,1169,-0.542919977029542
963,1221,0.223876881575553
963,1611,0.0551389388606661
963,1871,-0.119910804774101
963,1897,-0.0654968325269416
964,970,0.139881257627727
964,971,0.178698490281273
964,972,-0.171135812922519
964,973,0.0825476004235017
964,1330,0.231440047220081
964,1393,0.309848136284782
964,1436,-0.208880021692751
964,1454,-0.174757684969973
964,1608,0.0786938447494359
964,1708,-0.299834894750398
964,1815,0.0899475427499806
964,1981,0.524346203909491
965,966,-0.855132995160597
965,967,-0.62231016766675
965,970,0.017774051401864
965,971,0.066700011712664
965,976,-0.517701349351355
965,978,-0.0878281934870878
965,1024,-0.405297954386338
965,1310,0.227625335499958
965,1436,-0.307153495236972
965,1487,0.30479902724047
965,1493,-0.629480460173132
965,1661,0.250796932211275
965,1700,-0.755237422670726
966,970,0.843284966229816
966,971,0.838518393664231
966,975,0.747888174527657
966,978,0.66739861955624
966,986,1.01381475493615
966,1098,0.244948178584525
966,1114,0.43809472566923
966,1374,0.90265718130077
966,1525,0.914903471535485
966,1645,0.20975564964602
966,1725,0.673940226357682
966,1750,0.906260762464655
966,1751,0.574370394240324
966,1781,0.457704851628316
967,970,0.614922670809464
967,971,0.624431962605118
967,973,0.539401485774966
967,979,0.28109865195688
967,1032,0.36363011597742
967,1056,0.900174507485968
967,1093,0.889092746495542
967,1302,0.203009935165145
967,1343,0.720453801824702
967,1495,0.614198317318565
967,1754,0.347163733863485
967,1875,0.36818063942561
967,1876,-0.0449386829628508
968,972,-0.517213042152931
968,973,-0.272722967895097
968,976,-0.772036357962317
968,1075,-0.516004393618894
968,1161,-0.313905028123128
968,1210,-0.741251324610264
968,1294,0.204664746070603
968,1408,-0.595028678113647
968,1520,-0.5251651696258
968,1813,-0.484138049670345
968,1846,-0.395313900192679
968,1966,-0.465848412442522
968,2000,-0.0215541669005732
969,977,0.0617499566712602
969,978,0.149905337265128
969,979,-0.0590989035427803
969,980,-0.263110620523272
969,1064,0.431615938295086
969,1074,0.215391200962742
969,1391,0.621388328447567
969,1470,-0.332010302753518
969,1563,0.606078842135221
969,1599,0.517561954224942
969,1819,-0.0333102866055127
969,1922,-0.0041687566668499
969,1935,0.0079276646596912
969,1959,0.186501553295816
969,2000,0.496343736351213
970,1218,-0.240346050180451
970,1224,-0.147571686169553
970,1277,-0.481007587256389
970,1347,-0.389811523603047
970,1576,-0.336963788109897
970,1645,-0.604510255862122
970,1810,-0.274872997792754
970,1926,-0.0886397851316539
971,972,-0.304424322980854
971,973,-0.0836637489255483
971,976,-0.530310300664898
971,978,-0.133069369874702
971,979,-0.34670579810771
971,983,-0.249009745498477
971,984,-0.706512935427262
971,1013,-0.671263661864171
971,1033,-0.244343573631164
971,1117,-0.0862054974856885
971,1442,0.133229743197953
971,1471,-0.352572543682102
971,1514,-0.507217068309249
971,1565,-0.584731992432195
971,1757,0.273789136247626
971,1805,-0.669444626965509
971,1884,-0.991515970380628
971,1960,0.0307496228265933
972,974,-0.25453956554213
972,975,0.201458245317262
972,978,0.157433070535155
972,1087,0.359608399820712
972,1101,0.882169572200882
972,1330,0.367478124148726
972,1372,0.449783803515972
972,1411,0.117558234395465
972,1459,0.554295351404371
972,1720,0.603555908484373
972,1766,0.234162877952639
972,1781,-0.0275535751688355
972,1826,0.223456839194471
972,1931,0.0674640889610683
972,1953,0.0125597453666246
973,974,-0.486509372678505
973,976,-0.439289982456591
973,979,-0.261675321277558
973,984,-0.620066275120283
973,1026,-0.116022848177012
973,1071,-0.344269547804198
973,1128,-0.419376643730986
973,1295,-0.116700928329162
973,1418,-0.0448907635750425
973,1446,-0.07997663013301
973,1473,0.333036088622931
973,1553,-0.0930954590012583
973,1827,-0.24138870085709
973,1845,-0.354559684534204
973,1884,-0.911680281780282
973,1965,0.322661593647775
974,975,0.472209643411578
974,977,0.347458190844146
974,983,0.337215811605393
974,984,-0.145551842973719
974,985,0.936091644362733
974,1005,0.399982587441621
974,1043,0.732414888438575
974,1052,-0.171985539773659
974,1271,0.0430293977058913
974,1573,0.72792198061045
974,1576,0.186520079529649
974,1756,-0.38451778094614
974,1782,0.864033980279313
974,1993,0.354307294540878
975,979,-0.241740235592613
975,1031,-0.0522404063584529
975,1203,0.288460857672376
975,1287,0.0917998101450535
975,1339,0.208125041427584
975,1423,0.264034501847636
975,1506,-0.261631418671648
975,1664,-0.270449465105751
975,1697,-0.25708693102287
975,1746,-0.227771098485307
975,1835,-0.483621530703578
975,1926,-0.0067191560316339
976,987,0.112449111403128
976,1065,0.346139474030743
976,1088,0.418754173545669
976,1110,0.282948835204705
976,1339,0.595939631262975
976,1383,0.906730117100901
976,1467,0.195428181645358
976,1511,0.406278937193551
976,1760,0.320873598045173
976,1865,0.6429911177947
976,1870,0.454623093437325
976,1906,0.360572921503658
977,979,-0.115117772345314
977,981,0.364113505325552
977,985,0.618854776125881
977,989,0.124798279190761
977,1096,-0.512644771285185
977,1474,0.409712215304836
977,1558,-0.0185210958495043
977,1605,-0.267618917134834
977,1628,0.129984029219407
977,1683,0.0120271224044057
977,1694,-0.289801683580043
978,981,0.232689346221331
978,982,-0.187017229561808
978,983,-0.0988369710900436
978,985,0.459591495284303
978,991,-0.0473718534174359
978,1166,0.355231663149661
978,1324,0.23337840519303
978,1485,0.280500400040436
978,1514,-0.335517269096422
978,1660,-0.232618927962022
978,1687,0.213914283878218
978,1713,-0.0412951218985945
978,1739,-0.213286655482876
978,1787,0.195136200860298
978,1954,0.0051619776858585
978,2000,0.297007792277357
979,982,0.0164870714303582
979,987,-0.0583328142038259
979,988,0.650849240317038
979,990,0.0444690243371624
979,991,0.156924789217966
979,1062,0.825867289439467
979,1151,-0.156607123716621
979,1203,0.487025940291555
979,1346,0.187819041831142
979,1477,0.464727766173134
979,1720,0.649308099536516
979,1797,-0.294513367367517
979,1810,0.0528145084984555
979,1962,-0.009024912563826
979,2000,0.527185514123632
980,981,0.671946265597744
980,983,0.314420732779475
980,989,0.436635400919114
980,992,0.566098859885719
980,1051,0.673291995963573
980,1064,0.669419346436253
980,1213,0.516223627776764
980,1285,-0.258154740311272
980,1379,0.278927525093757
980,1489,0.28560582182671
980,1627,0.177486237570517
980,1686,0.374429718562024
980,1778,0.686396162553717
981,986,0.0335733774995395
981,987,-0.53058722153574
981,989,-0.230593243834248
981,990,-0.427785382994752
981,993,-0.462107487383491
981,1159,-0.235746912021795
981,1325,-0.510634282158186
981,1331,-0.423466176169208
981,1348,0.0202959046242183
981,1369,-0.507780324961562
981,1373,-0.879707395085302
981,1465,-0.0761115682535539
981,1629,-0.537262866854297
981,1834,-0.734171773315161
981,1843,-0.429018049879197
982,983,0.0960873766935455
982,989,0.21798629360894
982,990,0.0282119348453266
982,995,0.133526788414008
982,1028,0.588239977444412
982,1192,0.0431273568416275
982,1267,-0.051807684402567
982,1402,0.0633181834649606
982,1610,0.381137430405182
982,1626,0.521589762936488
982,1947,0.218091699759677
982,1975,-0.129837536700084
983,984,-0.478684449025954
983,985,0.602959038310497
983,986,0.400920412214683
983,987,-0.173799207191803
983,988,0.555988334955835
983,990,-0.0693759627547791
983,1147,0.402794998288347
983,1169,-0.43131640267203
983,1181,0.0023384741563084
983,1214,0.649370272694078
983,1310,0.410758113642604
983,1410,0.134917084887724
983,1439,0.279480438007668
983,1466,-0.091137118413475
983,1683,0.0124506182448872
984,986,0.87371960209418
984,989,0.594475875284348
984,991,0.514186591948705
984,992,0.726174274527606
984,993,0.371120228451776
984,997,0.251775298366158
984,1054,0.562009259264031
984,1405,0.505171297025666
984,1622,-0.192587070128231
984,1721,0.723829054403015
984,1956,0.832027752881294
985,993,-0.710523258884675
985,997,-0.89325378553535
985,998,-0.176865223036599
985,1236,-0.632836517728199
985,1243,-0.530852787660901
985,1262,-0.463108248353442
985,1593,-0.576245061337595
985,1622,-1.24602695640956
985,1807,-1.14604975570312
985,1848,-0.272129077911136
985,1851,-1.0297881296021
985,1888,-0.181356387383841
986,988,0.16095318188761
986,996,-0.395015105859694
986,1049,-0.302280892846157
986,1090,-0.271128157876955
986,1190,-0.468651231941935
986,1300,-0.554170026294553
986,1357,-0.402269426695695
986,1448,-0.460144851887247
986,1529,-0.538910425262854
986,1911,-0.338487562547381
986,1947,-0.244870426415934
987,989,0.296661831166161
987,996,0.14915552064179
987,999,-0.473734373746105
987,1103,-0.0424470761464315
987,1285,-0.39084679486718
987,1365,-0.0432186412697546
987,1504,-0.337831640663496
987,1584,0.488495831022782
987,1634,0.692269702519147
987,1780,-0.203329740532293
987,1900,0.0824739375862442
988,989,-0.427413734669101
988,992,-0.34994271607561
988,997,-0.839294114366954
988,1278,-0.67835770080623
988,1288,-0.397740345853856
988,1573,-0.171138629429151
988,1607,0.232561054241626
988,1629,-0.746567129497557
988,1710,0.0589185858898032
988,1743,-0.77849746348726
988,1759,-0.26756118691031
988,1867,-0.811485071257275
989,996,-0.13346492767221
989,998,0.302751536093241
989,1037,-0.149348543128582
989,1260,0.0966995399601937
989,1593,-0.159771270734698
989,1657,0.324598913982637
989,1689,0.0271609005115767
989,1727,0.216834616839016
989,1750,0.201851179044863
989,1855,-0.034163592961859
989,1919,0.186766824430139
989,1958,0.0379191746930142
990,991,0.121004424973621
990,994,0.608113643002147
990,995,0.107901591454072
990,997,-0.188027308273612
990,998,0.507638081014597
990,1001,-0.105538427886287
990,1002,0.113064168309922
990,1196,-0.15547040432755
990,1481,-0.394177483067037
990,1585,-0.271644461751296
990,1691,0.626232192350589
990,1778,0.429190393700819
990,1786,0.180858117623064
990,1928,0.380312182006361
991,1044,0.103878763906482
991,1110,-0.0410303565491472
991,1190,-0.117858495219296
991,1239,0.423856614162873
991,1362,0.102090422880923
991,1371,-0.654871141620905
991,1429,0.640060296549626
991,1674,-0.0435547308298371
991,1751,-0.0585883566521044
991,1819,-0.145846506532478
991,1843,-0.133551772053604
992,993,-0.344091314122026
992,994,0.335808636851794
992,996,-0.237372491604703
992,999,-0.915220494533074
992,1004,-0.474490137131624
992,1176,0.390053177597298
992,1422,0.0783645622932279
992,1693,-0.272768973524631
992,1867,-0.498283715825274
992,1912,-0.179613322989837
993,995,0.146582784993317
993,996,0.087577279130865
993,998,0.540926131506627
993,999,-0.531747521700174
993,1000,0.373803724482796
993,1002,0.151841289367222
993,1004,-0.109649477944157
993,1257,0.0657487373967096
993,1447,-0.0982665658819824
993,1487,0.607173146214239
993,1600,0.247253137385248
993,1622,-0.56187481273936
993,1905,-0.0273992830106984
993,1909,0.497995850609559
993,1965,0.604665328663472
993,1974,0.401363597612592
993,1983,0.121021367098495
993,1989,0.439198507936913
994,996,-0.522745085182778
994,997,-0.811201387055861
994,1000,-0.297986789478012
994,1001,-0.717223136944189
994,1003,-0.0034909278024441
994,1010,-0.603608059129668
994,1198,-0.23900218131913
994,1463,-0.509924647710081
994,1466,-0.596128290589255
994,1479,-0.126626039341662
994,1564,-0.379023730418965
994,1597,-0.715795154496988
994,1881,-0.290461518922643
994,1937,-0.550450495422855
994,1977,-0.668281607723119
995,1006,-0.201086818858786
995,1007,-0.0165035532142535
995,1035,0.0424162945390555
995,1109,-0.121002944672762
995,1137,0.471189914821881
995,1178,-0.298102346248411
995,1223,-0.123224349540046
995,1224,0.0134063356331361
995,1276,0.411822699953106
995,1356,-0.053066276344645
995,1361,0.528560030999716
995,1446,0.0403043069587116
995,1468,0.134860248013735
995,1927,0.138592403837278
995,1949,0.0059898835215195
996,1001,-0.147520559450265
996,1004,-0.192388731553765
996,1005,0.0715736404746246
996,1006,-0.132530757149009
996,1007,0.0385728824089653
996,1009,0.390031209381326
996,1023,0.327553921299677
996,1066,0.216179774549945
996,1176,0.561460504389612
996,1190,-0.0462415651576893
996,1448,-0.0385495262178479
996,1450,0.332876398646401
996,1476,0.542963570041789
996,1520,-0.0260826751438794
996,1554,0.258367066278649
996,1832,-0.168984910250207
997,1000,0.545670784993563
997,1001,0.081403532807881
997,1003,0.84731752300891
997,1005,0.325856050954891
997,1009,0.661643657284097
997,1425,0.881613535251231
997,1463,0.274817623374188
997,1907,0.709834056478161
997,1914,0.399141230853772
998,999,-1.09627597317159
998,1000,-0.182539466224615
998,1005,-0.379739838519638
998,1007,-0.402510166191275
998,1322,-0.401605637992106
998,1489,-0.405563069337952
998,1650,-0.418449459683714
998,1904,-0.175752130446189
998,1943,-0.365332479144759
999,1000,0.937676899732777
999,1005,0.716031229013591
999,1011,0.668496112495145
999,1163,0.87323760256242
999,1378,0.480211203268539
999,1437,0.810990709085855
999,1460,0.623822320053009
999,1573,1.05456956211519
999,1615,0.909433551941433
999,1733,1.392921634165
999,1949,0.68771272513605
999,1951,0.495169110158052
1000,1063,-0.344625782087355
1000,1181,-0.265650624948102
1000,1205,-0.560865844710721
1000,1213,-0.0524994891384152
1000,1409,-0.142422292954595
1000,1520,-0.321532661868795
1000,1524,0.216500939139551
1000,1555,-0.0344817652702762
1000,1677,0.26456146881459
1000,1955,-0.462238857076509
1001,1003,0.745833339328621
1001,1004,-0.0464191692104365
1001,1011,0.204281609737419
1001,1014,0.955787665400224
1001,1042,0.221557713491695
1001,1078,0.300440542727181
1001,1098,-0.202003872699472
1001,1334,0.368119132098923
1001,1344,0.622952603583295
1001,1367,0.279023564384052
1001,1381,0.0016497402494826
1001,1654,-0.190695792123095
1001,1819,0.0876849977151135
1001,1867,-0.0824203882841943
1002,1005,0.0195937040390402
1002,1007,-0.0153082766872916
1002,1009,0.367285601200864
1002,1014,0.740773020261372
1002,1212,0.126316455046276
1002,1431,0.0880540732058323
1002,1513,-0.509097024857481
1002,1619,0.0463172138837149
1002,1644,0.0954495097985484
1002,1691,0.526609788241933
1002,1797,-0.460216248092637
1002,1832,-0.238412725383731
1003,1010,-0.623423286950727
1003,1014,0.205406636575754
1003,1016,-1.19075638428753
1003,1108,-0.495056715393888
1003,1224,-0.478148356586272
1003,1316,-0.850044611377505
1003,1565,-0.917929628112354
1003,1667,-0.866914967089832
1003,1692,-0.726906715318027
1003,1709,-0.455956244312424
1003,1743,-0.775868291925996
1003,1770,-0.832999172394506
1003,1966,-0.561573293229234
1003,1974,-0.291671688884951
1004,1006,0.0869479048245712
1004,1009,0.624049732269306
1004,1010,0.118281089419585
1004,1011,0.252107481209656
1004,1012,0.526141050611447
1004,1015,0.452313900493552
1004,1016,-0.475062662004196
1004,1296,0.521977247306118
1004,1401,0.39766441497157
1004,1526,0.179432670395494
1004,1686,0.27857856053055
1004,1733,0.976533002879512
1004,1753,0.413337990811792
1004,1778,0.598265688515837
1005,1008,-0.535545785490208
1005,1011,-0.0259485207316976
1005,1013,-0.502184696085995
1005,1015,0.151179660343667
1005,1016,-0.72425714052878
1005,1165,0.172626240044021
1005,1531,0.302942775432061
1005,1774,-0.288587877543261
1005,1877,-0.124306676162382
1005,1971,0.302873473845921
1006,1007,0.182454924043722
1006,1010,0.0547161157021917
1006,1015,0.395463453449708
1006,1016,-0.578430189633809
1006,1216,-0.18631933199523
1006,1246,0.0946022173931661
1006,1360,-0.0745520806004753
1006,1629,-0.0337135466360564
1006,1644,0.320862000659305
1006,1736,0.500216104553041
1006,1780,-0.254559837213909
1006,1872,-0.218825238893022
1006,1916,-0.285959752625059
1007,1010,-0.114026801570031
1007,1011,0.0072035181356681
1007,1014,0.726021187426578
1007,1488,0.390091507703185
1007,1546,-0.175566643673047
1007,1630,0.515547966984985
1007,1675,-0.214940822587536
1007,1681,-0.270163171180178
1007,1684,0.238349833300206
1007,1822,0.0690104328549039
1008,1009,0.847685508125565
1008,1013,0.0408303800272218
1008,1018,0.442656455620991
1008,1021,1.08732758093105
1008,1042,0.530806692929162
1008,1415,0.323372909583867
1008,1573,0.861458288960121
1008,1771,0.876551272168801
1008,1951,0.3231521626724
1009,1012,-0.128504820392496
1009,1013,-0.81801951483115
1009,1017,-0.368855368665258
1009,1018,-0.481334144741162
1009,1076,0.311693187963949
1009,1192,-0.45756526240261
1009,1219,-0.172127151644124
1009,1234,-0.250627196321903
1009,1236,-0.440559067960443
1009,1255,-0.0623627956668575
1009,1459,0.0890518673167943
1009,1477,-0.0735987080691252
1009,1577,-0.244242418997369
1009,1725,-0.377039276590421
1009,1795,-0.639920750126643
1010,1012,0.370560639358604
1010,1016,-0.544041553449334
1010,1019,0.25751283166723
1010,1023,0.406891181049427
1010,1061,0.261223054896076
1010,1263,-0.0006339263396907
1010,1265,0.391968890615595
1010,1443,-0.20579575439531
1010,1482,-0.198677297393687
1010,1495,0.296373659503327
1010,1705,-0.0888258144051692
1010,1779,0.215727949846479
1010,1793,0.0220156827462488
1010,1817,0.233489608273106
1010,1975,-0.124771191706858
1011,1012,0.250582917804563
1011,1015,0.17496651887238
1011,1016,-0.680024312822352
1011,1061,0.13905129808405
1011,1062,0.696273201079558
1011,1110,-0.0198873736612464
1011,1120,0.479616599031127
1011,1352,0.101068363975083
1011,1385,-0.0089869368383574
1011,1401,0.148217166251475
1011,1515,-0.273161098194618
1011,1701,-0.391329356949705
1011,1715,0.122216294266071
1011,1881,0.21975793808995
1011,1900,-0.109349523507898
1011,1965,0.461694370856856
1012,1014,0.495084457349772
1012,1017,-0.258443340619397
1012,1021,0.357693653484861
1012,1022,0.007424660764533
1012,1255,0.0635665427782222
1012,1458,-1.2187184170716
1012,1461,-0.555555745733344
1012,1521,0.155210132343445
1012,1607,0.509137025612334
1012,1823,-0.266885557330309
1012,1857,0.311185107764305
1012,1873,-0.592831119940282
1012,1880,-0.619045476237932
1012,1956,0.127661476729165
1012,1973,0.0222165889363358
1013,1025,0.649996202528187
1013,1282,0.72422505405677
1013,1333,0.648303919427312
1013,1475,-0.0200268481715881
1013,1525,0.738908603650736
1013,1560,0.793906372544621
1013,1567,0.906656798823427
1013,1597,0.322658054520139
1013,1909,0.852712621385044
1014,1015,-0.582058705420634
1014,1016,-1.38996455429057
1014,1022,-0.459777010561463
1014,1025,-0.548767568851862
1014,1105,-0.497375064565639
1014,1192,-0.837008011680482
1014,1197,-1.17105995930001
1014,1366,-0.692660136396764
1014,1381,-0.891072014060326
1014,1590,-0.872058903313356
1014,1713,-0.65523248753417
1014,1754,-0.863548397631059
1014,1774,-1.06067603777121
1015,1021,0.442175226437344
1015,1022,0.0855471562230868
1015,1024,-0.405965777779238
1015,1027,-0.178997086760791
1015,1079,0.174485646306177
1015,1138,-0.166822495211812
1015,1171,0.0404012177674038
1015,1196,-0.438196111878841
1015,1224,-0.147073549134678
1015,1252,-0.375946367638213
1015,1646,-0.129680057849612
1015,1725,-0.182914622154969
1015,1867,-0.477080743240333
1016,1017,0.71455268264107
1016,1020,0.747261989626994
1016,1022,0.912536173719257
1016,1028,1.13995810643651
1016,1029,1.03761495560159
1016,1180,1.07772344195339
1016,1242,0.797137341880731
1016,1472,1.05683468218155
1016,1755,0.850809301533989
1017,1021,0.604851534119126
1017,1025,0.181698233111039
1017,1051,0.331493242680357
1017,1176,0.553651186861805
1017,1225,-0.109065776264047
1017,1239,0.473495382219739
1017,1330,0.278340544035139
1017,1358,0.127569033248257
1017,1484,-0.676712764276999
1017,1552,0.52065856272517
1017,1595,0.236065196973923
1017,1599,0.431742347522994
1017,1708,-0.236149767028613
1017,1861,-0.176236628748275
1017,1881,0.226214173298916
1018,1021,0.730703262595004
1018,1025,0.288848260476122
1018,1026,0.122387281692004
1018,1029,0.4806328360721
1018,1030,0.0213613444362333
1018,1070,0.319827543039425
1018,1291,0.168440454920548
1018,1397,0.226206218901884
1018,1446,0.149656586784287
1018,1502,-0.0463527151597331
1018,1547,-0.0154986672897092
1019,1021,0.483428466490635
1019,1022,0.126226980241971
1019,1023,0.171658591733002
1019,1026,-0.114845531498036
1019,1028,0.341923880743459
1019,1084,-0.148695336351553
1019,1252,-0.329923376081445
1019,1363,-0.372748508514994
1019,1460,-0.189419581777647
1019,1533,-0.142118038751398
1019,1743,-0.423464545642792
1019,1884,-0.978227299478629
1020,1025,0.171975744732126
1020,1026,0.0049558413983839
1020,1027,-0.0178019732367876
1020,1032,-0.0843252162588325
1020,1033,-0.0360418553700783
1020,1222,-0.155875815670266
1020,1286,0.0016726403862034
1020,1363,-0.256976180592745
1020,1421,-0.233365700345925
1020,1856,0.427093359246794
1020,1862,0.225396532921464
1020,1988,-0.0480589006046629
1020,1990,0.173081583995546
1021,1022,-0.329238438750936
1021,1027,-0.599150200723221
1021,1028,-0.147365978003834
1021,1034,-0.671255012377423
1021,1041,-1.17044488961001
1021,1124,-0.236887195302285
1021,1153,-1.20755488814086
1021,1260,-0.402566428094201
1021,1312,-0.245660820055271
1021,1411,-0.564829393900203
1021,1440,-0.547035860922823
1021,1493,-0.950933121422441
1021,1695,-0.730867626917734
1021,1763,-0.648511282616179
1021,1950,-1.11759518281496
1022,1023,0.0385208224141294
1022,1025,-0.0747541666995636
1022,1029,0.0906686164413394
1022,1030,-0.314776856260785
1022,1327,-0.0325365227078759
1022,1406,0.0627700408500972
1022,1440,-0.237405564023486
1022,1523,-0.340290079450859
1022,1635,-0.103417958724791
1022,1676,-0.24048090159004
1022,1734,-0.273818567023888
1022,1735,-0.110319664710358
1022,1948,-0.507403958290723
1023,1025,-0.115836413800178
1023,1027,-0.298398191992228
1023,1030,-0.362943176193604
1023,1031,-0.243974531188784
1023,1034,-0.370939504620578
1023,1073,-0.101175827156693
1023,1227,-0.552701331960191
1023,1242,-0.197917143693643
1023,1316,-0.605694734750017
1023,1423,0.0905083018027996
1023,1573,0.0639782123685406
1023,1646,-0.241920387363053
1023,1968,-0.0390359502142465
1024,1026,0.242324936597668
1024,1027,0.224537145801148
1024,1028,0.676321368520534
1024,1029,0.571974251897763
1024,1035,0.273294233314697
1024,1227,-0.0332242377140637
1024,1335,0.252644679901448
1024,1418,0.302874994340837
1024,1645,-0.197636309726524
1024,1767,0.295458934987331
1024,1774,-0.0025817699988152
1024,1843,0.100387239689893
1024,1920,0.536866343648776
1024,1967,0.0752668415072388
1025,1029,0.171440797832064
1025,1032,-0.244825789355745
1025,1145,-0.400758623901825
1025,1364,0.205632002721257
1025,1421,-0.37649495758416
1025,1526,-0.215828262312454
1025,1604,-0.272497954670039
1025,1743,-0.451838001630679
1025,1751,-0.208199857011431
1025,1840,-0.133020458023486
1026,1030,-0.0883562295901486
1026,1085,0.0237638444359331
1026,1113,0.281203639549231
1026,1122,-0.0252333903494076
1026,1490,-0.586988497180464
1026,1603,0.0056920340619186
1026,1711,0.270631442114824
1026,1757,0.492538036564254
1026,1780,-0.431966051334162
1026,1796,-0.452056463434483
1026,1848,0.303128130063833
1026,1873,-0.359709060843274
1027,1032,-0.0663195745992351
1027,1034,-0.0729949115996522
1027,1035,0.053379875338307
1027,1038,-0.339406306564996
1027,1184,0.102992425066239
1027,1275,-0.139599769558389
1027,1463,-0.0124799473140885
1027,1570,0.427857569261234
1027,1587,-0.0975853218863877
1027,1710,0.591712083970619
1027,1936,-0.0791312008284677
1027,1973,0.271448443673995
1028,1029,-0.10651185587604
1028,1030,-0.527708514083028
1028,1031,-0.40619818480645
1028,1041,-1.06366365662308
1028,1047,-0.197284948039157
1028,1060,-0.265407082660071
1028,1233,-0.708082274607368
1028,1244,-0.646768330305131
1028,1393,-0.103810295886518
1028,1415,-0.640338328315258
1028,1561,-0.917010400100991
1028,1593,-0.480753010802612
1028,1702,-0.0235390441132697
1028,1731,-0.306245453764635
1028,1797,-0.893699676053924
1028,1890,0.0366347409036866
1029,1031,-0.300789979599588
1029,1032,-0.418965759043193
1029,1036,-0.801986180042946
1029,1041,-0.96491275971449
1029,1042,-0.375982690464516
1029,1087,-0.0815214044480489
1029,1378,-0.504103615264123
1029,1535,-0.150253685143061
1029,1663,-0.213614990565298
1029,1701,-0.784933052301495
1029,1902,-0.829806052621379
1029,1983,-0.334783243799966
1030,1037,0.0035304459705117
1030,1161,0.182909134707543
1030,1196,-0.184929646065877
1030,1198,0.370864730929067
1030,1234,0.204648153102024
1030,1372,0.429080620737562
1030,1389,0.222657235418
1030,1489,0.0255996582553529
1030,1499,0.361459510465287
1030,1514,-0.21359739917646
1030,1520,-0.0109019340859256
1030,1692,-0.145157849039891
1030,1805,-0.405341902605838
1030,1865,0.36822859345985
1031,1036,-0.489709183818419
1031,1037,-0.108375619694642
1031,1041,-0.680174236368183
1031,1096,-0.569248739635314
1031,1098,-0.45069958958468
1031,1312,0.273243972173217
1031,1369,-0.229076659627878
1031,1392,0.10678429430494
1031,1510,0.0444339063304233
1031,1531,0.274530778092552
1031,1591,-0.0997469798981919
1031,1869,0.271537035210255
1032,1033,0.0479288997299128
1032,1036,-0.371533404374814
1032,1037,0.00417461142809
1032,1040,0.486060460539819
1032,1041,-0.572481890836724
1032,1044,0.200947023685194
1032,1053,-0.613212794950299
1032,1090,0.147306988067818
1032,1264,-0.0525218746182551
1032,1300,-0.13573488034978
1032,1400,0.358827577105672
1032,1623,0.288041445582237
1032,1785,-0.140759304428155
1032,1858,-0.0984280343684923
1032,1998,0.0585668800714512
1033,1043,0.383561869150775
1033,1046,-0.309487409963444
1033,1144,-0.150704699279355
1033,1238,-0.0102243366180037
1033,1441,0.265534403987861
1033,1494,0.610218265798445
1033,1669,0.253838157209026
1033,1700,-0.550507448584658
1033,1845,-0.221764233953966
1033,1876,-0.502027717386909
1033,1900,-0.0938362223459741
1034,1037,0.0096241238740603
1034,1040,0.49956299252219
1034,1041,-0.575124915609635
1034,1045,0.0579983006078007
1034,1047,0.307957852611382
1034,1135,-0.380395841680261
1034,1203,0.451712389497041
1034,1289,-0.407451546288633
1034,1300,-0.132551699659248
1034,1411,0.0905207425686779
1034,1481,-0.423609823386952
1034,1564,0.183063513500447
1034,1593,-0.0119553878848424
1034,1653,0.131907737153199
1034,1959,0.172398665001292
1035,1043,0.299376439509711
1035,1047,0.183600172834737
1035,1372,0.308026817911529
1035,1413,0.659309009987328
1035,1631,0.408648913461403
1035,1647,-0.191667284652838
1035,1901,-0.145457850728321
1035,1918,-0.56020481950175
1035,1961,-0.053475478444616
1036,1038,0.110831011649465
1036,1041,-0.243635714750667
1036,1044,0.586775893371385
1036,1048,0.607419077853173
1036,1089,0.526072729305367
1036,1122,0.389029042397789
1036,1312,0.73943541964674
1036,1326,0.968910489827423
1036,1399,0.614455402045502
1036,1440,0.395225761085761
1036,1599,0.838832859323956
1036,1738,0.154708846428025
1036,1747,0.320171168820604
1037,1041,-0.556493595958935
1037,1043,0.399374586127245
1037,1044,0.190482670263382
1037,1095,-0.0398667927206762
1037,1169,-0.385096812570407
1037,1253,-0.0707298124200434
1037,1468,0.201926414697118
1037,1515,-0.206253926682626
1037,1578,0.111885722562846
1037,1895,0.241504327097764
1037,1946,0.25613244631461
1037,1967,-0.0813059091246062
1037,1984,-0.537398966566316
1038,1039,0.386754870951933
1038,1040,0.791533664187524
1038,1042,0.355309829857454
1038,1043,0.709824231623263
1038,1259,0.15117098945296
1038,1301,0.75475892301358
1038,1492,0.842350302162344
1038,1629,0.137053120904787
1038,1697,0.171208874406051
1038,1783,0.235620018382892
1038,1786,0.417719944326526
1038,1797,-0.128343708906172
1038,1868,0.656375476596162
1038,1953,0.241766321427732
1039,1040,0.388414586710628
1039,1043,0.32306936067133
1039,1047,0.198078413528109
1039,1048,0.123600129369586
1039,1051,0.292778694681882
1039,1052,-0.614219511512932
1039,1075,-0.147934301766543
1039,1157,0.359611813606013
1039,1367,0.0375482126567688
1039,1395,0.276015705621972
1039,1455,-0.219574905415921
1039,1666,0.0041937222567822
1039,1867,-0.335798883841318
1040,1045,-0.446293137755037
1040,1046,-0.740082027101687
1040,1047,-0.146026580225397
1040,1051,-0.0588064615871951
1040,1053,-1.1499508371939
1040,1076,0.335115975296945
1040,1147,-0.0563172283533946
1040,1262,-0.303243101268629
1040,1352,-0.272225114494225
1040,1482,-0.798794237300517
1040,1761,-0.249656815346962
1040,1764,-0.839572271178354
1040,1777,-0.222564088037275
1040,1836,-0.367635994525081
1041,1042,0.666886573542227
1041,1043,0.971397139773495
1041,1044,0.77441793260644
1041,1045,0.637747958109378
1041,1047,0.822129906223358
1041,1050,0.59015501512755
1041,1052,0.151984844866183
1041,1123,1.04740617329583
1041,1142,1.20016407336858
1041,1172,0.534024260870682
1041,1211,0.469776118724222
1041,1466,0.495738046377104
1041,1746,0.560944594904674
1041,1776,0.860749449560116
1041,1859,0.495732908633874
1041,1880,0.26019224075395
1042,1044,0.143402435827808
1042,1046,-0.335655675834002
1042,1048,0.171402166201381
1042,1051,0.345579065130894
1042,1052,-0.589864664534833
1042,1055,-0.318237550077066
1042,1222,-0.138106996866238
1042,1327,0.220677220217217
1042,1542,0.525371546684334
1042,1796,-0.453015466885851
1042,1816,0.189394444902153
1042,1896,-0.129568847387495
1043,1046,-0.661264825733727
1043,1052,-0.943651994635536
1043,1053,-1.05229314261161
1043,1142,0.293281380358714
1043,1243,-0.311701956488192
1043,1251,-0.704882292450436
1043,1259,-0.450039778298442
1043,1497,-0.327147388364114
1043,1640,-0.590598797852009
1043,1677,0.157772685771355
1043,1802,-0.325001986162725
1043,1976,-0.376710828318413
1044,1046,-0.455518392037948
1044,1047,0.113921327432913
1044,1049,-0.0623396681916706
1044,1051,0.204841506806879
1044,1056,0.336636664189794
1044,1293,-0.134939156926024
1044,1323,-0.135360814061531
1044,1426,-0.646693954791667
1044,1509,0.329677780851779
1044,1564,-0.0149198264890698
1044,1757,0.38737978026356
1045,1050,-0.0349462309185032
1045,1052,-0.55637473112019
1045,1355,-0.0121871231272945
1045,1433,-0.322678135116948
1045,1457,-0.181483740661223
1045,1509,0.481684685408128
1045,1684,0.257661398410376
1045,1689,0.135394022756763
1045,1931,-0.0100493012672041
1045,1971,0.346961414873641
1046,1047,0.527657861960931
1046,1072,-0.0273943232585455
1046,1118,0.0277964490560483
1046,1132,0.208718812872059
1046,1221,0.589085108224814
1046,1333,0.487731659764919
1046,1334,0.469201878472195
1046,1392,0.464766165720882
1046,1457,0.124184842547283
1046,1527,0.459032809937886
1046,1554,0.520974538248719
1046,1611,0.439211369578053
1046,1694,0.0595185870796282
1046,1781,0.176296756847855
1046,1870,0.44335288374299
1047,1056,0.197246877093111
1047,1153,-0.815712391392738
1047,1286,-0.207495047729607
1047,1326,0.205745609199976
1047,1331,-0.337259398306457
1047,1333,-0.0667765529674696
1047,1334,-0.0648241757398591
1047,1403,-0.257402422161236
1047,1450,0.0292297664945112
1047,1519,-0.702895915539246
1047,1668,-0.374695282327254
1047,1677,0.227948239356401
1047,1703,-0.569492075506453
1047,1769,-0.309551248741512
1047,1773,0.0111158366032307
1047,1786,-0.16505243338161
1047,1910,-0.23435782431256
1048,1056,0.302557292575354
1048,1080,-0.243547190787953
1048,1133,-0.0673077128889615
1048,1263,-0.284003485681791
1048,1497,-0.147506213334843
1048,1547,-0.2650793329924
1048,1627,-0.343589859258874
1048,1657,0.266633073019077
1048,1707,-0.0854328096272521
1048,1743,-0.438737024409819
1048,1760,-0.182464394142078
1048,1826,-0.0277698520108624
1048,1878,-0.372461048513944
1048,1952,-0.42355574878094
1049,1050,-0.122104968351448
1049,1061,0.0676416162892822
1049,1133,0.0203879995740648
1049,1506,-0.232509803150098
1049,1758,0.171742411061892
1049,1779,0.0464657209653325
1049,1833,0.201327325429191
1050,1056,0.51544154506767
1050,1057,0.109784784156492
1050,1058,0.0877845096792038
1050,1061,0.19052538548521
1050,1062,0.753646461725704
1050,1260,0.240243095944525
1050,1420,-0.0137887831975586
1050,1678,-0.0135481705123991
1050,1923,-0.238631995590783
1051,1054,-0.286819607276082
1051,1057,-0.276398421248531
1051,1059,0.198814443951922
1051,1062,0.363949135458619
1051,1063,-0.43273698184215
1051,1084,-0.340342222683868
1051,1295,-0.317885498122422
1051,1296,-0.0574498092816669
1051,1430,0.182759822681013
1051,1526,-0.353055493926907
1051,1530,-0.361629913747715
1051,1639,-0.599238328812942
1051,1682,0.0019182958881488
1051,1683,-0.334648615459199
1051,1810,-0.415090962635904
1051,1849,-0.0832931359494331
1051,1921,-0.417692870021943
1051,1949,-0.308184629745979
1052,1054,0.612111651773204
1052,1057,0.632369433474227
1052,1059,1.09522799135845
1052,1060,0.714922586491559
1052,1062,1.28220038647307
1052,1063,0.408013341194684
1052,1064,0.864093801182753
1052,1065,0.583840625219435
1052,1226,0.192665624112205
1052,1368,0.96111416724502
1052,1512,0.0815759246857728
1052,1590,0.270253212869391
1053,1054,0.734559654941286
1053,1059,1.19275667831529
1053,1060,0.824445321317057
1053,1065,0.704799311432282
1053,1133,0.759790203565002
1053,1155,0.891707892266054
1053,1156,0.299951449384753
1053,1230,0.884532102656339
1053,1464,0.659654591085849
1053,1470,0.261635085916476
1053,1679,0.603520622662032
1053,1728,0.689565678148687
1053,1748,0.985006818099007
1053,1777,0.821216279947024
1053,1849,0.91774128944147
1054,1055,-0.35113447548723
1054,1057,0.0123318860456081
1054,1060,0.131173221583771
1054,1064,0.310611350508758
1054,1065,-0.0194473002378087
1054,1091,-0.270964642035459
1054,1138,-0.0285551407918328
1054,1232,0.151277167026812
1054,1294,0.561634538339117
1054,1403,-0.0797747080072695
1054,1791,-0.0251474535925843
1054,1946,0.165751157830661
1054,1958,0.0885555670916026
1054,1978,-0.510649517347521
1055,1065,0.326357277642345
1055,1122,0.261504899894412
1055,1377,0.199342027067491
1055,1471,0.156359925574238
1055,1505,0.563672347987805
1055,1752,0.728440133681817
1055,1826,0.428275350600118
1055,1887,0.653026537366943
1055,1979,0.226717119416457
1056,1059,0.101383377304675
1056,1063,-0.573225992219157
1056,1069,-0.248468408294685
1056,1144,-0.642337888605326
1056,1236,-0.540925792729192
1056,1654,-0.833561164152383
1056,1657,-0.0243029850499937
1056,1704,-0.596376021435547
1056,1709,-0.40087623008239
1056,1732,-0.550977078849678
1057,1062,0.664489198880912
1057,1063,-0.18293193597795
1057,1064,0.298342749671807
1057,1069,0.153390751216322
1057,1151,-0.38017065164363
1057,1175,0.158358651452161
1057,1191,0.527341756305588
1057,1194,-0.403653204612728
1057,1256,0.362289596119597
1057,1329,-0.194414738273577
1057,1481,-0.562638156136463
1057,1632,0.353250719370622
1057,1806,-0.527912976436894
1058,1065,-0.0019211679922674
1058,1237,0.120695243751828
1058,1272,-0.464368194711536
1058,1448,-0.140911973196662
1058,1484,-0.76641473021291
1058,1595,0.225156772487237
1058,1649,0.0161663166203097
1058,1815,0.12101164965577
1058,1863,0.0369510763188512
1058,1898,-0.0114193458419729
1058,1995,0.704324660915182
1059,1071,-0.790601155220245
1059,1100,-0.308765730191845
1059,1146,-0.302478500087611
1059,1248,-0.724400504491352
1059,1457,-0.700405531130711
1059,1465,-0.303608011083083
1059,1598,0.0282752768878786
1059,1633,-0.529945713532854
1059,1727,-0.194475879156494
1059,1755,-0.32101403620483
1060,1062,0.509489896187202
1060,1063,-0.279525198234827
1060,1066,-0.0169319667170156
1060,1068,-0.35703350502636
1060,1070,-0.0013672796483089
1060,1187,-0.20896908601238
1060,1298,-0.266889931913386
1060,1421,-0.360697563511627
1060,1485,0.196764520394435
1060,1560,0.0970209703819675
1060,1568,-0.37502092401966
1060,1571,-0.530205342335803
1060,1660,-0.332948674496021
1060,1691,0.329784083558343
1060,1884,-0.948464277039214
1060,1948,-0.42717426667107
1060,1987,-0.274456174106015
1061,1064,0.226774828599898
1061,1068,-0.340217575839516
1061,1073,0.0603421229559241
1061,1460,-0.194657833942371
1061,1487,0.326596982844074
1061,1493,-0.594136999858757
1061,1516,0.470937612021793
1061,1655,0.391484751782148
1061,1971,0.196178226434084
1061,1987,-0.248536183849295
1061,1990,0.0437599477785935
1062,1063,-0.797483455495723
1062,1064,-0.299500060188825
1062,1065,-0.679742381660614
1062,1072,-1.11006901511759
1062,1074,-0.606619963012691
1062,1075,-0.779493029260349
1062,1101,0.138015625583648
1062,1487,-0.278546016214258
1062,1679,-0.760930975343784
1062,1723,-0.439657946415459
1062,1815,-0.55936771171762
1063,1065,0.144148377143529
1063,1069,0.318642615003089
1063,1070,0.321782489954231
1063,1073,0.304474081822979
1063,1462,-0.260375463353078
1063,1718,0.185751560896916
1063,1729,0.241084978201902
1063,1748,0.366284607255308
1063,1908,0.16265201637556
1063,1930,0.321468558549064
1064,1066,-0.205700067878567
1064,1067,-0.288471548011635
1064,1070,-0.198238736866687
1064,1074,-0.246083877960054
1064,1216,-0.649480454227465
1064,1265,-0.0704192242895169
1064,1270,0.147772630894405
1064,1272,-0.701669227669616
1064,1562,-0.633082829340406
1064,1604,-0.435220296819131
1064,1646,-0.291968807223283
1064,1658,-0.522662183129046
1064,1702,0.049052935250344
1064,1708,-0.537598619278346
1064,1726,-0.402672070300847
1064,1735,-0.214776067439575
1064,1852,-0.410824251722664
1064,1867,-0.606516005753879
1064,1991,-0.376149285234234
1065,1069,0.180996651027007
1065,1076,0.689930422754568
1065,1078,0.0951199198389327
1065,1218,-0.089114581738813
1065,1370,-0.106016332368125
1065,1652,-0.516220198520099
1065,1705,-0.253425775615489
1065,1843,-0.140391479031348
1065,1875,-0.0816422268264304
1066,1067,-0.0963374018977343
1066,1069,0.0482512199043981
1066,1071,-0.410919688881216
1066,1073,0.0368003938406676
1066,1074,-0.0510698164920144
1066,1078,-0.0349683353672531
1066,1079,0.182839995391522
1066,1192,-0.271320235658121
1066,1325,-0.370162452886597
1066,1628,-0.0674639917480373
1066,1738,-0.417669510794922
1066,1877,-0.275919548996305
1066,1949,-0.150086737509782
1067,1069,0.139019962687406
1067,1071,-0.304720670733935
1067,1072,-0.48008395310236
1067,1073,0.127131436894329
1067,1074,0.0436228856679679
1067,1075,-0.182190342755618
1067,1080,-0.160164952696814
1067,1082,-0.104780518133442
1067,1113,0.231969663941913
1067,1186,0.426355107296795
1067,1212,0.0573599125668665
1067,1321,-0.143147738817162
1067,1436,-0.221028599195401
1067,1479,0.319871576113229
1067,1710,0.531366478537717
1067,1739,-0.24125808545113
1067,1962,-0.223261539770809
1068,1069,0.400314290316716
1068,1072,-0.178678769712616
1068,1073,0.387217498806956
1068,1075,0.082864281478856
1068,1079,0.51111698465245
1068,1100,0.412692880380585
1068,1322,0.240026590630223
1068,1372,0.554530770507607
1068,1423,0.532136560574568
1068,1472,0.561928959492298
1068,1537,0.36726742818759
1068,1541,-0.0976733777915637
1068,1566,0.32880526185113
1068,1576,0.016889070568319
1068,1740,0.250534499800906
1069,1072,-0.598212195002901
1069,1078,-0.0666676027580994
1069,1080,-0.288578593236223
1069,1081,-0.755700990250295
1069,1082,-0.235633834802612
1069,1179,-0.502840917792887
1069,1202,-0.46666982218068
1069,1546,-0.383673715734547
1069,1593,-0.25840332788302
1069,1963,-0.139325623865496
1070,1075,-0.30141695373632
1070,1077,-0.370367588498304
1070,1078,-0.0475638810962847
1070,1079,0.172429120990535
1070,1224,-0.164566012440853
1070,1269,-0.27994101045509
1070,1404,-0.514980458399007
1070,1502,-0.337138296298907
1070,1665,-0.0910166253358292
1070,1785,-0.393515939310557
1070,1821,-0.23970764640993
1071,1073,0.430559213333999
1071,1082,0.18514121411948
1071,1122,0.180288315358313
1071,1255,0.532518790522115
1071,1363,-0.0347396990838697
1071,1430,0.746119180432364
1071,1548,0.193344542403306
1071,1555,0.3824283946091
1071,1613,0.370397598957589
1071,1815,0.359057082836826
1071,1837,0.0920228054210371
1071,1870,0.364435808571267
1072,1073,0.586323669209824
1072,1079,0.703565691413042
1072,1082,0.361082713596844
1072,1094,0.306360637777757
1072,1103,0.120260872116454
1072,1162,1.28374229615204
1072,1253,0.228065858450767
1072,1334,0.536525977165703
1072,1426,-0.138463208260447
1072,1615,0.633588424635598
1072,1628,0.477062871577642
1072,1755,0.571857769291791
1073,1079,0.147690050856788
1073,1084,-0.20702180172071
1073,1085,-0.162412120998275
1073,1192,-0.28957098270359
1073,1267,-0.384506023947784
1073,1426,-0.690215881205189
1073,1456,-0.339404385906046
1073,1478,-0.666529158036413
1073,1515,-0.464611498503627
1073,1543,-0.274926686421155
1073,1549,-0.16252424134231
1073,1834,-0.613748246741519
1073,1988,-0.229702525002341
1074,1077,-0.2789547023897
1074,1078,0.0108859580514027
1074,1079,0.224432367106847
1074,1080,-0.200655878283056
1074,1082,-0.14611806374255
1074,1083,-0.192541756170618
1074,1084,-0.131969691262999
1074,1221,0.183802391069912
1074,1229,-0.120523749625303
1074,1242,-0.0165633275124155
1074,1418,-0.0300930821365236
1074,1479,0.274079662617344
1074,1549,-0.0834419747735847
1074,1568,-0.343551094486189
1075,1078,0.198864212727402
1075,1079,0.41237448948593
1075,1482,-0.218926106837324
1075,1485,0.458871311762493
1075,1492,0.588481747667088
1075,1510,0.198714414622986
1075,1542,0.585448423472117
1075,1551,0.0244509567198576
1075,1646,0.130027970616824
1075,1718,0.169365210096639
1075,1917,0.0108790917725206
1076,1081,-1.31462916506235
1076,1086,-0.224500865374246
1076,1088,-0.616356119790585
1076,1134,-0.925998325517594
1076,1342,-1.1120377554198
1076,1358,-0.608873104840653
1076,1398,-0.895745454545732
1076,1429,-0.0161299967943375
1076,1482,-1.09392547030202
1076,1555,-0.485173634840235
1076,1561,-1.20599985043541
1076,1730,-1.05603886087727
1076,1808,-0.34986821043886
1076,1811,-0.463221081630141
1076,1888,-0.302300582625003
1076,1893,-0.879331645282596
1076,1936,-0.780391241879038
1076,1977,-0.881612653896756
1077,1079,0.477963811944831
1077,1082,0.130446253184436
1077,1083,0.0847229798100276
1077,1085,0.211661755035064
1077,1086,0.68418089356173
1077,1187,0.10882440369599
1077,1286,0.157143346998286
1077,1518,0.0338283437684821
1077,1525,0.415550440181218
1077,1609,-0.168079930811381
1077,1631,0.621841568206781
1077,1644,0.26711290531994
1077,1794,0.537462859181212
1077,1856,0.568411024985519
1078,1084,-0.127529237488459
1078,1087,0.124209266914496
1078,1089,-0.0262456621421121
1078,1091,-0.314299359613137
1078,1240,-0.113407843961956
1078,1269,-0.18509021029226
1078,1369,-0.271139556971627
1078,1529,-0.255403159630001
1078,1622,-0.731425701754711
1078,1647,-0.231842471431257
1078,1660,-0.26779186973778
1078,1729,-0.0088861764089744
1078,1805,-0.532331414205089
1078,1933,-0.162773793635104
1078,1943,-0.081998471321023
1079,1081,-0.852316326369629
1079,1083,-0.400754307800719
1079,1085,-0.305066100174911
1079,1087,-0.0736606855108598
1079,1090,-0.238434929948957
1079,1108,-0.30695351701543
1079,1198,-0.0598818808741547
1079,1206,-0.555097520508895
1079,1239,0.120377707240907
1079,1295,-0.320467999596666
1079,1344,0.0309158734679224
1079,1842,-0.668776206663487
1080,1084,0.0653031198420169
1080,1089,0.176669048921446
1080,1092,0.340132126707955
1080,1181,0.0508027000780851
1080,1237,0.217568414520567
1080,1328,0.431471718619693
1080,1394,0.186509500665234
1080,1408,-0.122670763819955
1080,1447,-0.163837796281706
1080,1643,-0.412227978602484
1080,1692,-0.137115048348064
1080,1742,0.14100247141259
1081,1083,0.473832763003544
1081,1086,1.11094411314621
1081,1088,0.640972519247233
1081,1092,0.793921450187332
1081,1093,1.03575981384992
1081,1094,0.474160025660094
1081,1235,0.653992622384768
1081,1336,0.52339547849347
1081,1357,0.564530147227523
1081,1459,1.02865275968209
1081,1550,0.820458074379371
1081,1605,0.277653199043462
1081,1854,0.374054099647537
1082,1089,0.125196431628812
1082,1090,0.108479921372467
1082,1093,0.506831224198246
1082,1252,-0.149188442419458
1082,1381,-0.16905222062751
1082,1489,-0.0112903568887057
1082,1510,0.125794381921796
1082,1603,0.0571124967907238
1082,1617,0.4704831834133
1082,1656,-0.121861483570424
1082,1799,0.0427181757137502
1082,1840,0.0810279938366217
1082,1938,0.251035278063315
1083,1087,0.342225155431824
1083,1090,0.151662224271055
1083,1093,0.551881689517537
1083,1096,-0.468706447159388
1083,1143,0.176405504548411
1083,1384,-0.193002550245532
1083,1516,0.68198113542998
1083,1576,-0.0998920144931534
1083,1591,0.0195392137081088
1083,1794,0.455921559405738
1083,1824,-0.351496684526205
1084,1096,-0.514015603799265
1084,1290,0.334606037928802
1084,1389,0.170208227104949
1084,1406,0.346182575177761
1084,1466,-0.108301854678816
1084,1474,0.38345899372288
1084,1524,0.453528644955236
1084,1571,-0.351003720922257
1084,1604,-0.0722164776354953
1084,1877,-0.0825287098137016
1085,1087,0.236809236399686
1085,1088,0.0574941879638538
1085,1092,0.229353613280572
1085,1094,-0.150754755895598
1085,1096,-0.59415202179865
1085,1208,-0.0403613792370934
1085,1261,0.358688242235475
1085,1774,-0.323391032160911
1085,1785,-0.253434269159809
1085,1880,-0.431589757998292
1085,1982,0.165991172751292
1086,1090,-0.402022548865167
1086,1091,-0.73142556557564
1086,1093,-0.0067863400363031
1086,1097,-0.612358404758707
1086,1103,-0.750662975193528
1086,1121,-0.565394509167182
1086,1134,-0.708733526424106
1086,1219,-0.308422992906073
1086,1266,-0.729787737270383
1086,1360,-0.765115864029217
1086,1458,-1.51910899524344
1086,1610,-0.28599709223284
1086,1806,-1.02685416413758
1087,1095,-0.36837089071124
1087,1096,-0.770860225477734
1087,1097,-0.364837997461978
1087,1141,-0.0200276537285522
1087,1226,-0.595619872661319
1087,1232,-0.0760756944571988
1087,1355,-0.284540596439305
1087,1361,0.295029128148497
1087,1440,-0.252477462420489
1087,1461,-0.564521435846003
1087,1622,-0.960455956781579
1087,1814,-0.0362749486168298
1087,1822,-0.202581795101444
1087,1930,-0.0352287586896158
1088,1090,-0.009894924868567
1088,1097,-0.19535494329256
1088,1100,0.127087634676821
1088,1101,0.728862454555957
1088,1104,-0.298917442893405
1088,1105,0.13382458474953
1088,1226,-0.427883773941266
1088,1271,-0.394382293893111
1088,1341,-0.0856131819323779
1088,1370,-0.175971371938397
1088,1641,-0.436145477210587
1088,1688,-0.0935205462213253
1088,1823,-0.102025331975768
1088,1983,-0.0982160339570901
1089,1091,-0.314512915589986
1089,1093,0.361789481111895
1089,1094,-0.202474827896875
1089,1095,-0.198296068457622
1089,1258,-0.0970822742578453
1089,1322,-0.0775868889948599
1089,1443,-0.425290999973409
1089,1543,-0.186205770650404
1089,1567,0.345283304875576
1089,1592,-0.0374554555667323
1089,1607,0.620363984912113
1089,1721,0.143055145780085
1089,1818,0.139757094818879
1090,1092,0.171400400679517
1090,1095,-0.181349633853506
1090,1096,-0.582490747083495
1090,1097,-0.175921984051953
1090,1099,-0.159239057339509
1090,1101,0.711046503087569
1090,1103,-0.311338701453441
1090,1177,-0.0258047976465746
1090,1284,-0.0765515663215317
1090,1298,-0.179843919424353
1090,1503,-0.522209697877213
1090,1629,-0.281275912566712
1090,1696,-0.406262943647078
1090,1802,-0.0644923682676073
1090,1900,-0.184365337359093
1091,1092,0.473272130712726
1091,1101,1.01325773789713
1091,1102,0.626883539487791
1091,1103,-0.0152264686386087
1091,1281,0.13827971807942
1091,1308,-0.113626592287139
1091,1434,0.0663293994032866
1091,1564,0.324325048446027
1091,1594,0.0785926608638192
1091,1642,0.507755404880784
1091,1652,-0.269190395634564
1091,1713,0.239399299687589
1091,1756,-0.511615184922808
1091,1795,-0.0412681213953678
1091,1845,-0.0030080434057891
1091,1898,0.238813581130309
1091,1900,0.103684360565967
1091,1977,0.0155398288223101
1092,1097,-0.353746304620096
1092,1103,-0.488498599351335
1092,1105,-0.0348267156357531
1092,1167,-0.679353284580969
1092,1182,-0.0336250593867433
1092,1254,0.0521735915597465
1092,1350,-0.185311194320593
1092,1552,0.2289951191111
1092,1715,-0.142144319295115
1092,1753,-0.0949791883307948
1092,1908,-0.198460675493461
1092,1979,-0.351643455267517
1093,1097,-0.567158283040507
1093,1098,-0.873620086366849
1093,1106,-0.672781370456883
1093,1365,-0.69265861923314
1093,1431,-0.355256808882681
1093,1503,-0.952746544391433
1093,1753,-0.293015181291182
1093,1766,-0.355001194645786
1093,1871,-0.546584408119951
1094,1095,-0.0111933152950515
1094,1098,-0.321643412556071
1094,1147,0.491276170230659
1094,1158,0.398213236616972
1094,1173,0.158648968327474
1094,1394,0.209622947821791
1094,1421,-0.12178703537983
1094,1434,-0.0673761797057564
1094,1436,-0.05631088303826
1094,1515,-0.196992714754018
1094,1526,0.0404848288815315
1094,1557,-0.0993306504184224
1094,1676,0.113414767142808
1094,1706,0.287282495698437
1094,1877,-0.0033507543429843
1094,1937,0.111559657524452
1094,1984,-0.561948263391082
1095,1104,-0.103649720519714
1095,1105,0.331688878767512
1095,1106,-0.0838050278816021
1095,1107,-0.21455409134416
1095,1161,0.217422413403664
1095,1215,0.413801849797237
1095,1389,0.256462499685437
1095,1535,0.283478431907612
1095,1564,0.209288512281325
1095,1979,0.0252378916860814
1096,1102,0.921398890793199
1096,1103,0.296138943306051
1096,1104,0.322043864582002
1096,1107,0.248291661615563
1096,1197,0.147025182696517
1096,1254,0.827012683653339
1096,1272,0.193666086312283
1096,1352,0.576757994864378
1096,1453,0.997712646868693
1096,1463,0.508273848032237
1096,1568,0.304541833931163
1096,1670,0.555366371381035
1096,1962,0.36843435806445
1097,1099,0.0125444614869462
1097,1100,0.317562315232607
1097,1101,0.90216181887203
1097,1105,0.32815598551825
1097,1106,-0.0866562097429728
1097,1110,0.0745659674318815
1097,1122,0.0752351758335774
1097,1156,-0.252726726230069
1097,1214,0.706887499678351
1097,1437,0.251097941049627
1097,1666,0.14302418545338
1097,1704,0.0005718383149211
1097,1815,0.234950772157137
1098,1099,0.303097023410173
1098,1106,0.212885962131117
1098,1107,0.0884932489790603
1098,1108,0.403419255400956
1098,1224,0.409118896823123
1098,1473,0.883801693814281
1098,1576,0.216892875600004
1098,1592,0.444285058474639
1099,1103,-0.150067026141281
1099,1107,-0.228273665238656
1099,1110,0.061215553463457
1099,1201,0.537479894573831
1099,1223,-0.0306950671476716
1099,1323,0.107957941254166
1099,1376,0.0830672754624263
1099,1449,0.0173850066849192
1099,1621,0.476755179645811
1099,1821,0.0663150127049784
1099,1875,0.0280506975073105
1099,1885,0.139173396318625
1099,1897,0.0785223748863998
1100,1103,-0.453584560138381
1100,1105,0.0057134075488685
1100,1106,-0.414169083818886
1100,1108,-0.203387870674936
1100,1110,-0.23376474718734
1100,1116,-0.25158713851611
1100,1189,-0.362471299592719
1100,1237,-0.0712091068217224
1100,1325,-0.405694166210376
1100,1373,-0.787291300346256
1100,1443,-0.550595980717466
1100,1596,-0.331521880169434
1100,1607,0.514384655907208
1100,1610,0.0061726683521319
1100,1661,0.178822559547852
1100,1780,-0.626496062271709
1100,1822,-0.157710117718172
1100,1913,-0.412766062844691
1100,1948,-0.483069935849653
1101,1103,-1.02733476802009
1101,1104,-0.984802814774011
1101,1105,-0.598913569492428
1101,1107,-1.16523796670624
1101,1108,-0.785407875938757
1101,1109,-0.940138341063705
1101,1110,-0.807489525959819
1101,1111,-1.17446452129402
1101,1113,-0.512244138437647
1101,1233,-1.04872697103833
1101,1359,-0.353775422123518
1101,1568,-0.988996305839962
1101,1695,-0.95150990282665
1101,1711,-0.519550121769115
1101,1912,-0.800141477312429
1101,1936,-0.872322402571955
1102,1104,-0.605942412650206
1102,1108,-0.374143817282378
1102,1110,-0.404485271891086
1102,1111,-0.804120237237746
1102,1114,-0.563051020810038
1102,1189,-0.547372952981433
1102,1229,-0.405418558449795
1102,1925,-0.966525617825476
1102,1992,-0.814011848926888
1103,1113,0.515926282443149
1103,1114,0.0585858845030266
1103,1325,0.0875320080931047
1103,1403,0.192945061050057
1103,1427,-0.198572355490366
1103,1557,0.0454013349102129
1103,1751,0.19109090593113
1103,1960,0.514175566992443
1104,1106,0.0261524620259134
1104,1107,-0.0988611954201878
1104,1109,0.0992283137640591
1104,1114,0.0280012845987296
1104,1217,0.31136484459787
1104,1315,0.610281975953127
1104,1337,0.633533920661283
1104,1709,0.232213493136547
1104,1721,0.429141663010012
1104,1760,0.20187891835718
1104,1865,0.502664695169711
1105,1113,0.0700383060111084
1105,1143,-0.12603861798149
1105,1158,0.0621214090065111
1105,1173,-0.174836400692752
1105,1291,-0.160967188722894
1105,1478,-0.701676729418533
1105,1713,-0.190519999655322
1105,1811,-0.0094441079695752
1105,1996,-0.0855306765640469
1105,2000,0.160775922796599
1106,1108,0.198732711122812
1106,1109,0.0797436971874734
1106,1112,0.124030495475497
1106,1117,0.332101339022309
1106,1118,-0.1280467737569
1106,1119,0.783729360977666
1106,1385,0.164787758102244
1106,1391,0.71982939578451
1106,1416,-0.318860517669409
1106,1450,0.508328107925452
1106,1531,0.514193703799913
1106,1719,0.219297364476147
1107,1110,0.292091230203847
1107,1111,-0.0360197757195133
1107,1116,0.336942221488099
1107,1298,0.21493735603301
1107,1380,0.327709224972328
1107,1620,-0.205553972202974
1107,1628,0.423188980978864
1107,1745,0.0118965237744667
1107,1898,0.337485601058234
1108,1114,-0.183341007578302
1108,1119,0.555383585047591
1108,1120,0.459775394536029
1108,1121,-0.0987522536999156
1108,1434,-0.165785162897421
1108,1483,-0.30403172905495
1108,1494,0.545360279631566
1108,1551,-0.0916767716089008
1108,1726,-0.0725969947743482
1108,1749,0.447314931440904
1108,1805,-0.472827700526595
1108,1889,-0.136243206792594
1108,1994,-0.0643148288451686
1109,1110,0.0890292743052335
1109,1112,0.0424466786291368
1109,1116,0.107782978281562
1109,1118,-0.215640163484935
1109,1119,0.705752376691001
1109,1122,0.0947217618455439
1109,1165,0.320122041676848
1109,1178,-0.186001878783744
1109,1528,0.0817098567529558
1109,1588,-0.20106305570256
1109,1671,-0.367710109903588
1109,1793,0.0043291822159194
1110,1115,0.235841504353469
1110,1123,0.462870743046315
1110,1152,0.58006726170371
1110,1217,0.129906184046503
1110,1253,-0.111061826355449
1110,1537,0.197252760546331
1110,1681,-0.250706451445088
1110,1969,0.0117751373792895
1111,1113,0.639474696329473
1111,1118,0.0435861834139099
1111,1120,0.842324590377043
1111,1123,0.825776096140277
1111,1124,0.684342313672498
1111,1130,0.977804433319546
1111,1194,0.0213910496125086
1111,1240,0.337031919691224
1111,1265,0.625487668535971
1111,1338,-0.0068736152029659
1111,1370,0.264897623086779
1111,1409,0.423123821238509
1111,1425,0.927447060299157
1111,1655,0.908103440426141
1111,1772,0.0422488431314168
1111,1857,0.865489177642804
1111,1981,0.911149332929351
1112,1114,-0.108540448957166
1112,1115,0.30329306129681
1112,1116,0.0646513024154266
1112,1118,-0.263624958688041
1112,1120,0.571649966540915
1112,1121,-0.0179786982936783
1112,1123,0.550504395657415
1112,1242,0.17690682233665
1112,1258,0.0789149567736001
1112,1417,0.382262951662612
1112,1758,0.324454313411063
1112,1798,0.0831081481879468
1112,1803,-0.0351471300923059
1113,1120,0.182085119689115
1113,1122,-0.280032312136081
1113,1126,-1.07922788678725
1113,1127,-0.292531154260139
1113,1305,-0.0513580766191476
1113,1377,-0.381403472891434
1113,1386,-0.556772088447071
1113,1456,-0.432906196727559
1113,1504,-0.83180885415724
1113,1558,-0.319996147070445
1113,1692,-0.492706064566281
1114,1117,0.304734215679656
1114,1119,0.727906791526166
1114,1122,0.145526232463021
1114,1124,0.485406345604961
1114,1125,-0.0750757451567639
1114,1181,0.146997124054647
1114,1328,0.511402198240225
1114,1410,0.279476197679366
1114,1740,0.226411519742487
1114,1745,-0.11019291916788
1114,1908,0.214602208598555
1114,1954,0.248323288869974
1115,1117,-0.0702837012189827
1115,1120,0.308953991488526
1115,1121,-0.296528307705609
1115,1126,-1.09759026493428
1115,1128,-0.536128585454242
1115,1136,-0.645663534856776
1115,1334,-0.0372803225844913
1115,1641,-0.590659725765676
1115,1719,-0.235944186640752
1115,1744,0.439574809180359
1115,1775,-0.119737652808234
1115,1782,0.32762800832025
1116,1118,-0.344235360417006
1116,1121,-0.0769671986416827
1116,1122,0.0039355410620139
1116,1125,-0.260161594354058
1116,1127,0.021600479157163
1116,1128,-0.311664404024821
1116,1280,0.664294425895163
1116,1378,-0.163208545549514
1116,1811,0.236659730609148
1117,1125,-0.387371653328483
1117,1129,-0.267656613117126
1117,1130,0.461145193885844
1117,1207,-0.118384125249439
1117,1242,-0.0396202343484637
1117,1336,-0.194551731920129
1117,1341,-0.125737072022044
1117,1371,-0.802270681050764
1117,1520,-0.224257034653967
1117,1641,-0.479449463998223
1117,1645,-0.552395820032808
1117,1917,-0.236434332128738
1117,1959,-0.0316695907984246
1118,1119,0.959894380748925
1118,1120,0.846082848955339
1118,1122,0.29505323537301
1118,1125,0.0458060008848752
1118,1127,0.34987674026063
1118,1129,0.215319470574033
1118,1717,0.269707524271965
1118,1826,0.466731916856943
1118,1900,0.193895253757806
1118,1921,0.233869472551245
1119,1122,-0.546306202252459
1119,1130,0.0095171719304873
1119,1195,-0.494119695495223
1119,1222,-0.704774101323303
1119,1238,-0.603611278572084
1119,1310,-0.19640047455832
1119,1710,0.0087105372540349
1119,1878,-0.817511888845278
1119,1945,-0.892209810688999
1119,1948,-0.825614775785724
1120,1125,-0.715472037788765
1120,1128,-0.763823692934646
1120,1340,-0.10846220838397
1120,1558,-0.504805781220687
1120,1593,-0.500127855925267
1120,1613,-0.375109004259154
1120,1733,0.195344056054121
1120,1802,-0.456947968089222
1120,1952,-0.742233848407591
1121,1123,0.515949479172355
1121,1124,0.397784122472294
1121,1125,-0.155577477969791
1121,1128,-0.20280368368449
1121,1213,0.242985832118909
1121,1281,-0.0016577454154199
1121,1302,-0.107207939105521
1121,1536,-0.153804555065703
1121,1562,-0.225469426280473
1121,1783,-0.0361585897606369
1121,1805,-0.357376320248107
1121,1918,-0.386349910513799
1121,1945,-0.218072885349814
1122,1123,0.431622336789511
1122,1124,0.31916704216872
1122,1125,-0.22064911705488
1122,1126,-0.733039229310484
1122,1132,-0.115688140908875
1122,1135,-0.397070943539189
1122,1142,0.584380236862264
1122,1380,0.0405138532532248
1122,1496,-0.361401497446452
1122,1670,0.0801514290213167
1122,1701,-0.354411252280269
1122,1785,-0.171974877499735
1122,1903,-0.106078081808263
1122,1962,-0.120676465089019
1123,1125,-0.694513746078996
1123,1126,-1.27268432567916
1123,1135,-0.882917834070135
1123,1156,-0.790163436708265
1123,1159,-0.367658062406639
1123,1190,-0.560916785782548
1123,1267,-0.659690629568473
1123,1352,-0.312259148620476
1123,1423,-0.0574743235313948
1123,1455,-0.626272111546688
1123,1636,-0.907853691093175
1123,1745,-0.749510656298744
1123,1765,-0.944458183449078
1123,1833,-0.162487655247623
1124,1137,0.173212974039061
1124,1223,-0.444458741037159
1124,1264,-0.449934244199641
1124,1322,-0.335605959371248
1124,1427,-0.761838860526604
1124,1512,-0.772969723834068
1124,1595,-0.10600152027611
1124,1622,-0.9989691346476
1124,1737,-0.550398890788145
1124,1849,-0.0951494848230683
1124,1862,-0.115095539982057
1124,1884,-1.09957956430865
1125,1137,0.706581905298313
1125,1209,0.456108810851293
1125,1231,0.0898225560431842
1125,1246,0.177045089520156
1125,1300,0.0528056613761098
1125,1309,0.771206119461552
1125,1318,-0.0804602084864677
1125,1522,0.96465885010027
1125,1784,0.871334300666509
1125,1944,0.866191123594868
1126,1129,0.724186061956832
1126,1135,0.330286137904195
1126,1136,0.412516706365579
1126,1139,0.830360021569365
1126,1233,0.546130861052395
1126,1408,0.557850784571027
1126,1417,1.12816588757791
1126,1476,1.31606529173887
1126,1527,0.972296887195296
1126,1570,1.25240691423598
1126,1712,0.689763104341747
1126,1753,0.9446813281687
1126,1942,0.865507711816494
1127,1128,-0.321560926681672
1127,1129,-0.134969560172869
1127,1131,0.054967784717356
1127,1139,-0.0022536573113976
1127,1140,0.0202196458805229
1127,1284,0.0055966797901988
1127,1513,-0.509267440207055
1127,1566,0.126814484474774
1127,1592,0.0495815058658553
1127,1683,-0.0272067689077333
1127,1831,0.290946427291923
1127,1930,0.212624088374414
1127,1983,-0.0203839324941584
1128,1131,0.382762427408757
1128,1132,0.189648150243658
1128,1135,-0.136169203112706
1128,1139,0.309669965945266
1128,1177,0.34261461342768
1128,1440,0.27614499528893
1128,1499,0.589899760822232
1128,1630,0.784412941462432
1128,1636,-0.139577942210768
1128,1683,0.275005814017919
1128,1833,0.539728880575506
1128,1834,-0.0999966620877931
1128,1877,0.216382427483002
1128,1920,0.611234653035368
1129,1130,0.752488459559186
1129,1171,0.347596989452584
1129,1199,0.0214642280992173
1129,1254,0.461896197263284
1129,1365,-0.129992920871521
1129,1670,0.191469903042724
1129,1679,0.0511894767035215
1129,1751,0.0789172487777556
1129,1761,0.302256524604724
1129,1802,0.138368156603142
1129,1842,-0.270149549358917
1129,1972,0.0540731975732579
1129,1988,0.0962527175401347
1130,1134,-0.79389703987879
1130,1136,-1.0020000294801
1130,1141,-0.36631544654266
1130,1222,-0.724626473875271
1130,1241,-0.32983275439433
1130,1469,-0.295529592509502
1130,1481,-1.09739761254819
1130,1698,-0.347084286796625
1130,1762,-0.812991905106988
1130,1986,-1.02646011947325
1130,1996,-0.487468682366366
1131,1132,-0.209923932807659
1131,1133,0.0394315492927523
1131,1137,0.469765673585744
1131,1138,-0.0480430921929453
1131,1144,-0.238730318223726
1131,1453,0.439629817892559
1131,1454,-0.179504224759187
1131,1668,-0.220447712495791
1131,1911,-0.024371494744
1131,1921,-0.159147679787012
1132,1135,-0.339207033797571
1132,1136,-0.284282777664714
1132,1138,0.160589722314888
1132,1139,0.145965400429368
1132,1140,0.164221890689382
1132,1141,0.41216370898614
1132,1144,-0.0372382305519758
1132,1191,0.736220299187994
1132,1321,0.0613877551504662
1132,1346,0.178200962311511
1132,1621,0.572585608768531
1132,1697,-0.0291855288816856
1132,1736,0.426381398043076
1133,1135,-0.525214233088733
1133,1143,0.0132358684384365
1133,1144,-0.254663225657758
1133,1145,-0.310474821959462
1133,1224,-0.0623779011451489
1133,1442,0.272294801935952
1133,1643,-0.576187486080451
1133,1717,-0.186033218486251
1133,1835,-0.463214569233989
1134,1143,0.244507603366434
1134,1144,-0.0431883629744166
1134,1307,-0.141858457190699
1134,1591,0.077253352243697
1134,1653,0.190702215082212
1134,1747,0.0029428149587696
1134,1947,0.224549589627472
1134,1969,0.115457429247111
1135,1137,0.881229905357659
1135,1138,0.492157187007785
1135,1142,1.03988969508543
1135,1143,0.546862127432264
1135,1144,0.292249603777873
1135,1145,0.204444725027316
1135,1147,0.831077459708138
1135,1246,0.37003905086037
1135,1286,0.433181318013297
1135,1299,0.747220676725609
1135,1335,0.480119877211653
1135,1517,0.489577884618796
1135,1785,0.201237050975134
1135,1790,0.41679206918322
1136,1148,0.689553764298968
1136,1178,0.0988770932263268
1136,1296,0.64449068021502
1136,1402,0.319999365337567
1136,1451,-0.109745320554099
1136,1585,0.0230615265985646
1136,1616,0.708932876313337
1136,1688,0.446231108305506
1136,1829,0.51056760756374
1136,1863,0.449619915588021
1136,1881,0.61716573167991
1136,1939,0.780263632246976
1136,1958,0.540463886986753
1137,1138,-0.492139841930468
1137,1140,-0.46027216436038
1137,1143,-0.394583832142587
1137,1144,-0.648042982162499
1137,1146,-0.27319150302577
1137,1149,-0.701856083088636
1137,1160,-0.261804229202567
1137,1185,-0.133668861424143
1137,1212,-0.40116378455818
1137,1224,-0.452794207192244
1137,1310,-0.135501897577083
1137,1470,-0.853561291888012
1137,1505,-0.267802140351389
1137,1512,-0.901802957128165
1137,1600,-0.393104921587531
1137,1742,-0.449623614955884
1137,1887,-0.150856008491214
1138,1139,-0.0110756495912754
1138,1141,0.252808630760312
1138,1440,-0.0299046346885223
1138,1586,0.43749400746316
1138,1702,0.44585730681954
1138,1762,-0.249832349825242
1139,1140,0.0254692653740146
1139,1142,0.628577885411864
1139,1143,0.10066734452703
1139,1144,-0.172828394226938
1139,1150,-0.394601666193941
1139,1416,-0.511551459112054
1139,1426,-0.50904645395059
1139,1559,-0.0989426624757304
1139,1836,0.0578348185315619
1139,1863,0.0576495003872196
1139,1877,-0.103587561196539
1139,1943,0.030190713982267
1140,1143,0.0745635166227683
1140,1145,-0.253813178366952
1140,1150,-0.411769519355662
1140,1177,0.0271442285467189
1140,1217,0.0856645562202084
1140,1372,0.32794854181046
1140,1502,-0.158629923747291
1140,1505,0.220369654558059
1140,1551,-0.10906289934234
1140,1669,0.196515070274077
1140,1689,0.088535299206378
1140,1793,-0.137374442116898
1140,1803,-0.133435649004747
1140,1817,0.081076886862392
1140,1832,-0.249760366564613
1141,1145,-0.488430229410916
1141,1146,0.0095336184085371
1141,1149,-0.515779429278172
1141,1154,-0.19375539542877
1141,1158,0.0473675088030967
1141,1210,-0.566347093178819
1141,1331,-0.374664602593332
1141,1588,-0.573613801325793
1141,1858,-0.424490518883415
1141,1961,-0.262694574819108
1142,1145,-0.819264619778941
1142,1146,-0.399494681287998
1142,1151,-0.936741578189851
1142,1325,-0.830834801553366
1142,1361,-0.0484189338666041
1142,1572,-0.524897432670907
1142,1664,-0.812226300290057
1142,1838,-0.276190943161591
1143,1154,-0.0395490657122105
1143,1250,-0.135748096325639
1143,1268,-0.338355464612446
1143,1280,0.487176954089568
1143,1468,0.0457967491244235
1143,1762,-0.320434227673824
1143,1772,-0.406855462629572
1144,1147,0.548947168020946
1144,1153,-0.448792209619619
1144,1154,0.23351484982796
1144,1155,0.388653529081043
1144,1156,-0.198221959741717
1144,1157,0.567255055656275
1144,1289,-0.323164509913438
1144,1941,0.345484402490946
1144,1975,-0.0964075336600628
1145,1148,0.502145177595223
1145,1152,0.785232627735009
1145,1155,0.434837905869117
1145,1158,0.491899835725555
1145,1193,0.442255386477841
1145,1325,0.0857447653504949
1145,1431,0.30696788287435
1145,1471,0.0980331015568925
1145,1736,0.503884192072016
1145,1838,0.576880418762798
1145,1888,0.574684780006638
1146,1148,0.0015019516138668
1146,1149,-0.540438258839941
1146,1150,-0.673081210953327
1146,1153,-0.940916294472274
1146,1159,-0.179651545367906
1146,1463,-0.283418743022
1146,1828,-0.12713438433105
1146,1905,-0.46282834594419
1147,1148,-0.0972175065559723
1147,1150,-0.76051198671541
1147,1151,-0.711302164349782
1147,1154,-0.303221729418165
1147,1156,-0.734199810935378
1147,1157,0.0381713459837468
1147,1410,-0.279947494757973
1147,1677,0.154809764602226
1147,1956,0.0382354903290053
1148,1150,-0.662148730701878
1148,1151,-0.606437361407785
1148,1157,0.132079280912081
1148,1159,-0.176419758784223
1148,1183,-0.250489722187126
1148,1226,-0.617049132266565
1148,1444,-0.520341562915999
1148,1674,-0.273251093314803
1148,1684,-0.0124315784686976
1148,1767,-0.222239706187639
1148,1903,-0.442202752303784
1148,1998,-0.2581221178755
1149,1152,0.820888255064058
1149,1154,0.319145439884916
1149,1155,0.460978224751343
1149,1159,0.323196985905595
1149,1198,0.553775848117103
1149,1230,0.421079511624761
1149,1343,0.534014548183724
1149,1379,0.185618670777154
1149,1417,0.545415437836053
1149,1453,0.739272548602912
1149,1496,-0.147051751179855
1149,1657,0.661511942749819
1149,1681,-0.0312670825511593
1149,1718,0.303758821715688
1150,1155,0.587312893606847
1150,1156,0.0510057380505633
1150,1158,0.641854306235518
1150,1159,0.458456760359961
1150,1160,0.636370294754293
1150,1161,0.502765394002398
1150,1299,0.681793354816824
1150,1308,0.0677176290629933
1150,1427,-0.0289143856438451
1150,1656,0.256254528062933
1150,1657,0.782123625277083
1150,1746,0.301215146887545
1150,1880,0.0241732843889806
1150,1885,0.456546001777279
1150,1990,0.553986230049847
1151,1162,1.18385416105763
1151,1164,0.0283706786595485
1151,1277,0.0045984920136856
1151,1405,0.307423147474485
1151,1450,0.638659123289883
1151,1511,0.396257346532773
1151,1551,0.226072822281516
1151,1662,0.575636256933509
1151,1966,0.269847388413112
1151,1991,0.288932818914674
1152,1158,-0.269657310705521
1152,1164,-0.923557377943819
1152,1281,-0.69343314089531
1152,1371,-1.2776069345153
1152,1415,-0.764879612071604
1152,1448,-0.675603288032365
1152,1613,-0.47285077773891
1152,1664,-0.776499044458762
1152,1725,-0.608801860041539
1152,1827,-0.701245816173757
1152,1858,-0.732729917981681
1153,1155,0.829517921228345
1153,1158,0.875814547896679
1153,1159,0.675739004739289
1153,1210,0.344013032201678
1153,1376,0.623485633879191
1153,1514,0.351078102366324
1153,1653,0.644773303166606
1154,1156,-0.421346095723945
1154,1159,0.0189315097123087
1154,1196,-0.320828578911833
1154,1323,-0.0553027847919414
1154,1364,0.323187451457543
1154,1383,0.514008201762155
1154,1623,0.149955058071302
1154,1651,-0.215975381805505
1154,1678,-0.129916069229885
1154,1699,-0.202656512591064
1155,1158,0.070424573754531
1155,1160,0.0300299350404646
1155,1163,-0.0636652285824583
1155,1167,-0.647503361823538
1155,1355,-0.236904774445418
1155,1456,-0.365617655747051
1155,1500,-0.202111916891552
1155,1503,-0.683503424910594
1155,1591,-0.267852816922061
1155,1727,0.101820872849994
1155,1782,0.282547703500424
1155,1831,0.0705557086805673
1155,1992,-0.593095607747941
1156,1157,0.742465243167327
1156,1163,0.524895247991266
1156,1166,0.805025398572517
1156,1168,0.739043467043859
1156,1228,0.11094502363394
1156,1273,0.131578648444918
1156,1298,0.243035049190137
1156,1303,0.325676058473057
1156,1388,0.308467982849663
1156,1431,0.424171577924411
1156,1596,0.262513969228289
1156,1607,1.02319331960319
1156,1704,0.264484078781305
1156,1723,0.655071784893166
1156,1782,0.827158574020613
1156,1891,0.595683983478375
1157,1158,-0.0775430418583162
1157,1166,0.0796485551289813
1157,1167,-0.843070311048826
1157,1170,-0.553586559067145
1157,1306,-0.605612903716934
1157,1507,-0.0520683916620889
1157,1703,-0.746274889224356
1157,1707,-0.321604812310232
1157,1902,-0.88165462952081
1158,1160,-0.0395363535645271
1158,1165,-0.109276042325743
1158,1169,-0.731110691263245
1158,1277,-0.566019664543252
1158,1301,0.127963406450505
1158,1367,-0.199371680232656
1158,1393,0.0496148127266649
1158,1697,-0.431686962860041
1158,1771,0.0408780536375157
1158,1910,-0.28601293665516
1159,1164,-0.376369013277843
1159,1165,0.107271371177708
1159,1208,-0.079513977323351
1159,1257,-0.168521029410891
1159,1273,-0.305801462254798
1159,1326,0.3827511896212
1159,1415,-0.256512510222902
1159,1560,0.197327308963779
1159,1610,0.151497465277794
1159,1777,0.0853941038420102
1159,1811,0.128122867208923
1159,1879,0.0829283917427391
1159,1891,0.145362031521022
1159,1897,-0.0745682519870927
1160,1162,0.587503739027037
1160,1165,-0.0731313513835205
1160,1166,0.201058489039807
1160,1170,-0.422718920076973
1160,1171,-0.0518762680064004
1160,1172,-0.341081603481711
1160,1462,-0.650951841194462
1160,1492,0.278323378038782
1160,1622,-0.961338189026109
1160,1875,-0.313237773102597
1160,1998,-0.246848616081678
1161,1163,0.0544093509014204
1161,1167,-0.548517777550665
1161,1273,-0.34478950061715
1161,1465,0.17354587609465
1161,1538,-0.0709696085381983
1161,1610,0.129334138264896
1161,1663,0.0435098495172689
1161,1786,-0.0373527113968358
1161,1934,0.392134103886024
1162,1172,-0.907923006960101
1162,1175,-0.625369151927371
1162,1261,-0.416115582908459
1162,1517,-0.900630931444947
1162,1519,-1.37269809383231
1162,1645,-1.26077495720726
1162,1694,-1.290558078335
1162,1709,-0.762192239198398
1162,1725,-0.882180625948535
1162,1855,-0.748269431146272
1162,1983,-0.794262334651044
1163,1164,-0.486072784556665
1163,1166,0.301878429311345
1163,1170,-0.338475954448258
1163,1171,0.0455949248289591
1163,1173,-0.110617748321086
1163,1176,0.407789310533183
1163,1380,-0.133740658477256
1163,1406,0.164066239358718
1163,1564,-0.0486741823011654
1163,1723,0.130765433300083
1163,1969,-0.170689825576045
1163,1989,0.13928032404035
1164,1168,0.725223960957712
1164,1172,0.188283730514433
1164,1174,0.455210685046537
1164,1177,0.339877827748321
1164,1247,0.241215535109738
1164,1257,0.234056443458479
1164,1448,0.200451062807977
1164,1476,0.843792833806927
1164,1505,0.571481534186983
1164,1521,0.718350732276422
1164,1615,0.559547717656177
1164,1770,-0.117011704452636
1165,1168,0.220382089111361
1165,1169,-0.68835249167854
1165,1176,0.394367381017383
1165,1177,-0.130999166379695
1165,1178,-0.510991945317524
1165,1186,0.315637692476423
1165,1255,0.125763401062468
1165,1261,0.210325663929646
1165,1281,-0.298661270722967
1165,1786,-0.120355717751312
1166,1167,-0.907819364695837
1166,1169,-0.936770361128377
1166,1175,-0.242980036006977
1166,1177,-0.38005317374498
1166,1179,-0.78165583024213
1166,1250,-0.488693558200602
1166,1347,-0.670390122201523
1166,1355,-0.469825765697675
1166,1374,-0.19519803494198
1166,1772,-0.771773820808982
1166,1791,-0.413835069975344
1167,1170,0.237149746607669
1167,1173,0.484209357306447
1167,1176,0.940307202335133
1167,1177,0.460885179244162
1167,1491,0.140068331771769
1167,1507,0.792753020329718
1167,1511,0.516248770583386
1167,1789,0.429733597518053
1167,1946,0.619863413695095
1168,1169,-0.866849716754266
1168,1172,-0.473354445103565
1168,1174,-0.246776325303801
1168,1175,-0.182017814847963
1168,1176,0.19554380401516
1168,1179,-0.709290457493514
1168,1185,-0.0083582496735852
1168,1201,0.0915865273017963
1168,1206,-0.646774264564342
1168,1273,-0.628760890399817
1168,1475,-0.898611461523518
1168,1648,-0.44691944119274
1168,1757,0.127205034818062
1168,1836,-0.348914586648347
1168,1983,-0.377869510524489
1169,1171,0.687049618011951
1169,1177,0.495386767638793
1169,1417,0.768738817213823
1169,1450,0.793009565738548
1169,1457,0.253651538443961
1169,1464,0.447103907934893
1169,1502,0.325104454207945
1169,1532,-0.152405625484013
1169,1588,0.142876036497875
1169,1768,0.147646078311088
1169,1890,0.92780050716202
1170,1176,0.680431000143087
1170,1208,0.19364409321905
1170,1324,0.484689619217781
1170,1365,-0.0668898843539832
1170,1383,0.722217736789406
1170,1459,0.623494290673483
1170,1494,0.737259307020068
1170,1537,0.339315087886797
1170,1566,0.29983812843195
1170,1601,0.562437145214219
1170,1614,-0.153933834462447
1170,1700,-0.364825912035058
1170,1876,-0.307328088917448
1170,1962,0.0203538580100136
1170,1985,0.17947471944426
1171,1172,-0.295008742459725
1171,1176,0.373643414395451
1171,1180,0.130143797017566
1171,1182,0.0293766766302942
1171,1183,-0.190023560073957
1171,1249,-0.785855162816992
1171,1416,-0.72270333561918
1171,1466,-0.323177992845368
1171,1585,-0.585181492497418
1171,1595,0.0312367673420766
1171,1722,-0.0604076802103885
1172,1176,0.607482581800756
1172,1177,0.13622087998562
1172,1185,0.456603279481293
1172,1306,-0.0699421531202106
1172,1443,-0.238487559727203
1172,1544,-0.0283981099008691
1172,1720,0.590978667655699
1172,1724,0.311085112799354
1172,1831,0.370074384179128
1172,1855,0.137836845107958
1172,1942,0.0981163968539273
1172,1983,0.0722847902463733
1173,1174,0.0933110227388093
1173,1177,0.002910545089179
1173,1179,-0.343052275412089
1173,1372,0.305417754750665
1173,1519,-0.548607076868279
1173,1587,-0.157822689983375
1173,1596,-0.16232364602548
1173,1784,0.577643648040365
1173,1962,-0.196190668679818
1174,1175,0.064145687079383
1174,1180,0.190619986063358
1174,1182,0.0908066150089418
1174,1217,-0.0305511111950145
1174,1378,-0.307864707155474
1174,1381,-0.334863914787973
1174,1404,-0.431323326466062
1174,1545,-0.0310486608207178
1174,1929,-0.0359467636265408
1175,1178,-0.509008757224025
1175,1181,-0.248486753564813
1175,1183,-0.188922592026387
1175,1184,-0.1187339516816
1175,1185,0.168823878105514
1175,1187,-0.252512089564904
1175,1213,-0.0421822774095513
1175,1222,-0.339728311362699
1175,1470,-0.61885269531848
1175,1520,-0.299658917526521
1175,1545,-0.0985203176006497
1175,1552,0.289969764595757
1175,1758,0.0245439111435164
1175,1807,-0.757515999303339
1175,1856,0.21391058032339
1175,1985,-0.220521169171012
1176,1178,-0.817768648256226
1176,1182,-0.355240946683756
1176,1192,-0.638847613023639
1176,1205,-0.841150336096501
1176,1285,-1.08150097159578
1176,1302,-0.699799116582895
1176,1328,-0.251952294365417
1176,1361,-0.0187768837327616
1176,1404,-0.826797445335405
1176,1520,-0.630383032368038
1176,1650,-0.57019567534802
1176,1685,-0.485327762010923
1176,1770,-0.830774628955829
1176,1800,-0.0184273881321706
1176,1886,-0.138942772119497
1176,1930,-0.317345457303276
1177,1181,-0.0886582434800071
1177,1190,-0.147455956187525
1177,1236,-0.150111658647915
1177,1632,0.322853207392571
1177,1634,0.398944468046596
1177,1675,-0.262409482556821
1177,1900,-0.156873246033406
1177,1972,-0.12047256398731
1177,1988,-0.0853774449853942
1178,1180,0.665950464943297
1178,1184,0.409717080195183
1178,1188,0.40492091401337
1178,1215,0.598751964878609
1178,1380,0.299534193243443
1178,1404,0.0440071524138767
1178,1519,-0.192218884059124
1178,1780,-0.106777620241264
1178,1832,0.0635384350073731
1179,1180,0.679783990213601
1179,1182,0.566334022923608
1179,1183,0.329571364388932
1179,1192,0.196060572839414
1179,1197,-0.175449758463946
1179,1254,0.630354220105384
1179,1269,0.181985089791294
1179,1353,0.313531117428831
1179,1828,0.453683608591251
1179,1929,0.413518255242434
1180,1184,-0.256825894731948
1180,1186,0.178445397755556
1180,1187,-0.390610654480298
1180,1190,-0.459197340762395
1180,1301,0.120831287839267
1180,1335,-0.327551253552275
1180,1573,0.0399685234788183
1180,1689,-0.204238218231925
1180,1992,-0.757529773098277
1181,1188,0.143506966923179
1181,1189,-0.121073175853824
1181,1376,0.025910914891546
1181,1484,-0.637469911225336
1181,1540,0.0508389968346762
1181,1620,-0.498514777569075
1181,1760,0.0156114309169624
1181,1776,0.247350404843416
1181,1977,-0.173415416600045
1182,1188,-0.129999426888256
1182,1207,-0.226259286142463
1182,1344,0.15824428471119
1182,1389,-0.0741135550840622
1182,1473,0.267796469310144
1182,1512,-0.728860263926267
1182,1643,-0.77701737285701
1182,1694,-0.622113756439755
1182,1696,-0.616940366267581
1182,1715,-0.125918089692507
1182,1809,-0.437900914490089
1183,1185,0.36085793163969
1183,1187,-0.0759514794617157
1183,1192,-0.126276983414995
1183,1201,0.459367382579141
1183,1208,-0.0228109478544585
1183,1287,0.17513055865735
1183,1303,-0.0625803445338
1183,1402,-0.0928496999393617
1183,1523,-0.126510746510746
1183,1781,-0.148093779967543
1184,1186,0.402812777571094
1184,1196,-0.364128297559455
1184,1197,-0.558331028764264
1184,1263,-0.230060084326374
1184,1396,0.0176348969841713
1184,1580,0.154225621768343
1184,1625,-0.0672430726381538
1184,1779,0.022715998113914
1184,1956,0.277351815186858
1184,1984,-0.752481066734455
1185,1188,-0.272490250850648
1185,1197,-0.810233325651262
1185,1198,-0.0978578114687296
1185,1288,-0.247806429224151
1185,1375,0.169548770402124
1185,1381,-0.556120087493796
1185,1445,-0.581497493231037
1185,1528,-0.41048287323127
1185,1542,0.0983012512847644
1185,1615,-0.0898134260477036
1185,1706,-0.203842831626131
1185,1879,-0.200406663830358
1185,1995,0.250344494028254
1186,1189,-0.612292296859289
1186,1192,-0.580416031336216
1186,1331,-0.565432274681206
1186,1693,-0.559638828604134
1186,1739,-0.651865098173709
1186,1950,-1.00504193578878
1187,1188,0.148845716819769
1187,1196,-0.207106088957444
1187,1288,0.183641744707083
1187,1351,0.216665715889055
1187,1352,0.136703423230557
1187,1406,0.373501876973967
1187,1445,-0.107370111138728
1187,1572,0.140592999149265
1187,1648,0.0065075222234819
1187,1765,-0.455055285721133
1187,1855,0.0925890845202748
1187,1964,0.0008384323618614
1187,1994,-0.009923516575951
1187,2000,0.431616360899336
1188,1193,0.120465289685758
1188,1196,-0.358782228661608
1188,1412,-0.377436686876434
1188,1446,-0.0562254630578036
1188,1452,-0.57306666282448
1188,1575,-0.0987973770598798
1188,1609,-0.430768266129246
1188,1847,0.12904585509485
1188,1986,-0.577529232296922
1189,1193,0.367272581960814
1189,1251,-0.188648529386678
1189,1288,0.2910978137588
1189,1306,-0.0117402504725837
1189,1344,0.538063086814181
1189,1363,-0.0638022656177721
1189,1600,0.25227918620467
1189,1648,0.115687098075861
1189,1728,0.143622926214362
1189,1730,-0.164403921529075
1189,1791,0.155154240533736
1189,1945,-0.171041077117729
1189,1963,0.21336299484595
1190,1191,0.665549032283564
1190,1193,0.325286854163883
1190,1194,-0.231210596636682
1190,1195,0.232399244226585
1190,1196,-0.153960664183483
1190,1203,0.458856877550238
1190,1231,-0.0629309910968865
1190,1266,-0.115951950019568
1190,1517,0.121967737339702
1190,1615,0.361035477448085
1190,1639,-0.185547673036325
1190,1875,0.0412373003667978
1190,1885,0.16073865646513
1191,1196,-0.806179714596064
1191,1199,-0.728121706341954
1191,1203,-0.109473231035502
1191,1279,-0.0988840189715068
1191,1325,-0.771146713618807
1191,1358,-0.463124379828196
1191,1381,-0.731774509226563
1191,1458,-1.48966598107377
1191,1515,-0.823744935903976
1191,1576,-0.701214424460765
1191,1760,-0.60922215444657
1191,1790,-0.598643243588017
1191,1795,-0.856847810638338
1191,1904,-0.34520895455036
1191,1915,-0.702793921331199
1191,1947,-0.435154897461712
1192,1194,-0.250937402178019
1192,1197,-0.356956143526258
1192,1198,0.401716474507169
1192,1201,0.570036337396152
1192,1252,-0.0796987769827252
1192,1274,-0.0339413921028047
1192,1607,0.823168145433313
1192,1638,-0.370136018876412
1192,1715,0.214472171334415
1192,1781,-0.0416446954482619
1192,1870,0.233672028022764
1193,1195,-0.119390857374154
1193,1201,0.245768641782726
1193,1204,-0.293257311092332
1193,1206,-0.459410654184736
1193,1229,-0.232342265451221
1193,1248,-0.418608873673178
1193,1496,-0.630193858491847
1193,1508,-0.253846635159956
1193,1509,0.216658800980896
1193,1796,-0.640234031468427
1193,1819,-0.36214900241247
1193,1837,-0.340963770718886
1194,1195,0.482135072211033
1194,1197,-0.108641825725248
1194,1198,0.65538885789622
1194,1201,0.811088142201564
1194,1203,0.678717237832383
1194,1204,0.300865540231485
1194,1205,0.003127989349891
1194,1243,0.37665518499736
1194,1253,0.186681309577483
1194,1659,0.15794406403194
1194,1683,0.305390378700719
1194,1837,0.225108120134129
1194,1883,0.287331934336267
1195,1196,-0.390396456037073
1195,1202,-0.39935474367755
1195,1207,-0.103631084763152
1195,1705,-0.369737761154835
1195,1880,-0.504057839464874
1195,1931,-0.139420810970267
1195,1944,0.548642399540327
1196,1198,0.558066289706537
1196,1199,0.17170199637367
1196,1200,0.536399659646372
1196,1202,-0.011563353185387
1196,1205,-0.0668716415570826
1196,1275,0.116700003139662
1196,1330,0.529796637918957
1196,1515,-0.0289470859214655
1196,1732,0.193619114396701
1196,1826,0.375748864022207
1196,1857,0.755006197946248
1196,2000,0.64449333210295
1197,1200,0.728606980276295
1197,1201,0.898461655982016
1197,1202,0.160478600203708
1197,1203,0.742765365961865
1197,1209,0.675030004129482
1197,1384,0.181740674417077
1197,1550,0.704626280463141
1197,1635,0.539845948243042
1197,1729,0.572098869008904
1198,1204,-0.369142924250148
1198,1307,-0.579850813088509
1198,1440,-0.278763146804787
1198,1475,-0.813436642623308
1198,1484,-0.955419545982656
1198,1492,0.257798230258108
1198,1742,-0.245585208197307
1198,1749,0.201547747043164
1198,1813,-0.350461662543355
1199,1202,-0.179457274586379
1199,1211,-0.12025914497438
1199,1463,0.0929107791280943
1199,1546,-0.101137670633964
1199,1558,0.0503134167279045
1199,1703,-0.296865737480489
1199,1775,0.208507279766429
1199,1895,0.309502468768823
1199,1903,-0.0216014187059908
1200,1202,-0.546983123436393
1200,1212,-0.167632236681844
1200,1492,0.254151021188532
1200,1506,-0.453422599133417
1200,1508,-0.312802689800995
1200,1519,-0.787606178379076
1200,1618,-0.400348330962491
1200,1731,-0.120922383855181
1200,1847,-0.0470296873142597
1200,1883,-0.324104395487275
1201,1203,-0.0382915873127842
1201,1205,-0.787102552830269
1201,1212,-0.370928238725648
1201,1331,-0.562885857172226
1201,1459,-0.0140908582859846
1201,1584,-0.177804752314677
1201,1682,-0.13819116486031
1201,1710,0.103434176346978
1201,1715,-0.357077845003423
1201,1724,-0.248742392036696
1201,1758,-0.248756570697977
1201,1846,-0.441446079181589
1202,1207,0.282359306040833
1202,1210,-0.0091825509696684
1202,1211,0.0637852847834304
1202,1221,0.544151777101808
1202,1317,0.0665424380681446
1202,1370,0.179582544366671
1202,1472,0.626332107750058
1202,1543,0.147802803242585
1202,1683,0.235336030057063
1202,1792,-0.0023963694535301
1202,1930,0.462688503073927
1203,1204,-0.449193619180733
1203,1206,-0.579820991033546
1203,1447,-0.579978422594129
1203,1557,-0.506133619276819
1203,1634,0.0240239194505602
1203,1646,-0.324601986222599
1203,1671,-0.765725002642967
1203,1677,0.0530098657403595
1203,1756,-1.0280709221262
1203,1763,-0.422629721046098
1203,1765,-0.79439209393524
1203,1836,-0.337237516405931
1203,1874,-0.383315332677889
1203,1880,-0.674914576357606
1203,1926,-0.309296524080262
1204,1205,-0.289590690022213
1204,1207,0.0725994120924109
1204,1212,0.193016752370302
1204,1214,0.705251942341627
1204,1229,0.0513576709997886
1204,1335,0.0789998362437025
1204,1398,0.0141129270961205
1204,1835,-0.354020472832221
1204,1901,-0.042983005400611
1204,1906,0.0848830444870066
1205,1210,0.0504218501476188
1205,1212,0.471810954660971
1205,1217,0.429551656128499
1205,1218,0.249950865706398
1205,1253,0.177087641706594
1205,1284,0.365799550441867
1205,1362,0.438588795631114
1205,1499,0.622217855071837
1205,1523,0.236387700973136
1205,1678,0.263816272076186
1205,1839,0.380830151186498
1205,1841,0.271286513581251
1206,1213,0.396769033246553
1206,1214,0.868006229345029
1206,1215,0.541574791680353
1206,1217,0.335977013368261
1206,1218,0.145298705278036
1206,1309,0.788039012090665
1206,1486,0.340020681432903
1206,1512,-0.260305205802516
1206,1634,0.730036817818101
1206,1882,-0.186389748667199
1206,1884,-0.662838967269646
1207,1212,0.109620852546346
1207,1214,0.599157444193032
1207,1215,0.301318046522181
1207,1216,-0.358514185090214
1207,1286,-0.0042765905935974
1207,1317,-0.218801644774417
1207,1353,0.0103345465677978
1207,1406,0.311272694963708
1207,1662,0.258173327189347
1207,1702,0.422005701677148
1207,1711,0.264201518596208
1207,1797,-0.461170955881642
1208,1212,0.133441328149376
1208,1217,0.115505645010997
1208,1526,-0.062915320435243
1208,1611,0.12901110693355
1208,1755,0.204736942428316
1208,1788,0.0752198425685444
1208,1910,-0.0070672094028771
1208,1980,-0.0350865388973581
1209,1210,-0.507671017005181
1209,1215,0.182840157330775
1209,1219,0.0322784993924647
1209,1221,0.145989482738502
1209,1222,-0.328097216484326
1209,1428,-0.216955311785558
1209,1630,0.396332317645522
1209,1766,-0.0403948127995635
1209,1871,-0.237971697715446
1209,1979,-0.28558692370091
1210,1211,0.0782362578515079
1210,1215,0.602398267555821
1210,1221,0.582997166607011
1210,1223,0.16227686096098
1210,1641,-0.0524319981543962
1210,1708,0.0407018350396709
1210,1735,0.431983328624421
1210,1796,-0.176272279069165
1210,1914,0.386214545010355
1210,1993,0.26932150694121
1211,1215,0.541942811155043
1211,1216,-0.145649390690591
1211,1218,0.142127277698129
1211,1265,0.507731607494049
1211,1421,-0.0118644695709961
1211,1556,0.237533194338057
1211,1579,0.267531461626769
1211,1747,0.0894331038416656
1211,1750,0.517742675367979
1211,1771,0.599161471112358
1212,1214,0.527777273871997
1212,1222,-0.267598711091477
1212,1223,-0.249826737960914
1212,1225,-0.259381630901804
1212,1285,-0.754095803588654
1212,1421,-0.340550421047768
1212,1433,-0.473864393579373
1213,1219,0.0290781490886486
1213,1221,0.123818050510463
1213,1222,-0.292817490497782
1213,1223,-0.281223208292235
1213,1225,-0.287607065757177
1213,1226,-0.493618927837937
1213,1249,-0.718977539606099
1213,1519,-0.656064019373233
1213,1750,0.13062312254976
1213,1800,0.382389292174923
1213,1834,-0.583122620243215
1213,1876,-0.675365688373737
1213,1923,-0.464985244537053
1213,1989,0.125639846763112
1214,1216,-0.947176040496666
1214,1218,-0.665415839435138
1214,1221,-0.318710330048822
1214,1225,-0.767437431359602
1214,1227,-0.869067295324531
1214,1402,-0.652530805171994
1214,1556,-0.619725136951971
1214,1599,-0.155273093613949
1214,1711,-0.318928128855535
1214,1793,-0.741116543931877
1214,1910,-0.623984797765968
1215,1216,-0.63498842860258
1215,1217,-0.204452093369377
1215,1219,-0.131020121752309
1215,1220,-0.348971105827776
1215,1224,-0.286180076958601
1215,1225,-0.440832071841727
1215,1227,-0.560618192802373
1215,1293,-0.317764670460444
1215,1389,-0.164107097958302
1215,1408,-0.480157179290707
1215,1528,-0.348745272052782
1215,1598,0.202279250184878
1215,1653,-0.252027799109582
1215,1852,-0.386281754383024
1215,1947,-0.205445476773586
1216,1220,0.347944496801531
1216,1221,0.620216411956135
1216,1223,0.217344511014047
1216,1227,0.0808442004404691
1216,1348,0.723287496420327
1216,1405,0.336653943991011
1216,1429,1.04118203409244
1216,1444,0.0789309352954711
1216,1709,0.357813669221767
1216,1734,0.321532397630869
1216,1759,0.636851563185153
1216,1936,0.25104419763927
1216,1965,0.796160492393548
1216,1989,0.637149714674807
1217,1218,-0.174661385086097
1217,1226,-0.437369850775193
1217,1228,-0.353369332035986
1217,1333,0.0571405783200124
1217,1414,0.25265287942536
1217,1442,0.242880818446953
1217,1460,-0.168894880964099
1217,1533,-0.12077517185352
1217,1791,-0.0911807183677465
1217,1793,-0.223913851494004
1217,1797,-0.542742168991983
1217,1861,-0.279733503277753
1218,1223,-0.0502552107795482
1218,1231,-0.0894801670814151
1218,1234,0.196902836449595
1218,1251,-0.271057363414052
1218,1359,0.592955642438462
1218,1400,0.350504245748658
1218,1729,0.182778966967483
1218,1734,0.0438002624020727
1218,1802,0.0788148828904352
1218,1857,0.578921790309758
1218,1874,0.0594923417825359
1218,1881,0.281270896498675
1219,1220,-0.224305842596291
1219,1221,0.0972590893866238
1219,1222,-0.331536861788805
1219,1226,-0.537141019069773
1219,1256,0.222175217041833
1219,1279,0.292908887099263
1219,1376,-0.209775921999775
1219,1425,0.348771043129164
1219,1449,-0.265218889669856
1219,1469,0.131732618146793
1219,1565,-0.585456615622255
1219,1630,0.32873669627884
1219,1682,0.135125709285585
1219,1747,-0.327670526517996
1219,1831,0.0963043280073988
1220,1231,-0.14881465995362
1220,1232,0.220500659715407
1220,1333,0.20152168447433
1220,1379,-0.0572556913800341
1220,1576,-0.161757670096995
1220,1712,-0.0740702649067245
1220,1743,-0.287617042374165
1220,1757,0.542990824506856
1220,1893,-0.140880546186101
1221,1224,-0.257798093924323
1221,1229,-0.297142113540618
1221,1231,-0.419246297868042
1221,1233,-0.533419471165375
1221,1256,0.127437623805433
1221,1355,-0.305523094378425
1221,1470,-0.684651377716892
1221,1511,-0.22678357580576
1221,1516,0.280519545130873
1221,1557,-0.447772945819717
1221,1601,0.0922199516935619
1222,1223,0.0115942822055473
1222,1227,-0.125159925815325
1222,1229,0.129959364939355
1222,1231,-0.0343983062056823
1222,1424,0.110990359899762
1222,1445,-0.003885968692706
1222,1459,0.593112762888866
1222,1479,0.498839476178329
1222,1549,0.165189390127542
1222,1612,0.215681197781453
1222,1919,0.414745088627432
1222,1927,0.281684595855443
1222,1959,0.222263789567017
1223,1231,-0.0408849985171681
1223,1273,-0.109556039362587
1223,1299,0.425422205425877
1223,1304,0.0859697306614327
1223,1464,0.105007765777821
1223,1606,-0.489649135572111
1223,1608,0.239751945340612
1223,1817,0.229598171621587
1224,1226,-0.343876947649094
1224,1228,-0.259136910947775
1224,1235,0.072885188133084
1224,1307,-0.266099877340632
1224,1373,-0.578341789173984
1224,1523,-0.1100452211608
1224,1550,0.226452827409644
1224,1555,0.144587837861589
1224,1906,0.0049947452053516
1225,1227,-0.171279680373092
1225,1228,-0.163064368261377
1225,1231,-0.0651082219749542
1225,1232,0.319512928574339
1225,1265,0.405709875290027
1225,1379,0.0358144708382566
1225,1402,0.0381683178164634
1225,1539,0.808161498027406
1225,1740,0.161707279469102
1225,1909,0.495069900095286
1225,1951,-0.0884704181653503
1226,1228,0.0898243234575637
1226,1229,0.337257994915779
1226,1235,0.436276639915414
1226,1236,0.207040326607429
1226,1239,0.777679006382306
1226,1248,0.153441884129193
1226,1299,0.639538085171043
1226,1765,-0.162941144669013
1226,1888,0.684396267852388
1226,1940,0.189146924808427
1227,1229,0.260422101596012
1227,1230,0.431893062520386
1227,1231,0.0852152024244048
1227,1236,0.132101336447121
1227,1265,0.529404863009834
1227,1435,0.374063295030868
1227,1628,0.350679970759371
1227,1680,0.285858661768037
1227,1695,0.104797660970163
1227,1908,0.295756210227439
1228,1232,0.443905905363242
1228,1234,0.390329791357776
1228,1236,0.122619923576037
1228,1238,0.216284708867198
1228,1241,0.511688969868219
1228,1253,0.104123009639468
1228,1389,0.395127248892687
1228,1409,0.31713248694992
1228,1479,0.614371156399231
1228,1674,0.203856347352909
1228,1733,0.92740981104065
1228,1744,0.879893714084897
1228,1772,-0.0511608150439051
1228,1817,0.366170847938339
1228,1866,0.369982096704522
1229,1234,0.134615997500656
1229,1237,0.14469367172461
1229,1266,-0.215207072692325
1229,1355,-0.0250163463712716
1229,1483,-0.301092634253296
1229,1647,-0.142214929945122
1229,1659,-0.181983411478716
1229,1666,0.0474529198209006
1229,1776,0.21519074623103
1230,1231,-0.301404213883895
1230,1259,-0.28215746893455
1230,1274,-0.278216609364077
1230,1281,-0.254273427545968
1230,1365,-0.402422790174077
1230,1403,-0.182487681712193
1230,1697,-0.31522214092735
1230,1720,0.39855167342222
1230,1870,0.0123554429196307
1230,1887,0.236204613528835
1231,1235,0.245684437043892
1231,1239,0.579411866506446
1231,1240,0.145435976500118
1231,1244,-0.0242461925911198
1231,1412,-0.111506043312137
1231,1414,0.486648380671751
1231,1521,0.522970545780382
1231,1662,0.405577407347558
1231,1790,0.124060314239196
1231,1840,0.207633586556685
1231,1852,0.0928470967005091
1231,1913,-0.0362990493314663
1231,1954,0.22497841575793
1231,1967,0.0151910941745961
1232,1234,-0.0698382526871843
1232,1235,-0.095520517163072
1232,1237,-0.0426089476783401
1232,1238,-0.221010331610735
1232,1242,-0.0961224788338263
1232,1274,-0.311902569492919
1232,1660,-0.36402000857992
1232,1945,-0.51885650658399
1233,1235,0.355075033964677
1233,1237,0.379316659485638
1233,1238,0.221764171063137
1233,1240,0.24165646127965
1233,1241,0.516828327676935
1233,1244,0.0605309596688485
1233,1259,0.0851235183951614
1233,1374,0.506712862677316
1233,1382,0.614476846288609
1233,1399,0.42244904160847
1233,1574,0.531630005795727
1233,1684,0.476905840920925
1234,1238,-0.160288268808655
1234,1244,-0.332205302387175
1234,1245,0.364467834095155
1234,1247,-0.216328096176498
1234,1415,-0.320390773842176
1234,1648,-0.17446033708194
1234,1666,-0.0833255336325812
1235,1236,-0.198472562215393
1235,1237,0.0484121835853282
1235,1241,0.170914480227203
1235,1242,-0.0006019616707543
1235,1271,-0.40166017498443
1235,1339,0.218485659686121
1235,1410,-0.0058196878325919
1235,1426,-0.604907911276482
1235,1697,-0.255787251140642
1235,1819,-0.234139672492999
1235,1850,-0.0186903032408857
1235,1927,0.0525379958656661
1236,1245,0.540003863402901
1236,1247,0.0443974222612715
1236,1248,-0.0701463741520891
1236,1256,0.48286695384167
1236,1346,0.149602913082071
1236,1374,0.343279192326701
1236,1384,-0.13112968951579
1236,1457,-0.0792832757413923
1236,1665,0.197208806782956
1236,1996,0.265090250595961
1237,1241,0.113139668239205
1237,1247,-0.21682880819329
1237,1248,-0.323878285052699
1237,1249,-0.67013078164889
1237,1250,-0.169179068615557
1237,1527,-0.0140684796773966
1237,1642,0.117593711066941
1237,1742,-0.0881290225268509
1237,1766,-0.0177154212455047
1237,1894,0.282481252305701
1237,1998,-0.136834242831216
1238,1239,0.484927004952769
1238,1247,-0.0421809017746646
1238,1248,-0.159339892901072
1238,1249,-0.525523222332462
1238,1259,-0.114696771274976
1238,1266,-0.183558245061454
1238,1627,-0.143872559236797
1238,1647,-0.117042911822639
1238,1788,0.103056660833255
1238,1792,-0.222643069091769
1238,1909,0.374229687472194
1238,1921,-0.063507755591841
1239,1242,-0.372192393384186
1239,1243,-0.423916009212799
1239,1245,0.0139120461382959
1239,1247,-0.562644506409442
1239,1249,-1.0031807667678
1239,1251,-0.792862267139381
1239,1353,-0.434184714308991
1239,1405,-0.444159265111723
1239,1519,-0.948926332506493
1239,1548,-0.490399442897874
1239,1558,-0.484840702125105
1239,1761,-0.310600656216946
1239,1772,-0.758980639431296
1240,1248,-0.182748838991877
1240,1249,-0.536629788079928
1240,1251,-0.328770668886577
1240,1304,-0.0345387414849128
1240,1344,0.378518938756401
1240,1381,-0.180844862658367
1240,1428,-0.0230749320064403
1240,1430,0.488497687613289
1240,1493,-0.444536817276753
1240,1600,0.103787210730331
1240,1727,0.299023837928752
1240,1844,-0.0702095838504749
1240,1859,-0.163046308523712
1241,1254,0.0522573846708995
1241,1347,-0.470648739338635
1241,1585,-0.630651852285316
1241,1653,-0.19748090803235
1241,1834,-0.68797576857964
1241,1880,-0.620513859934107
1242,1246,-0.19030917329174
1242,1249,-0.668845990962358
1242,1252,-0.285603095966563
1242,1253,-0.232348871892343
1242,1255,0.206768994804402
1242,1271,-0.404240218941383
1242,1322,-0.077340802311283
1242,1545,0.0216660072656591
1242,1589,0.192143607135827
1242,1905,-0.276650817681233
1243,1244,-0.23231026641701
1243,1249,-0.601628779981157
1243,1251,-0.386111130642877
1243,1253,-0.173618940019015
1243,1334,0.126167137302422
1243,1336,-0.0901836826725755
1243,1531,0.282811091871701
1243,1576,-0.204914426132781
1243,1636,-0.498637785065927
1243,1838,0.319436958329436
1244,1245,0.649087707337547
1244,1250,0.156881774181211
1244,1538,0.21800525904999
1244,1586,0.634943755958434
1244,1623,0.437361765609015
1244,1630,0.686558810186569
1244,1773,0.412439195728978
1244,1784,0.824344008291395
1244,1800,0.712639408994316
1244,1844,0.129263704889657
1244,1886,0.66904859895638
1244,1898,0.20511384880192
1245,1246,-0.560138492091805
1245,1248,-0.662057731331769
1245,1250,-0.496415825854805
1245,1258,-0.480990768673452
1245,1357,-0.507959477235108
1245,1420,-0.5775183567744
1245,1458,-1.37608316983769
1245,1529,-0.634316672313567
1245,1557,-0.613562597873394
1245,1639,-0.738517427253615
1245,1676,-0.467606873914698
1245,1698,-0.236493165485764
1245,1706,-0.301164093482121
1245,1832,-0.676392010593036
1245,1947,-0.346736848504174
1246,1248,-0.104092528357516
1246,1256,0.493385122524385
1246,1344,0.491942858262154
1246,1472,0.457867481377403
1246,1518,-0.0316086313001863
1246,1595,0.320937788401646
1246,1752,0.501920419299025
1246,1855,0.133874451569441
1246,1919,0.378945532855048
1246,1962,-0.0660449476342583
1247,1251,-0.296991109510634
1247,1252,-0.105812980677286
1247,1253,-0.0689219886435251
1247,1254,0.417226910354053
1247,1256,0.499421022400852
1247,1259,-0.0842155287745998
1247,1260,0.27473413950621
1247,1502,-0.0672037436543064
1247,1510,0.180322619800257
1247,1562,-0.28068012656959
1247,1599,0.516650944913973
1247,1660,-0.116481216784278
1248,1253,0.0483327148132676
1248,1254,0.520823376691533
1248,1259,0.0280057488287693
1248,1372,0.555575611942969
1248,1403,0.144348232004951
1248,1437,0.344074807170828
1248,1673,0.293240028437831
1248,1747,0.068963318959177
1248,1780,-0.219599871524625
1249,1261,0.914181877960129
1249,1301,0.952012537481492
1249,1333,0.73546151774338
1249,1382,0.922880245462056
1249,1555,0.687511297810345
1249,1899,0.682545545842544
1249,1924,0.931817606496457
1249,1925,-0.0453435096311476
1249,1996,0.764105770113173
1250,1254,0.352968911859662
1250,1255,0.326213117225617
1250,1256,0.43422906332792
1250,1261,0.406733114684824
1250,1298,-0.0700553066733929
1250,1560,0.323937420682051
1250,1652,-0.458555372358403
1250,1704,-0.0708465079194585
1250,1768,-0.2790022658072
1251,1253,0.197359341037145
1251,1254,0.670661687463566
1251,1259,0.1609392230771
1251,1261,0.706322758766778
1251,1563,0.858430719540769
1251,1634,0.817812992903991
1251,1678,0.287695542098274
1251,1726,0.284830962232303
1251,1750,0.614914737589853
1252,1256,0.603505583136057
1252,1262,0.282544534243375
1252,1462,-0.2619865624674
1252,1712,0.0745307283305597
1252,1875,0.108863757927111
1252,1934,0.72438702103548
1253,1255,0.418510928168869
1253,1264,0.0202451286671877
1253,1265,0.404011717797219
1253,1292,-0.400521025344845
1253,1500,0.157816224718132
1253,1723,0.424716471439084
1253,1899,0.251482026703788
1253,1997,0.247395506203945
1254,1255,-0.0074512336104283
1254,1259,-0.429770196915304
1254,1262,-0.216215379471521
1254,1264,-0.443996653660831
1254,1266,-0.536300556388807
1254,1374,-0.0621714711775649
1254,1466,-0.430658784301067
1254,1526,-0.349426465170874
1254,1580,-0.0873467551860426
1254,1776,-0.12789693283289
1254,1973,-0.0522226631354672
1255,1256,0.114995519981601
1255,1257,-0.398807903014839
1255,1260,-0.115818832212345
1255,1320,-0.712362632249429
1255,1454,-0.414543161396506
1255,1525,-0.0685442811609503
1255,1537,-0.106036892816147
1255,1622,-0.964384237198054
1255,1633,-0.30558136367997
1255,1699,-0.429595329924732
1255,1746,-0.43275213341137
1255,1780,-0.695403554487857
1255,1842,-0.645502829909795
1256,1258,-0.415866209130125
1256,1259,-0.500186372280674
1256,1265,-0.123360020815904
1256,1338,-0.736988758833195
1256,1369,-0.587201183756304
1256,1450,-0.16007147490585
1256,1642,-0.169437146774397
1256,1649,-0.358226911757584
1256,1690,-0.272986189440789
1256,1848,-0.118444801033018
1256,1850,-0.33188091868944
1256,1999,-0.110892046361229
1257,1259,-0.0702982472704871
1257,1260,0.284239959741197
1257,1264,-0.0429919003522787
1257,1266,-0.143880915610353
1257,1381,-0.122919192530529
1257,1406,0.436946597385677
1257,1517,0.0963244896859377
1257,1805,-0.417397464385673
1257,1822,0.146414400541904
1258,1269,-0.0907170741200959
1258,1270,0.577917271704301
1258,1392,0.156554961783648
1258,1412,-0.289877092840515
1258,1475,-0.50724224076922
1258,1481,-0.507467225611292
1258,1778,0.324575784342696
1258,1884,-0.845460219861187
1258,1936,-0.0845069684448394
1259,1260,0.311043071204053
1259,1261,0.475080657111836
1259,1371,-0.429649990996207
1259,1505,0.366294132735475
1259,1598,0.591182652472291
1259,1723,0.4123545253085
1259,1734,0.122364323664582
1259,1967,0.0085295097336098
1260,1261,0.197088271316537
1260,1263,-0.311613511607807
1260,1266,-0.402368908143357
1260,1269,-0.268165664637589
1260,1428,-0.220462562055414
1260,1436,-0.318613484700424
1260,1511,-0.121039470340964
1260,1750,0.11181591587006
1260,1764,-0.573642312471939
1261,1263,-0.492213481100875
1261,1268,-0.620447517899746
1261,1274,-0.488764387486305
1261,1287,-0.213155999534601
1261,1539,0.237167461824868
1261,1554,-0.144298873948111
1261,1562,-0.685453820394177
1261,1580,-0.158144860993392
1261,1667,-0.689822411011278
1261,1983,-0.364188399070786
1262,1263,-0.222816240387584
1262,1271,-0.396643767295657
1262,1272,-0.481334440495779
1262,1279,0.381250187620305
1262,1333,0.0725380418523557
1262,1418,-0.015482711751114
1262,1436,-0.234930225761976
1262,1618,-0.193376269636906
1262,1685,-0.032859621860954
1262,1739,-0.258404118362554
1263,1264,0.0102382420255703
1263,1327,0.321296530909894
1263,1402,0.0627631787224543
1263,1468,0.265842071962153
1263,1584,0.398724014625332
1264,1265,0.397359613907934
1264,1275,-0.0188300982955485
1264,1277,-0.17912764382808
1264,1361,0.662180309425449
1264,1397,0.238582609725836
1264,1511,0.196877789042469
1264,1541,-0.17423039551008
1264,1631,0.579943617868011
1264,1870,0.257666875354439
1264,1877,0.0241052883294509
1264,1889,0.0013943143674089
1264,1955,-0.113324855600275
1264,1957,-0.0357741222839005
1265,1266,-0.484915341679289
1265,1273,-0.503824856336566
1265,1491,-0.504247356011451
1265,1613,-0.167788923370653
1265,1736,-0.0430784314957723
1265,1792,-0.504443014515751
1265,1821,-0.327970961689926
1265,1985,-0.296632839506631
1265,1998,-0.269430660468307
1266,1267,0.0381533906839514
1266,1268,0.0008546506013412
1266,1269,0.122709235638496
1266,1270,0.779742874376598
1266,1274,0.0952924015774927
1266,1275,0.078691288975747
1266,1290,0.520635576663314
1266,1317,0.0174507665388231
1266,1393,0.550273970017868
1266,1492,0.707952893744264
1266,1518,0.0952816197435783
1266,1519,-0.268357598920106
1266,1801,0.261818639338488
1266,1895,0.403264806807502
1266,1984,-0.400662398346393
1267,1271,-0.139774613776065
1267,1272,-0.203394330279562
1267,1275,0.0421693748214357
1267,1276,0.645732779785101
1267,1277,-0.122478249295099
1267,1278,0.0415835916208597
1267,1307,-0.0717865169808947
1267,1332,0.918719790085301
1267,1377,0.0859358537122776
1267,1458,-0.771004835248911
1267,1631,0.65821889233649
1267,1655,0.7284924803983
1267,1954,0.265207465533279
1267,1958,0.327093685721092
1268,1276,0.714883187355012
1268,1281,0.142256729738251
1268,1323,0.277145374430887
1268,1403,0.176626139155756
1268,1593,0.110194660062322
1268,1600,0.340914283454474
1268,1777,0.395626696527321
1268,1849,0.490946786641247
1268,1951,0.037676068672217
1268,1964,0.198171737062005
1269,1271,-0.214928021412805
1269,1278,-0.0502631982041419
1269,1297,0.287620778095691
1269,1354,-0.0329664277352892
1269,1361,0.611211498043371
1269,1375,0.619002138070348
1269,1488,0.454898390872532
1269,1532,-0.511694898345202
1269,1733,0.748688276427035
1269,1966,0.0459735115692126
1270,1271,-0.844641636387966
1270,1278,-0.731848479078585
1270,1306,-0.795044619658031
1270,1325,-0.787763553239547
1270,1437,-0.366246543731282
1270,1543,-0.625601409873227
1270,1686,-0.595090904928178
1270,1692,-0.777864006432961
1270,1830,-0.392555921541467
1270,1874,-0.57109213329078
1271,1272,-0.0451953805024282
1271,1273,0.0888234118599601
1271,1274,0.191964137611001
1271,1277,0.0234254311197265
1271,1279,0.771477574131734
1271,1280,0.895297447154382
1271,1283,0.215372408217328
1271,1284,0.344129939440929
1271,1399,0.467479329843308
1271,1457,0.111182666804385
1271,1578,0.357858329586062
1271,1601,0.688547195856992
1271,1603,0.351850266620725
1271,1734,0.287903809675605
1271,1787,0.587274772587558
1271,1980,0.300873421973332
1272,1274,0.25521743887044
1272,1279,0.890274203560777
1272,1285,-0.224020072061079
1272,1294,0.991752241735513
1272,1374,0.647162629815786
1272,1548,0.366851148790584
1272,1835,-0.031853533867819
1272,1978,-0.0565831609737184
1272,1985,0.397605527937469
1273,1274,0.108430583670317
1273,1277,-0.069923230949276
1273,1280,0.851431809326076
1273,1284,0.261352548392956
1273,1386,-0.0223998576785126
1273,1482,-0.104790080126537
1273,1532,-0.390494451838462
1273,1704,0.130039574489434
1273,1802,0.24001209850972
1273,1838,0.592264513995064
1274,1276,0.557266722047596
1274,1279,0.603947245048335
1274,1282,0.355770917112542
1274,1283,0.0258212154172449
1274,1285,-0.463685573595745
1274,1286,0.122888672859667
1274,1437,0.268665119144465
1274,1669,0.340303922913876
1274,1718,0.185823018498772
1274,1975,-0.136836824741338
1275,1281,0.0494897026160435
1275,1286,0.141527068130019
1275,1287,0.350010063404791
1275,1311,-0.0113854784668465
1275,1395,0.4501478741455
1275,1544,0.0126878642648843
1275,1589,0.419648076024837
1275,1749,0.605346552735047
1275,1751,0.0911373274359908
1275,1833,0.390634116648762
1275,1902,-0.340172839436537
1275,1907,0.529213654472819
1276,1279,0.093303167800577
1276,1283,-0.52621413429582
1276,1288,-0.2946642897914
1276,1459,0.0775849561149928
1276,1617,0.0749346388801696
1276,1659,-0.642913418342895
1276,1712,-0.499884641616988
1276,1738,-0.661689218388352
1277,1288,0.44409862847576
1277,1352,0.368973701394102
1277,1479,0.662446809508064
1277,1488,0.674409539870686
1277,1637,0.39125099197571
1277,1668,0.149875348683871
1277,1676,0.311727806340515
1277,1678,0.236491291639663
1277,1912,0.314676821372961
1277,1965,0.749470639908759
1277,1979,0.225744866316047
1277,1993,0.27942515727788
1278,1282,0.392505922372391
1278,1286,0.148026951216831
1278,1287,0.359980632839423
1278,1288,0.291599388423007
1278,1289,-0.353066768393249
1278,1290,0.465060824283182
1278,1311,-0.0098000796530716
1278,1312,0.462925688981014
1278,1362,0.267118292190303
1278,1384,-0.123057209712117
1278,1574,0.429086392714726
1278,1795,-0.141516467697868
1278,1834,-0.289042047915067
1279,1281,-0.596390145737929
1279,1289,-0.934887736859347
1279,1518,-0.586215420027417
1279,1524,-0.0575515064669369
1279,1651,-0.646308622762299
1279,1787,-0.215652389520968
1279,1804,0.0542014825761797
1279,1890,0.0037921347703171
1279,1929,-0.385918800004381
1280,1283,-0.691952130496508
1280,1287,-0.43424148397598
1280,1289,-1.07473552576471
1280,1292,-1.26791549000101
1280,1364,-0.180218260580889
1280,1467,-0.783395195847828
1280,1671,-1.09860768572226
1280,1726,-0.668142970707391
1280,1728,-0.630582556257267
1281,1285,-0.513277827134045
1281,1286,0.104645709387579
1281,1289,-0.395184793116275
1281,1292,-0.483556735962667
1281,1432,0.291022605287309
1281,1504,-0.465618699941428
1281,1513,-0.405167152533476
1281,1553,0.141441030617638
1281,1554,0.325157109734523
1281,1793,-0.0207471761829984
1281,1948,-0.197923676480015
1281,1962,-0.0573650648622612
1282,1292,-0.831657655946843
1282,1362,-0.0975023395636719
1282,1387,0.37064351706856
1282,1414,0.158676175908162
1282,1500,-0.216510857379944
1282,1555,-0.041389622097351
1282,1591,-0.285375440450261
1282,1617,0.230470729850132
1282,1741,-0.329368856399676
1282,1749,0.253951765114215
1282,1789,-0.235553396533993
1282,1872,-0.610636001844194
1282,1902,-0.72388928262589
1283,1285,-0.490167977325739
1283,1286,0.0994804022533401
1283,1288,0.23339183102528
1283,1291,0.159958386989044
1283,1292,-0.458239443588378
1283,1293,0.0916775943100184
1283,1295,0.110680412861827
1283,1304,0.0604710926288442
1283,1555,0.255477676634728
1283,1578,0.14421042203515
1283,1673,0.18658803837348
1283,1879,0.25085100634599
1283,1923,-0.189840121768653
1284,1291,0.0579728258776711
1284,1294,0.639284679903014
1284,1338,-0.397805416134409
1284,1368,0.378007792908738
1284,1543,-0.124002110200247
1284,1676,0.000522635945248
1284,1759,0.297522316866487
1284,1820,-0.123442106173493
1284,1898,0.0092832701705084
1285,1289,0.075500114978479
1285,1329,0.434196346372256
1285,1339,0.837606863651677
1285,1519,0.104999857321005
1285,1570,1.01861557808888
1285,1601,1.00936172994275
1285,1916,0.127457632664673
1286,1292,-0.542356305401473
1286,1293,-0.0121700333446651
1286,1294,0.5478046692669
1286,1298,-0.112050397920408
1286,1374,0.226487228674585
1286,1590,-0.216725414888368
1286,1729,0.0979552198950989
1286,1839,0.0574760860746125
1286,1854,-0.147262099084426
1286,1968,0.234661708892128
1287,1290,0.151804560421859
1287,1293,-0.202499601340069
1287,1294,0.444474188882235
1287,1296,0.089706677505496
1287,1298,-0.301903613204023
1287,1300,-0.41066293368285
1287,1384,-0.489806716359385
1287,1471,-0.349773990175548
1287,1485,0.209017207417709
1287,1544,-0.326651366964368
1288,1294,0.475258924451777
1288,1355,-0.164830185576733
1288,1359,0.403642594281723
1288,1562,-0.477987992171138
1289,1290,0.745173123408443
1289,1295,0.5018454926605
1289,1296,0.69862444868988
1289,1299,0.761648348277921
1289,1300,0.266068357927894
1289,1315,0.85262545691192
1289,1348,0.834336060786514
1289,1408,0.254505761944536
1289,1488,0.821793566064787
1289,1610,0.725698148723685
1289,1776,0.691757280278734
1289,1847,0.709318945364764
1289,1856,0.834287212636861
1289,1995,1.08082306161273
1290,1295,-0.312835513001343
1290,1300,-0.500288394674738
1290,1304,-0.373471627555788
1290,1361,0.219481095298235
1290,1511,-0.259355248020679
1290,1547,-0.416491072478163
1290,1630,0.189007362464434
1290,1634,0.132026853863491
1290,1826,-0.194951879848948
1290,1869,-0.0187900905754195
1290,1911,-0.291367322628021
1290,1950,-0.841143424763851
1291,1293,-0.0690499277106513
1291,1294,0.529489820911643
1291,1298,-0.170270540686605
1291,1304,-0.107284652946912
1291,1319,-0.0236689222072302
1291,1417,0.22947892547438
1291,1699,-0.204237740683656
1291,1751,-0.105879670430939
1291,1779,0.0435680633142882
1291,1856,0.350276135155679
1291,1934,0.429838638352736
1292,1294,1.1876759798116
1292,1296,0.819978002004124
1292,1298,0.442311757274925
1292,1301,0.987435188340699
1292,1303,0.53008430636218
1292,1305,0.92061274164866
1292,1489,0.483846588255022
1293,1302,-0.207116874419329
1293,1398,-0.0294488341217171
1293,1459,0.469620289021711
1293,1590,-0.222298482512457
1293,1669,0.227287174778052
1293,1750,0.292149512100694
1293,1851,-0.427870482262391
1293,1962,-0.146084448661981
1294,1299,-0.289382950512534
1294,1300,-0.773635940680355
1294,1307,-0.87470286852434
1294,1319,-0.56931766549604
1294,1360,-0.831320016109036
1294,1380,-0.531101022407126
1294,1395,-0.299653841984455
1294,1470,-0.993090017837129
1294,1568,-0.787659519221631
1294,1712,-0.648502034568875
1294,1794,-0.215180713982842
1294,1820,-0.656866933027518
1294,1868,-0.290117099608794
1294,1980,-0.668351070428459
1295,1300,-0.223955562624039
1295,1331,-0.151363411087278
1295,1352,0.0857732683677499
1295,1550,0.251215474369427
1295,1597,-0.202692816931204
1295,1608,0.114453355652861
1295,1693,-0.0856377806793194
1295,1831,0.283142150128174
1295,1863,0.0452736574921767
1296,1301,0.147079915100238
1296,1304,-0.31462700743944
1296,1307,-0.519228066841938
1296,1329,-0.382644684018323
1296,1501,-0.380062800820575
1296,1518,-0.363343207642092
1296,1586,0.131466076874414
1296,1632,0.114868568903267
1296,1719,-0.278481859656865
1296,1785,-0.433499605819096
1296,1853,0.0578893049254305
1296,1937,-0.285538916815226
1297,1300,-0.407792665917435
1297,1301,0.232340504759284
1297,1304,-0.261444664233707
1297,1307,-0.483524372395984
1297,1309,0.347266748903265
1297,1415,-0.395261290928264
1297,1448,-0.304818166718581
1297,1467,-0.359542345564172
1297,1485,0.185080515521296
1297,1495,-0.0336369800879481
1297,1625,-0.176167468805219
1297,1754,-0.329600848200242
1297,1837,-0.32735420515657
1297,1877,-0.312727743970422
1297,1953,-0.310969735800343
1298,1301,0.508173361390994
1298,1548,0.0825411800802274
1298,1583,0.106097109035153
1298,1636,-0.344887436887259
1298,1698,0.320787758847196
1298,1760,0.0895773306180811
1298,1854,-0.038933836819776
1298,1921,0.0111573799819553
1299,1301,0.119066288334943
1299,1308,-0.653601594709317
1299,1310,0.070217137150171
1299,1311,-0.521325096627
1299,1312,0.0218570661219229
1299,1360,-0.549868389005629
1299,1691,0.209937754850972
1299,1798,-0.334523027866164
1300,1303,0.174087584330098
1300,1304,0.178356231368048
1300,1307,-0.033344202221654
1300,1311,0.06272304556261
1300,1312,0.498570807114936
1300,1313,0.561623634300648
1300,1411,0.21641006004646
1300,1494,0.767786905686107
1300,1726,0.14157203135682
1300,1738,-0.0499682975931398
1300,1861,0.0332097093286663
1301,1310,-0.0470800799465792
1301,1409,-0.333501441658451
1301,1622,-1.08061769258455
1301,1635,-0.259876421256972
1301,1665,-0.333119696698371
1301,1700,-0.938583218663437
1301,1765,-0.890439279324682
1301,1908,-0.347498470042697
1301,1970,-0.786866517257827
1301,1998,-0.390710052807869
1302,1303,0.17960047716325
1302,1305,0.48970222836614
1302,1306,0.0577813551105942
1302,1308,-0.120258014818033
1302,1312,0.494128137829801
1302,1342,-0.131529665585509
1302,1352,0.280393429617308
1302,1550,0.450969781504811
1302,1554,0.406428277174991
1302,1630,0.676532652810743
1302,1635,0.319617226456854
1302,1706,0.372100115875042
1302,1710,0.752873170905715
1302,1826,0.322995700174059
1302,1872,-0.157971074295601
1302,1982,0.39653262059834
1303,1309,0.56760045743671
1303,1310,0.407347348221347
1303,1312,0.345781978539917
1303,1316,-0.263022431422699
1303,1375,0.585208395126499
1303,1425,0.577828935501257
1303,1444,-0.218448405597236
1303,1650,0.0235495491064333
1303,1713,0.0534927771385937
1303,1749,0.499674500677251
1303,1785,-0.181502041962592
1303,1930,0.242583964904648
1304,1305,0.345022495589783
1304,1315,0.484928289449822
1304,1317,-0.174887999954113
1304,1749,0.533932728189988
1304,1834,-0.408247125646051
1304,1994,-0.0245243928365366
1305,1307,-0.58197931037022
1305,1308,-0.657258084319615
1305,1312,0.0801142291482959
1305,1313,0.150588711285633
1305,1315,0.188583522971826
1305,1316,-0.63188414517909
1305,1386,-0.582625765700173
1305,1587,-0.425380285818372
1305,1651,-0.448051932763186
1305,1694,-0.679521271759938
1305,1753,-0.0955819867315248
1306,1311,0.0201099139990406
1306,1312,0.508993110512116
1306,1316,-0.134507274938693
1306,1317,-0.0384035053387711
1306,1390,0.310225130018034
1306,1604,0.0889401034692706
1306,1707,0.274513445834987
1306,1720,0.738378375181989
1306,1779,0.271848422029108
1306,1980,0.165075999609473
1307,1308,-0.109532219426647
1307,1312,0.57198614251241
1307,1313,0.639703615719671
1307,1314,0.830125770639787
1307,1316,-0.0374184138304686
1307,1344,0.679184320423282
1307,1354,0.117902252100855
1307,1570,0.700540951720456
1307,1641,-0.0820139018260059
1307,1707,0.354518894887879
1307,1930,0.46084484610257
1308,1314,0.887652019810288
1308,1315,0.75488611933982
1308,1342,-0.0108055625780998
1308,1352,0.411393209385938
1308,1375,0.893546064964841
1308,1385,0.305063667322604
1308,1539,0.989488761598406
1308,1554,0.551423500632239
1308,1601,0.752392405452484
1308,1678,0.286114334067781
1308,1718,0.394008503936834
1308,1898,0.352857995664731
1309,1310,-0.157424304983489
1309,1313,-0.132880709048882
1309,1317,-0.73588754532165
1309,1318,-0.873475954342769
1309,1388,-0.623370336486756
1309,1423,-0.13448031258676
1309,1483,-0.81400219330489
1309,1484,-1.14516047879113
1309,1553,-0.524894040387219
1309,1566,-0.416688238544447
1309,1966,-0.578392328641183
1310,1312,-0.0478370420497231
1310,1314,0.181429275657382
1310,1320,-0.801931990901796
1310,1350,-0.302989725043972
1310,1391,0.104627794993249
1310,1432,-0.216071171189226
1310,1451,-0.849675212516997
1310,1469,-0.0650003940937185
1310,1538,-0.32570523546185
1310,1673,-0.307086751500617
1310,1958,-0.256196872294744
1311,1314,0.79542536180773
1311,1317,-0.0560057577521201
1311,1320,-0.317844558844266
1311,1606,-0.520550804004845
1311,1787,0.508068338306363
1311,1857,0.752213375857503
1311,1861,-0.0183997155136104
1312,1314,0.220375830747564
1312,1315,0.0923779758372647
1312,1320,-0.727131619252437
1312,1349,-0.0280648618028129
1312,1426,-0.788464673420803
1312,1483,-0.591354989000668
1312,1662,-0.0440646399538136
1312,1690,-0.181703827246349
1312,1786,-0.25161056651082
1312,1956,0.0376690825362813
1313,1317,-0.573742174556787
1313,1318,-0.70845954837401
1313,1320,-0.791629099480158
1313,1323,-0.408046017083241
1313,1325,-0.566009317716704
1313,1404,-0.668291573876294
1313,1411,-0.361920635240376
1313,1472,-0.0529566478799174
1313,1575,-0.37126253398315
1313,1891,-0.176038948015181
1313,1912,-0.365456506662692
1313,1943,-0.35088801647106
1314,1315,-0.131119329939426
1314,1316,-0.877818033187921
1314,1320,-0.974044346271421
1314,1324,-0.24178255411695
1314,1325,-0.758899699866578
1314,1543,-0.615599547311297
1314,1546,-0.718690609675001
1314,1555,-0.351178282372179
1314,1600,-0.455767814049949
1314,1821,-0.624256238102889
1314,1828,-0.440721056850985
1314,1934,-0.0812721542141625
1315,1317,-0.619097566575469
1315,1321,-0.472709461893822
1315,1325,-0.616904125103364
1315,1326,0.0079588562040778
1315,1336,-0.494968552229919
1315,1583,-0.448415439289125
1315,1665,-0.336024814555237
1315,1679,-0.483611687040148
1315,1872,-0.774593944913791
1315,1996,-0.300379479544897
1316,1318,-0.0751795326390138
1316,1319,0.354031267013649
1316,1489,0.233610681560809
1316,1567,0.758522167755151
1316,1572,0.397764647046822
1316,1858,0.110713436028141
1316,1879,0.454893464730024
1316,1976,0.281500123616665
1316,1980,0.296453264985164
1317,1318,-0.149116013202848
1317,1319,0.251351626998111
1317,1327,0.394765842009051
1317,1446,0.247097284901066
1317,1498,0.439121972257869
1317,1513,-0.274315184786792
1317,1668,0.0511531815753243
1317,1785,-0.028340427908739
1317,1810,0.107910044113641
1317,1857,0.714852186983362
1317,1976,0.185432791327953
1318,1321,0.267954826512256
1318,1324,0.667662429591534
1318,1327,0.530514361521749
1318,1329,0.201906850536656
1318,1386,0.103841108205862
1318,1479,0.710851801939285
1318,1486,0.452955840725107
1318,1646,0.360200535076108
1318,1785,0.104782586870905
1318,1799,0.380258995312817
1318,1825,0.466328135815573
1319,1321,-0.111999399704383
1319,1322,-0.0199923828691826
1319,1324,0.289104873830474
1319,1328,0.305103896418432
1319,1329,-0.180669098492623
1319,1330,0.229331333419794
1319,1337,0.400972021996629
1319,1449,-0.11326408914423
1319,1671,-0.52994529888964
1319,1792,-0.300923126622514
1319,1983,-0.0539204732694707
1320,1321,0.351995487360652
1320,1324,0.754515043525886
1320,1329,0.285947511385052
1320,1355,0.390555573457664
1320,1357,0.447474766588662
1320,1388,0.389013293258363
1320,1482,0.109976597836315
1320,1850,0.504647281901741
1320,1880,0.0419746036807093
1320,1915,0.24610961242389
1320,1942,0.459169041790495
1321,1323,0.0886751504306217
1321,1324,0.379364413214267
1321,1325,-0.0941464923853538
1321,1326,0.537599007094439
1321,1328,0.401654942507398
1321,1329,-0.0644525518857299
1321,1332,0.740013614582745
1321,1334,0.224581596817493
1321,1408,-0.126350537690338
1321,1518,-0.0451510755094987
1321,1544,-0.051846626741759
1321,1576,-0.09802395317513
1321,1593,-0.0176155296105801
1321,1654,-0.300932512547969
1321,1965,0.51340314108457
1322,1330,0.26095085374336
1322,1475,-0.556724656282306
1322,1483,-0.350279125575122
1322,1646,0.0088882375124434
1322,1754,-0.147215337572421
1323,1327,0.210126375559585
1323,1329,-0.162452633984376
1323,1333,0.181796706027187
1323,1351,0.176310548540549
1323,1380,0.0060937989311055
1323,1642,0.298395336783198
1323,1859,-0.200298428428158
1324,1327,-0.0981858128068331
1324,1335,-0.302916041407484
1324,1339,0.0076996370529301
1324,1356,-0.376603107757768
1324,1529,-0.495313389125459
1324,1564,-0.203568782115305
1324,1599,0.125254236457177
1324,1615,-0.0314876301699062
1324,1686,-0.339793285375247
1324,1904,-0.104459291557928
1324,1905,-0.507651620634961
1324,1913,-0.51701652138484
1324,1948,-0.585348007300411
1324,1968,-0.0722242659510684
1325,1336,0.138233781026447
1325,1382,0.562594618625143
1325,1615,0.439844797712864
1325,1891,0.441006688968404
1325,1975,-0.102929745513964
1326,1327,-0.232164272116668
1326,1329,-0.610270426040123
1326,1337,-0.0213451910314065
1326,1346,-0.475152337531068
1326,1398,-0.619671658710964
1326,1438,-0.0797009621154263
1326,1633,-0.489543326859107
1326,1888,-0.0609230624073848
1326,1984,-1.16622665124355
1326,1986,-0.958266804239255
1326,1991,-0.51695118158331
1327,1329,-0.326063649157359
1327,1331,-0.315021589375875
1327,1332,0.428051720122379
1327,1334,-0.0426639865225336
1327,1335,-0.181553075807846
1327,1339,0.0957253145298876
1327,1390,-0.115606907540417
1327,1489,-0.231148720595259
1327,1505,0.0266933611500259
1327,1579,-0.166009647109966
1327,1613,-0.0875278978887513
1327,1769,-0.283468487352134
1328,1329,-0.471266625339574
1328,1335,-0.321840566616221
1328,1341,-0.327122930902135
1328,1423,0.056224239902428
1328,1526,-0.373748638040295
1328,1680,-0.307125567540962
1328,1827,-0.467862671411927
1328,1986,-0.815568397811829
1329,1330,0.396838554508409
1329,1337,0.556499884170734
1329,1370,0.0519749970552244
1329,1581,-0.0225805292057227
1329,1718,0.198597746264842
1329,1779,0.223087805243271
1329,1897,0.123036520362283
1329,1951,-0.0464118233466482
1330,1333,-0.084577946187306
1330,1337,0.177316615012426
1330,1341,-0.252694860070971
1330,1343,-0.0007466243765641
1330,1414,0.13382213360966
1330,1623,-0.0775405563464246
1330,1673,-0.19164067253881
1330,1712,-0.340354468046658
1331,1332,0.778044834738959
1331,1333,0.290644379491477
1331,1336,0.0984568991797635
1331,1340,0.552832398552568
1331,1341,0.130864848852396
1331,1343,0.387807992064516
1331,1414,0.458546324243804
1331,1460,0.0760376146317399
1331,1639,-0.131701120293756
1331,1657,0.516404626869117
1331,1705,-0.0718542046031687
1331,1741,0.0535453334502914
1331,1772,-0.148126883163134
1331,1927,0.26955946394643
1332,1336,-0.798402822943666
1332,1338,-1.08097903574492
1332,1339,-0.301779088475479
1332,1344,-0.298897908065239
1332,1345,-0.464933969349658
1332,1431,-0.562569334823298
1332,1490,-1.34559361143668
1332,1493,-1.07396129605523
1332,1695,-0.849497726995371
1332,1794,-0.271062421404396
1332,1820,-0.753729143840709
1333,1335,-0.151584725821092
1333,1336,-0.235679717316535
1333,1338,-0.526660267055544
1333,1340,0.244953195535646
1333,1343,0.0851476283176642
1333,1447,-0.416097768901142
1333,1449,-0.238229950061947
1333,1565,-0.556781075918333
1333,1685,-0.106833016806699
1333,1865,0.106089864372083
1334,1335,-0.138902818839812
1334,1343,0.0900549848858637
1334,1345,0.0608610674417447
1334,1477,0.137646093858673
1334,1489,-0.193218891993119
1334,1787,0.106849754604077
1334,1888,0.196557523412276
1334,1910,-0.164701009683936
1334,1982,0.0212527243591831
1335,1338,-0.382826331695366
1335,1541,-0.32647895696947
1335,1556,-0.011359707185279
1335,1672,0.127861454957842
1335,1774,-0.284263924788827
1335,1938,0.197374256570382
1336,1339,0.356683768147755
1336,1340,0.526639075481137
1336,1438,0.425814764620543
1336,1594,-0.102563084469258
1336,1772,-0.272610957508385
1337,1340,-0.0283800141557237
1337,1348,-0.0773348737903328
1337,1350,-0.358134385059764
1337,1383,0.150852383569593
1337,1444,-0.673247974460634
1337,1538,-0.377575822126533
1337,1590,-0.618157465497541
1337,1647,-0.544085652970649
1337,1726,-0.499806652317878
1338,1339,0.618769420532384
1338,1342,-0.0111853602942281
1338,1347,0.146826345041944
1338,1351,0.549877663989895
1338,1392,0.501168344510105
1338,1445,0.243002240483884
1338,1606,-0.278244100288283
1338,1682,0.66228890351519
1338,1757,0.837476216329034
1338,1771,0.718289456627772
1338,1974,0.620348866954682
1339,1341,-0.287388683450226
1339,1347,-0.484195605069442
1339,1348,0.0214924697791087
1339,1351,-0.166351753145003
1339,1465,-0.0673190384677682
1339,1507,-0.0066322698606306
1339,1533,-0.310145235476473
1339,1675,-0.487135793229702
1339,1745,-0.569522387769061
1339,1839,-0.223276397223832
1339,1981,0.189106831617461
1340,1348,-0.0553489321692279
1340,1350,-0.362279776071281
1340,1351,-0.282976341622026
1340,1352,-0.294497075251586
1340,1433,-0.795588422387949
1340,1581,-0.63686704008887
1340,1708,-0.676715734086328
1341,1347,-0.200150009213885
1341,1348,0.348446481019025
1341,1353,0.0234387372066197
1341,1354,-0.119537679696232
1341,1433,-0.323328506472151
1341,1559,-0.0907521317485218
1341,1597,-0.180816199057851
1341,1671,-0.459847777777169
1341,1714,0.0021603550518078
1341,1809,-0.156619664291882
1341,1840,0.0450665965437052
1341,1920,0.304010804290567
1342,1343,0.668228664565267
1342,1344,0.783689827912375
1342,1346,0.42814292571603
1342,1407,0.32103755377047
1342,1438,0.720433472591877
1342,1455,0.185564894031169
1342,1682,0.681188841589599
1342,1749,0.833496774548655
1342,1879,0.513863559994679
1343,1349,0.046179906941191
1343,1350,-0.19580837722892
1343,1352,-0.141349850350331
1343,1354,-0.382116157322323
1343,1356,-0.327325133097621
1343,1638,-0.731027469800432
1343,1676,-0.263414340555479
1344,1347,-0.607015610501661
1344,1349,-0.0767574581128035
1344,1352,-0.251870773827426
1344,1357,-0.428080402212463
1344,1383,0.201942517678496
1344,1443,-0.737552292730853
1344,1577,-0.263032038634509
1344,1812,-0.256582111277815
1345,1346,-0.219482541426884
1345,1349,0.0737566533720868
1345,1350,-0.164570193617835
1345,1358,-0.11930729031778
1345,1419,-0.472026138954964
1345,1456,-0.393880432504213
1345,1484,-0.902319953223907
1345,1500,-0.219469034290096
1345,1647,-0.366196935516485
1345,1762,-0.463359230111411
1345,1837,-0.360268947228784
1345,1842,-0.620883873877874
1345,1930,-0.000634834877633
1346,1349,0.278340391931234
1346,1350,0.0363521077611235
1346,1353,-0.0070892396415447
1346,1359,0.529551920370745
1346,1361,0.541109521938167
1347,1348,0.581176559881478
1347,1349,0.500262676063871
1347,1356,0.160509320931545
1347,1358,0.334992435917172
1347,1649,0.235785142064538
1347,1884,-0.634359319339059
1347,1991,0.180306577849116
1348,1349,-0.0516687918969562
1348,1354,-0.472072676221514
1348,1357,-0.398901080197336
1348,1360,-0.617439050179661
1348,1607,0.414799169172266
1348,1822,-0.299962804870176
1348,1885,-0.324975892271699
1348,1912,-0.350172753690184
1349,1360,-0.533484079275561
1349,1361,0.25612667765356
1349,1362,-0.1641829129075
1349,1439,-0.0699259099337206
1349,1533,-0.308662614761163
1349,1541,-0.594559626768773
1349,1599,0.141592644884284
1349,1724,-0.0741199375048327
1349,1748,-0.085636559681261
1349,1783,-0.461925610689645
1349,1813,-0.346290038410618
1350,1351,0.0958976704215267
1350,1353,-0.0424050218839092
1350,1355,-0.0973911907357875
1350,1356,-0.117394915955198
1350,1361,0.47245319451479
1350,1362,0.0549466461083881
1350,1363,-0.292674190103338
1350,1565,-0.439583686226466
1350,1998,-0.0760098733867203
1351,1354,-0.288070281043418
1351,1355,-0.194775313938041
1351,1360,-0.431241309172039
1351,1500,-0.148480082551165
1351,1501,-0.297210218716457
1351,1512,-0.661704997048944
1351,1662,0.131085038248269
1351,1741,-0.267011328123819
1351,1850,-0.0843652115086985
1351,1928,0.123304600733887
1351,1941,0.0364479295885216
1352,1354,-0.205172603062133
1352,1356,-0.141282078389155
1352,1359,0.385481078386731
1352,1363,-0.302159274289355
1352,1364,0.25224127867991
1352,1507,0.203163675214829
1352,1584,0.160355546003796
1352,1600,-0.0037304101187937
1353,1359,0.506859587684948
1353,1361,0.520318520649033
1353,1362,0.0978290507881705
1353,1364,0.354492389663727
1353,1366,0.0587464368471964
1353,1444,-0.275123169827544
1353,1505,0.222760307746117
1353,1652,-0.52347726938077
1353,1798,-0.023844517942222
1353,1946,0.176058181086626
1353,1958,0.103774075082726
1354,1355,0.0884046483956642
1354,1357,0.114733759035802
1354,1364,0.484998005987595
1354,1531,0.41948315576742
1354,1554,0.327537366876588
1354,1753,0.265267035038223
1354,1757,0.58999429096914
1354,1767,0.180826253036527
1354,1797,-0.306691562380062
1354,1961,0.119352745872234
1355,1358,0.149402312118205
1355,1362,0.148916924952841
1355,1380,0.0477599495018782
1355,1559,-0.0563938280993902
1355,1715,0.14748739916218
1355,1982,0.21782687261178
1356,1359,0.593976098756725
1356,1362,0.171897872632347
1356,1368,0.409400552740562
1356,1369,-0.128634288358393
1356,1413,0.779298916692035
1356,1416,-0.46323748600136
1356,1433,-0.28970395261374
1356,1546,-0.145472997753607
1356,1592,0.101277602387103
1356,1625,0.0792231104223738
1356,1755,0.24254159700644
1356,1806,-0.410075236230576
1356,1809,-0.109366349701098
1357,1365,-0.244248360709605
1357,1367,0.0907486086716366
1357,1369,-0.176550511984891
1357,1585,-0.380147861745472
1357,1586,0.467511047879777
1357,1611,0.144801181076361
1357,1684,0.259526642909844
1357,1844,-0.0674218669345102
1358,1363,-0.35844217947419
1358,1364,0.268353437432365
1358,1367,-0.0419237315804791
1358,1369,-0.309836203041562
1358,1414,0.260832279073158
1358,1433,-0.461035736951351
1358,1480,0.0446195420668388
1358,1631,0.348854591498561
1359,1361,0.0665055653688763
1359,1362,-0.384688600241979
1359,1372,-0.157010201511994
1359,1644,-0.456762630279432
1360,1361,0.772257438283154
1360,1365,-0.01344895272979
1360,1367,0.303509648048988
1360,1369,0.0748721599008897
1360,1370,0.151884144946232
1360,1372,0.597671566565034
1360,1408,0.0219926692925732
1360,1492,0.733035487326293
1360,1746,0.133853633290887
1360,1791,0.235457283847282
1360,1827,0.120277220244835
1360,1959,0.326086858596807
1360,2000,0.634554647600408
1361,1364,-0.182096076120151
1361,1365,-0.758384282525631
1361,1367,-0.456997070444097
1361,1369,-0.735242325630865
1361,1372,-0.205761154272751
1361,1523,-0.643055297025664
1361,1540,-0.529800023630689
1361,1649,-0.492537869407339
1361,1936,-0.610917956591989
1362,1365,-0.353893456646585
1362,1374,0.119380246440524
1362,1389,0.0260298305045085
1362,1445,-0.295325668367884
1362,1531,0.18431089888359
1362,1597,-0.309623990750765
1362,1833,0.134775521663138
1362,1868,0.172362143868684
1362,1904,0.0812204253367116
1362,1922,-0.210644702117334
1363,1365,-0.0325841911881648
1363,1368,0.604091227174624
1363,1374,0.488686157820491
1363,1427,-0.240684867648114
1363,1439,0.489108210311643
1363,1446,0.271717008644381
1363,1596,0.122274337957558
1363,1672,0.380865185963626
1363,1798,0.252359368098632
1363,1804,0.775795199338692
1363,1844,0.158941386224283
1364,1369,-0.573205481460815
1364,1372,-0.0236581443771202
1364,1375,0.171873124562118
1364,1416,-0.881334344662152
1364,1653,-0.312036768575896
1364,1685,-0.314391728371384
1364,1757,0.130009422923392
1364,1826,-0.250808737807997
1364,1897,-0.355367627110663
1365,1371,-0.380540054515293
1365,1375,0.773935406509977
1365,1428,0.222199544819211
1365,1567,0.66372863969791
1365,1721,0.460333859826435
1365,1733,0.901576459084653
1365,1775,0.327790317556049
1365,1943,0.273185159295977
1366,1367,-0.0011480897378348
1366,1371,-0.806778485792031
1366,1373,-0.709661868041752
1366,1374,0.189546199433485
1366,1376,-0.0974299185824627
1366,1379,-0.160687865373521
1366,1437,0.0905800993056698
1366,1516,0.550063270922743
1366,1613,0.0505353841940944
1366,1642,0.207782992624981
1366,1652,-0.610010258986005
1366,1707,-0.0037265495513692
1366,1884,-0.956487720348133
1366,1937,-0.0946119619632008
1367,1370,-0.15552509480574
1367,1373,-0.632088278312143
1367,1375,0.456976805731199
1367,1378,-0.232953744827618
1367,1564,0.0310469087704306
1367,1567,0.358651713903708
1367,1574,0.174037172832965
1367,1588,-0.373564516043145
1367,1611,0.0426694478183411
1367,1615,0.18891650750188
1367,1630,0.423547980508079
1367,1833,0.182725151237335
1367,1866,0.0449380049307476
1367,1948,-0.340589087992894
1368,1373,-0.95646729308966
1368,1376,-0.370212706476778
1368,1377,-0.444936432839601
1368,1378,-0.51081835882985
1368,1379,-0.42405322408134
1368,1380,-0.300007879199313
1368,1381,-0.541399693031153
1368,1453,0.101225959827095
1368,1517,-0.375837967459606
1368,1561,-0.831943396240329
1368,1824,-0.803765017846074
1368,1922,-0.443941891533712
1369,1372,0.549556848502848
1369,1377,0.0753759620455173
1369,1379,0.105057007801688
1369,1380,0.18229106243023
1369,1392,0.334991587679786
1369,1436,0.0057214969031255
1369,1683,0.149100737411341
1369,1723,0.493507573795543
1369,1841,0.115641711644899
1369,1928,0.461316774398859
1369,1950,-0.424249964373174
1370,1374,0.335105676677037
1370,1449,0.0138796030744716
1370,1513,-0.393669533027986
1370,1582,0.452397752324713
1370,1669,0.304739832429701
1370,1675,-0.145538278225963
1370,1869,0.401072415195769
1370,1994,0.0292429613826523
1371,1375,1.23809861229827
1371,1377,0.551506185989037
1371,1381,0.428973500416916
1371,1383,1.25334865679483
1371,1524,1.13703371687681
1371,1661,0.990956645475216
1371,1676,0.681091729523361
1371,1724,0.896424000225249
1371,1820,0.498267275038887
1372,1373,-0.931372248932697
1372,1374,-0.103102562601177
1372,1375,0.195531268939238
1372,1379,-0.427491944518881
1372,1381,-0.539377517671224
1372,1462,-0.745175925488153
1372,1558,-0.390262529497702
1372,1800,0.207736015346397
1372,1814,-0.13640519054169
1372,1887,0.0078552196129915
1373,1377,0.477803057211899
1373,1381,0.370817511445225
1373,1382,0.936194407782419
1373,1383,1.13726006178651
1373,1385,0.519488583624604
1373,1436,0.381395636588239
1373,1443,0.233536130224633
1373,1486,0.67203424978643
1373,1515,0.293586182871156
1373,1683,0.537421238640714
1373,1999,0.945834749305871
1374,1378,-0.411184810853751
1374,1379,-0.324389381917704
1374,1387,0.338669926802419
1374,1426,-0.754426590304663
1374,1587,-0.378924001358808
1374,1803,-0.367443904085179
1374,1990,-0.0796308979996718
1375,1385,-0.519048063291836
1375,1386,-0.840293447887135
1375,1387,0.0664541407804742
1375,1419,-0.741965579216718
1375,1610,-0.344704676800168
1375,1779,-0.383525697542529
1375,1903,-0.753999549170513
1376,1380,0.0249465266999723
1376,1385,-0.0076837608185718
1376,1387,0.585692590234384
1376,1389,0.163983358687836
1376,1401,0.155560413135992
1376,1547,-0.102467895047515
1376,1552,0.525022887572992
1376,1714,0.0117703087183101
1376,1801,0.0367031714860136
1377,1381,-0.0953642286017816
1377,1387,0.65398152713344
1377,1394,0.198702162721403
1377,1496,-0.308337662567401
1377,1578,0.147078069142579
1377,1695,-0.0537908464205785
1377,1741,0.010829002254425
1377,1966,0.0555633749602861
1377,1975,-0.15645190718811
1378,1383,0.715613304043047
1378,1386,-0.0787966501741513
1378,1389,0.311026569464706
1378,1390,0.283693489713698
1378,1395,0.466424106898989
1378,1601,0.554830533126919
1378,1866,0.283831571100238
1378,1935,0.0883842423241237
1378,1969,0.15042463362922
1378,1997,0.280734891738138
1379,1381,-0.127024183381014
1379,1384,-0.193275886023467
1379,1385,0.0517074188361979
1379,1386,-0.190252041607934
1379,1390,0.183364278126327
1379,1400,0.360157080260289
1379,1576,-0.102164952854257
1379,1615,0.333112635453849
1379,1630,0.577641256945571
1379,1652,-0.431172523838245
1379,1669,0.293658204308739
1379,1908,0.114962055567601
1380,1381,-0.198801527787693
1380,1392,0.121049878045364
1380,1476,0.463099327534276
1380,1673,0.0633563695627958
1380,1758,0.200106425349786
1380,1822,0.0353649954083491
1381,1383,0.742612511675546
1381,1385,0.162768957728904
1381,1386,-0.0491634223761686
1381,1392,0.338386400634703
1381,1393,0.519130638316957
1381,1420,0.148691496050656
1381,1535,0.361551947146751
1381,1595,0.413515423968667
1381,1767,0.262762893528894
1381,1960,0.460143511935682
1382,1384,-0.638820451410038
1382,1385,-0.345456843103347
1382,1387,0.238054794351411
1382,1521,0.030856577012876
1382,1532,-0.993697614165372
1382,1614,-0.687544710896486
1382,1623,-0.194246417637703
1382,1626,0.0197355031577998
1382,1766,-0.243656708492386
1382,1771,-0.0298646937201174
1382,1840,-0.329108818215815
1383,1387,0.0489290395780223
1383,1388,-0.657764373614852
1383,1390,-0.50134060531446
1383,1391,-0.095573660516943
1383,1394,-0.483492155513864
1383,1537,-0.360134561930499
1383,1753,-0.39090141978563
1383,1816,-0.379882164482267
1383,1843,-0.674266757494806
1383,1919,-0.303149198923486
1384,1385,0.227333996099196
1384,1387,0.817831801113537
1384,1394,0.377069096736344
1384,1397,0.378572457726779
1384,1542,0.785871740624902
1384,1722,0.428054144033966
1384,1773,0.486814780897901
1384,1906,0.301641362344077
1385,1386,-0.229205809827383
1385,1394,0.105919771235227
1385,1396,0.115602268152202
1385,1414,0.347423247390918
1385,1474,0.349666827678418
1385,1509,0.424946494159619
1385,1535,0.181264319079362
1385,1546,-0.1586481435636
1385,1799,0.0220826886559082
1385,1900,-0.0938715230448739
1385,1943,0.0428503492012959
1386,1396,0.389097566933012
1386,1399,0.438641531112492
1386,1504,-0.296833546558655
1386,1590,0.0051298560763148
1386,1722,0.426554710794207
1386,1910,0.265551877718158
1387,1391,-0.135355105072273
1387,1392,-0.422282595000036
1387,1394,-0.488599867592656
1387,1397,-0.43738955351416
1387,1399,-0.423830868010838
1387,1404,-0.849884583595921
1387,1476,-0.0753832157262648
1387,1495,-0.42404160384701
1387,1532,-1.13817317677078
1387,1685,-0.508099856562854
1387,1879,-0.396181932073912
1387,1981,-0.0775593708785691
1387,1984,-1.13312861981838
1388,1389,0.223816768512698
1388,1390,0.183183119553131
1388,1392,0.224390046338635
1388,1395,0.38536187122398
1388,1396,0.185759106075288
1388,1438,0.435906003452296
1388,1503,-0.414807238374735
1388,1636,-0.416783422634012
1388,1708,-0.175453505683783
1388,1719,0.0738302942349262
1389,1391,0.330398209876894
1389,1393,0.180084303488028
1389,1397,-0.0292873785203242
1389,1402,-0.208830058847018
1389,1459,0.301316173071611
1389,1555,0.0224062117337454
1390,1394,-0.00394236265926
1390,1402,-0.17118627351085
1390,1403,-0.145068802877524
1390,1490,-0.721112733595414
1390,1722,0.0484733252154267
1390,1900,-0.222454915389301
1391,1400,-0.205066569911784
1391,1401,-0.327280223066846
1391,1403,-0.522999269603262
1391,1499,-0.212329866926048
1391,1509,-0.035159734205169
1391,1543,-0.580839099245648
1391,1632,-0.0887769583944512
1391,1652,-0.999953931565222
1391,1748,-0.297681006935971
1391,1953,-0.615871171358886
1392,1393,0.184970407064528
1392,1399,0.0077012841815404
1392,1402,-0.208691556348085
1392,1405,-0.144438276934652
1392,1482,-0.494882808099849
1392,1521,0.236215279935342
1392,1571,-0.522867969057451
1392,1727,0.158288485773227
1393,1397,-0.207577153042386
1393,1527,-0.219246556312892
1393,1546,-0.513743710006582
1393,1700,-0.880205388778696
1393,1711,-0.0515571733686619
1393,1714,-0.360286390855078
1393,1735,-0.203476241975307
1393,1928,-0.0728264414570525
1393,1937,-0.371658069388741
1393,1943,-0.309051534688382
1394,1397,0.0276994140284753
1394,1401,0.0536383218707196
1394,1402,-0.161636211209696
1394,1403,-0.137063159680036
1394,1405,-0.0940678928981947
1394,1407,-0.16439512612799
1394,1486,0.0296095765114861
1394,1600,0.0047817443229034
1394,1767,-0.0465864283330453
1394,1874,-0.11018636637633
1394,1895,0.0833298514692637
1395,1399,-0.143839313701623
1395,1400,-0.017695886897205
1395,1402,-0.360139803538039
1395,1403,-0.333769439243549
1395,1460,-0.365010171307301
1395,1516,0.285415019644214
1395,1555,-0.115379519217439
1395,1598,0.242665528891834
1395,1763,-0.360634786443726
1395,1798,-0.33021345205877
1395,1829,-0.175489644760016
1395,1947,-0.193966418651099
1396,1397,0.0164949331001662
1396,1405,-0.10569022628314
1396,1433,-0.451458839179395
1396,1537,0.079082614514801
1396,1612,-0.028019522486072
1396,1635,0.0301643134074665
1396,1722,0.0375132273815555
1396,1765,-0.630441468285914
1396,1849,0.141301788635468
1396,1909,0.236368482049254
1396,1977,-0.314847201197494
1396,1978,-0.592751685555697
1397,1398,-0.17819535332525
1397,1408,-0.303091259235941
1397,1410,-0.0354356751483544
1397,1484,-0.744434584771786
1397,1501,-0.235990674284445
1397,1560,0.148323373941259
1397,1790,-0.154093904210924
1397,1830,0.005813787710142
1397,1934,0.353039257387776
1398,1399,0.234634618010929
1398,1402,-0.0397542701721061
1398,1405,0.0395089571405364
1398,1408,-0.197821578069972
1398,1521,0.502756775767429
1398,1556,0.0557771747572219
1398,1779,0.150725556294818
1399,1400,0.126143426804418
1399,1402,-0.222309725233558
1399,1403,-0.197304704788072
1399,1405,-0.156455695549944
1399,1407,-0.229803931769651
1399,1586,0.257032823203255
1399,1689,-0.0419673838578005
1399,1700,-0.725322288291606
1399,1719,-0.1755071289031
1399,1727,0.153095939550387
1399,1829,-0.0362425443148535
1400,1401,-0.126153015586824
1400,1403,-0.314483674569677
1400,1419,-0.511056139618158
1400,1640,-0.527651772030256
1400,1925,-0.837340376379463
1400,1930,-0.0545239477235435
1400,1977,-0.47753955372225
1400,1994,-0.357854481716295
1401,1402,-0.200585036291245
1401,1406,0.15872154600233
1401,1407,-0.206662138967756
1401,1410,-0.0619809221156257
1401,1412,-0.404066227104672
1401,1414,0.209399392542553
1401,1555,0.0244160118413764
1401,1626,0.221388627216225
1401,1855,-0.08927064281994
1401,1893,-0.285061831588127
1401,1910,-0.148492029285737
1402,1408,-0.132047093884054
1402,1409,0.132385369264074
1402,1410,0.159377853650499
1402,1490,-0.470322864615696
1402,1727,0.351557075017077
1402,1768,-0.244751482688024
1402,1972,-0.0054981836384921
1402,1983,0.0455628858533554
1403,1404,-0.217617581189913
1403,1406,0.354440592538746
1403,1407,-0.0159606574170003
1403,1408,-0.15065239166347
1403,1411,0.0542140897503086
1403,1414,0.385149614216807
1403,1415,-0.13268106727083
1403,1419,-0.203865356025104
1403,1541,-0.242237000243877
1403,1672,0.18398965418077
1403,1722,0.185663181185922
1403,1813,0.0098640999567708
1403,1965,0.479986323609603
1404,1411,0.287406813117744
1404,1414,0.651080459108263
1404,1416,-0.269287685517864
1404,1463,0.256011048139398
1404,1511,0.362720295246759
1404,1543,0.140330933535083
1404,1656,0.123258651845932
1405,1407,-0.0624532273311126
1405,1410,0.0902343855303796
1405,1412,-0.277695282345601
1405,1413,0.689192174424134
1405,1415,-0.181872212089062
1405,1416,-0.496187517255942
1405,1418,0.0766362901338586
1405,1690,0.129372162836828
1405,1853,0.305761565033092
1405,2000,0.376369490365768
1406,1409,-0.240454651372906
1406,1413,0.398873434533537
1406,1414,0.0797446000217012
1406,1417,-0.0183847021030441
1406,1419,-0.55917973370276
1406,1490,-0.940263986728061
1406,1593,-0.377804042061855
1407,1413,0.798957404238028
1407,1416,-0.459545355442202
1407,1417,0.365244608074495
1407,1471,-0.0867960641293623
1407,1616,0.388746764483538
1407,1783,-0.0751885951088908
1407,1855,0.107476983481155
1407,1856,0.482968453015813
1407,1861,-0.117907078203144
1407,1986,-0.444986758046396
1408,1409,0.260676106696798
1408,1410,0.296510923665505
1408,1412,-0.0734366169270218
1408,1414,0.524717807056866
1408,1416,-0.27424639691135
1408,1421,-0.0065248772087146
1408,1469,0.515178512579633
1408,1585,-0.146879112124963
1408,1956,0.512673059182521
1409,1410,0.0146206134573192
1409,1414,0.287307938327769
1409,1416,-0.565365344811638
1409,1418,0.007458462578162
1409,1495,0.0922814068721173
1409,1652,-0.554182138655376
1409,1692,-0.283605161613727
1409,1745,-0.366669588296279
1409,1788,0.000780119768582
1409,1877,-0.172518805499002
1410,1411,-0.0805459733901247
1410,1412,-0.388372445066177
1410,1418,-0.0110713886819442
1410,1419,-0.351737586216489
1410,1421,-0.313767025509182
1410,1609,-0.442683376383504
1410,1929,0.0171567537239206
1410,1933,-0.157311628811879
1411,1415,-0.195138050403333
1411,1423,0.337557342526322
1411,1450,0.27293080385272
1411,1462,-0.405704796709195
1411,1494,0.546181517298029
1411,1524,0.415329339716576
1411,1582,0.348776106236258
1411,1606,-0.619813161758407
1411,1766,0.112925233968028
1411,1859,-0.185508722265987
1411,1980,-0.0441597575281564
1412,1416,-0.197333632968715
1412,1417,0.560642612055765
1412,1419,0.0104054206208245
1412,1617,0.670363077179041
1412,1705,0.08050727494574
1412,1779,0.347565045571313
1412,1782,0.742113984768364
1412,1787,0.55978986982786
1412,1837,0.175614357084666
1412,1899,0.391570773468481
1412,1977,0.0686458453907629
1413,1416,-1.25250572134265
1413,1423,-0.259078847663126
1413,1424,-0.739792580153778
1413,1425,-0.141015218964489
1413,1426,-1.26399748049496
1413,1428,-0.765159434434465
1413,1765,-1.24700455314995
1414,1421,-0.54427133807426
1414,1436,-0.470954574837787
1414,1654,-0.705094807940053
1414,1751,-0.38734959576372
1414,1764,-0.733086313172345
1414,1827,-0.477438956193239
1414,1941,-0.17755772743831
1415,1419,-0.0926619601024686
1415,1422,0.461171735168771
1415,1549,0.216633180828484
1415,1558,0.123311907018236
1415,1639,-0.106762695073906
1415,1707,0.269561581993831
1415,1755,0.368301214027337
1415,1788,0.249147943233599
1415,1968,0.448486653521671
1416,1418,0.579672524737094
1416,1428,0.49073408007391
1416,1680,0.525503000625173
1416,1695,0.346992574541488
1416,1710,1.0717935988166
1416,1822,0.555997953327139
1416,1911,0.54355811164456
1417,1418,-0.208663526279313
1417,1421,-0.492182757716788
1417,1422,-0.03651271090972
1417,1423,0.0950349229903856
1417,1425,0.246529937600581
1417,1426,-0.803524169882683
1417,1428,-0.333386443623044
1417,1429,0.392986665792988
1417,1617,0.166605717974422
1417,1738,-0.518572582415124
1417,1967,-0.448836642455173
1418,1421,-0.286982605762181
1418,1422,0.181932788969574
1418,1425,0.453565622376346
1418,1427,-0.526726999639302
1418,1437,0.0745749323789306
1418,1677,0.374031705574002
1418,1788,-0.0073474595271294
1418,1857,0.444379227283309
1419,1420,0.214674059201499
1419,1421,0.0538709007376435
1419,1423,0.548911979772134
1419,1424,0.235837076633916
1419,1425,0.743404880201074
1419,1652,-0.206409252790784
1419,1669,0.444977708143801
1419,1692,0.05748463525057
1419,1894,0.660616911339006
1419,1954,0.315996368314016
1419,1974,0.480687282946759
1419,1995,0.824210780404903
1420,1422,0.367841990294635
1420,1427,-0.423727145461333
1420,1429,0.825556849314156
1420,1431,0.158999898967949
1420,1677,0.554815525453827
1420,1707,0.162775168428977
1420,1724,0.315893314965243
1420,1809,-0.102920400605765
1420,1969,0.0533361145415354
1421,1433,-0.111984515449958
1421,1434,0.0517353657584576
1421,1457,0.0139008625263247
1421,1483,-0.0850012977367315
1421,1485,0.555296617522065
1421,1601,0.592914945906269
1421,1669,0.418861081491321
1421,1786,0.281434739574943
1421,1893,0.0755595463416028
1422,1423,0.124703420059147
1422,1424,-0.293979586068127
1422,1427,-0.7365115425131
1422,1430,0.266278542691489
1422,1431,-0.165202039846661
1422,1432,-0.0945476059875183
1422,1433,-0.608884908026257
1422,1434,-0.428964406533735
1422,1456,-0.425528584779996
1422,1535,-0.0706577964456212
1422,1615,0.0284114446550347
1422,1666,-0.222142927417484
1422,1839,-0.183455360031742
1423,1433,-0.650425668239552
1423,1435,-0.27006678944664
1423,1505,-0.134837524716018
1423,1594,-0.479051118028755
1423,1614,-0.654959349224164
1423,1803,-0.459143783248793
1423,1827,-0.462437790183085
1423,1860,-0.595474252096674
1424,1425,0.567735056027751
1424,1429,0.711813418545751
1424,1432,0.211974287152739
1424,1627,-0.154998591006759
1424,1647,-0.129031376575283
1424,1689,0.133052159438599
1424,1763,-0.0212558283132728
1424,1817,0.132532493663328
1424,1959,0.117417985975404
1425,1426,-1.05979239845484
1425,1430,0.0015647667571634
1425,1431,-0.427124467465819
1425,1437,-0.355493963403729
1425,1438,-0.163271808191596
1425,1663,-0.414785428320845
1425,1729,-0.453137572265952
1425,1738,-0.753055868752287
1425,1777,-0.354263449540214
1425,1854,-0.681333118589751
1425,1951,-0.745596321688275
1425,1958,-0.424338682564363
1426,1429,1.20387076097284
1426,1430,0.966265036884595
1426,1432,0.727623376084806
1426,1433,0.153186958948379
1426,1434,0.325645579854532
1426,1682,0.802191877133791
1426,1934,1.00388388276104
1426,1953,0.40943750879089
1427,1428,0.436094557684376
1427,1431,0.516543671391131
1427,1432,0.667919493313865
1427,1435,0.567179810236948
1427,1436,0.262693000399124
1427,1437,0.582996982027808
1427,1440,0.404594970977521
1427,1516,1.05898118216004
1427,1621,0.868058024471571
1427,1678,0.390424459223326
1427,1808,0.78141261640902
1427,1887,0.781957546781058
1427,1956,0.772169772966115
1428,1430,0.539106186552578
1428,1431,0.116820170773145
1428,1432,0.222255158369756
1428,1434,-0.13685201348752
1428,1437,0.188450674835235
1428,1504,-0.53393447074649
1428,1641,-0.318710866204838
1428,1660,-0.157952695068196
1428,1749,0.50892001208178
1428,1800,0.582545102381693
1428,1862,0.260497456214887
1429,1430,-0.131932025754939
1429,1435,-0.60018616318905
1429,1436,-0.773475218741121
1429,1440,-0.639071244218891
1429,1484,-1.31072589182922
1429,1490,-1.29652528092634
1429,1572,-0.590540958691175
1429,1705,-0.963016944947128
1429,1755,-0.461815214315166
1430,1431,-0.392286624321699
1430,1435,-0.414624811021032
1430,1443,-0.809345170047056
1430,1478,-0.94890212225084
1430,1492,0.0053269420182103
1430,1729,-0.409471883210756
1430,1754,-0.617895713276863
1430,1802,-0.477329354538653
1430,1811,-0.280156639907129
1430,1894,-0.0996346451166648
1430,1895,-0.340579604341436
1431,1432,0.0827500933845285
1431,1437,0.0618017349428777
1431,1438,0.252697594352824
1431,1440,-0.0927353160597607
1431,1441,0.13346347229101
1431,1522,0.630341059231366
1431,1540,-0.0718244315724395
1431,1722,0.0545261181679717
1432,1433,-0.536859319955458
1432,1434,-0.35145182557727
1432,1442,0.203714827023452
1432,1444,-0.446388721118735
1432,1499,0.120006692650393
1432,1546,-0.382305329254044
1433,1434,0.167931892235505
1433,1437,0.468585548973927
1433,1438,0.672512481835433
1433,1440,0.296915250181998
1433,1441,0.561263342115497
1433,1443,-0.0091755915512047
1433,1564,0.424337763868096
1433,1821,0.329457433782592
1433,1905,0.169000450473547
1434,1439,0.400697184930265
1434,1440,0.138991499178296
1434,1441,0.388804721209344
1434,1442,0.51796792548415
1434,1446,0.204059428054976
1434,1555,0.314383597856434
1434,1843,0.0400457311947629
1434,1933,0.108013413576255
1434,1969,0.143404870650393
1435,1440,-0.105397799121796
1435,1446,-0.0547779339444525
1435,1447,-0.35476854589568
1435,1620,-0.638569618748642
1435,1731,0.0673018962074334
1435,1749,0.379581822369584
1435,1799,-0.098685590176372
1435,1838,0.261278858333898
1435,1883,-0.150298442127473
1435,1974,0.150236863238826
1436,1440,0.129830591018435
1436,1444,-0.0804212647148654
1436,1447,-0.0703676596393023
1436,1448,0.0645275861773703
1436,1449,0.080683644857259
1436,1486,0.253832774809954
1436,1618,0.0875559257036519
1436,1740,0.192155205378163
1436,1830,0.252686637115603
1436,1844,0.08320746346012
1436,1889,0.0331207614133081
1436,1982,0.32487489079962
1436,1984,-0.418413162558354
1437,1440,-0.150334928527114
1437,1442,0.187841083798829
1437,1443,-0.476969108396906
1437,1449,-0.218850744500811
1437,1895,0.0122312089020317
1438,1440,-0.337395370543889
1438,1441,-0.128528655237983
1438,1442,-0.0061061187987153
1438,1445,-0.566906802745961
1438,1447,-0.593084670366944
1438,1448,-0.448794118365375
1438,1581,-0.524705274148427
1438,1633,-0.365422256151167
1438,1721,-0.107692974831059
1438,1733,0.318323636650973
1438,1947,-0.242050581326937
1439,1443,-0.592052888683835
1439,1447,-0.496302831403939
1439,1449,-0.30669577567056
1439,1451,-0.743852058268188
1439,1569,0.0115772113448434
1439,1745,-0.552481326470539
1439,1805,-0.734304665598359
1439,1864,-0.266927192026316
1439,1884,-1.07580754288833
1439,1900,-0.341664951600754
1439,1948,-0.518900906119493
1440,1444,-0.217764471314148
1440,1448,-0.0753794724409691
1440,1451,-0.44296519433178
1440,1505,0.237532430844833
1440,1535,0.177063473930948
1440,1552,0.474684791987268
1440,1756,-0.68825142762586
1440,1837,-0.0979834091317262
1441,1443,-0.571291213710249
1441,1447,-0.478429006811018
1441,1449,-0.298482143222187
1441,1451,-0.717833893177163
1441,1508,-0.266883823135629
1441,1616,0.0924412899982058
1441,1683,-0.247040585075156
1441,1701,-0.656887412493201
1441,1809,-0.417530480382331
1441,1831,0.0567062410863498
1441,1912,-0.220727992773856
1441,1992,-0.61616869661309
1442,1444,-0.603796809960384
1442,1448,-0.46172632462133
1442,1451,-0.850563841591959
1442,1454,-0.48946026883626
1442,1543,-0.443670685464761
1442,1678,-0.437168127139849
1442,1777,-0.184117070215145
1442,1869,-0.0458117081731779
1442,1897,-0.336766242512944
1442,1915,-0.520497067905115
1443,1446,0.38380696087133
1443,1456,0.197236652866626
1443,1570,0.753208499953826
1443,1867,0.0673550109135244
1443,1881,0.55556854830657
1444,1446,0.290514179603382
1444,1449,0.174372756292527
1444,1450,0.548936735915088
1444,1452,-0.188154879344548
1444,1454,0.146496588464128
1444,1464,0.231501642790566
1444,1539,0.872152175931992
1444,1546,0.0575469725761699
1444,1564,0.341254230817766
1444,1709,0.268199208562324
1444,1750,0.514228875894443
1445,1446,0.216514225174585
1445,1453,0.737365576073559
1445,1455,-0.0382298543216859
1445,1978,-0.342973686414765
1446,1448,-0.140305195544134
1446,1450,0.237414360439942
1446,1455,-0.220373763438682
1446,1457,-0.239127970877074
1446,1459,0.413276287329105
1446,1554,0.176769391568729
1446,1600,0.0544773132797866
1446,1744,0.562262380095938
1446,1747,-0.172058382763766
1446,1997,0.0593682504793698
1447,1449,0.166073871906774
1447,1454,0.137184590287723
1447,1460,0.184871587493129
1447,1540,0.259367608920666
1447,1583,0.255573338663791
1447,1601,0.650248265634
1447,1615,0.491516537939047
1447,1808,0.579756398565578
1447,1983,0.210079173806989
1448,1457,-0.105862553598083
1448,1634,0.570221265205445
1448,1661,0.464689407855188
1448,1689,0.201841223522486
1448,1703,-0.283156377175475
1448,1862,0.320936837936081
1448,1920,0.413110834798246
1449,1450,0.358572076895348
1449,1455,-0.102757254819328
1449,1456,-0.0755724176214359
1449,1462,-0.31745122795056
1449,1507,0.400331031447095
1449,1574,0.329788401960411
1449,1712,-0.0158711789181119
1449,1910,0.0698130981401617
1449,1979,-0.0128553912177893
1449,1980,0.0454259956113467
1450,1455,-0.476674173263215
1450,1459,0.207259091348801
1450,1945,-0.637268984382023
1450,1955,-0.538136057415392
1451,1457,0.283894611307984
1451,1463,0.47027884825086
1451,1494,1.08163565938996
1451,1552,0.992352752658979
1451,1661,0.813396476085978
1451,1698,0.688198222896044
1451,1788,0.544869884538207
1451,1916,0.0503902996923919
1451,1923,0.239227302415395
1452,1454,0.362952197777455
1452,1455,0.276348145291515
1452,1456,0.310043871527822
1452,1459,0.942662229964176
1452,1460,0.4057705654003
1452,1462,0.0426601322549464
1452,1464,0.443249433072093
1452,1791,0.446374497056585
1452,1818,0.79334403890133
1452,1960,0.763272338805812
1453,1458,-1.53063024159723
1453,1463,-0.475458460158915
1453,1526,-0.483189557297066
1453,1582,-0.087323890116846
1453,1599,0.0359530730948348
1453,1827,-0.602625172947564
1453,1943,-0.433716556171504
1453,1947,-0.332098075458876
1454,1458,-0.848289917789917
1454,1461,-0.171373532432681
1454,1462,-0.29721060433612
1454,1466,-0.019404108230132
1454,1502,-0.0275510301340038
1454,1593,0.0176990471772099
1454,1691,0.641612388846056
1454,1693,0.0429630902222254
1454,1802,0.124688118090846
1454,1805,-0.377277399901501
1454,1866,0.241544392435592
1455,1457,-0.0241422090690722
1455,1460,0.118358171670685
1455,1467,0.0472900716712957
1455,1472,0.533808070573091
1455,1478,-0.281616392767103
1455,1572,0.271194444964035
1455,1598,0.667881140570684
1455,1942,0.184734253053208
1456,1464,0.133564354566846
1456,1468,0.28968887743464
1456,1469,0.49230033933058
1456,1745,-0.153796946852351
1456,1774,-0.0911876176953766
1456,1911,0.184033452825049
1456,1998,0.128788407944576
1457,1461,-0.0619451164333029
1457,1476,0.692385905235076
1457,1562,-0.131662713130828
1457,1568,-0.028224223034358
1457,1752,0.58672142920203
1457,1763,0.15744483866442
1457,1889,0.0802142205629855
1457,1899,0.31010805447642
1458,1465,1.34663176815455
1458,1466,0.753894627275449
1458,1470,0.496563603559232
1458,1494,1.61982859501914
1458,1634,1.42379300098444
1458,1860,0.705081992413042
1458,1949,0.934700887366525
1458,1956,1.23425906839712
1459,1460,-0.52414856712583
1459,1462,-0.851134706977585
1459,1467,-0.623636131354163
1459,1471,-0.609110668053047
1459,1561,-0.920474129415278
1459,1657,-0.047846045704747
1459,1706,-0.291948210730363
1459,1771,-0.136426403738526
1460,1461,-0.223134569620766
1460,1463,0.0418381824265286
1460,1464,0.043922173559882
1460,1469,0.39208633617728
1460,1470,-0.354097331609491
1460,1558,0.0080294969899076
1460,1672,0.208343077380797
1460,1709,0.0920699903995061
1461,1462,-0.153658091681568
1461,1463,0.261283957725576
1461,1469,0.660995711903159
1461,1471,0.12886391263307
1461,1473,0.801533016493482
1461,1771,0.673733885385319
1461,1898,0.288613518364041
1462,1465,0.721530312414315
1462,1468,0.526005955946106
1462,1510,0.49901086193841
1462,1525,0.648054843138725
1462,1539,1.02994919464006
1462,1642,0.689384269345644
1462,1855,0.425933227556857
1462,1964,0.372611964109691
1463,1466,-0.107566838862047
1463,1467,-0.119902283752164
1463,1468,0.158081324121467
1463,1469,0.345113655659556
1463,1472,0.369040128385638
1463,1474,0.377854654999958
1463,1625,0.0450842859355436
1463,1635,0.146685090041186
1463,1647,-0.129370456873729
1463,1956,0.364421916743079
1464,1466,-0.109561779382641
1464,1468,0.156043360805583
1464,1471,-0.127236579725614
1464,1473,0.48705814406886
1464,1474,0.375859714479364
1464,1476,0.529835285622861
1464,1477,0.329243523384699
1464,1589,0.292963195412294
1464,1783,-0.122715064075829
1464,1835,-0.369728657692293
1465,1466,-0.410356131865792
1465,1478,-0.82741921589578
1465,1716,-0.344903263456481
1465,1749,0.238090974333698
1465,1795,-0.617618151189047
1465,1846,-0.267914818804201
1465,1911,-0.257234847945765
1465,1986,-0.789115919422207
1466,1473,0.578548866452021
1466,1475,-0.339865391866043
1466,1478,-0.314131624448987
1466,1479,0.478488563897988
1466,1552,0.608814103246143
1466,1656,-0.0189039600043241
1466,1777,0.278322118359568
1466,1778,0.425803253044717
1466,1887,0.455464083111719
1466,1913,-0.0714644262640085
1466,1946,0.310581421681113
1466,1983,0.103830411257699
1467,1470,-0.294217387642454
1467,1472,0.518317027259192
1467,1474,0.512048154145073
1467,1475,-0.373785016716427
1467,1476,0.678193294268234
1467,1477,0.483702697898599
1467,1479,0.525674833365997
1467,1480,0.306667658288456
1467,1732,0.0661475185641241
1467,1764,-0.256309380246179
1467,1844,0.0651811165341668
1467,1856,0.561848902975249
1467,1897,0.122614643988506
1467,1908,0.180404356039876
1467,1921,0.0391394363273608
1467,1931,0.09643017232036
1468,1470,-0.543007266267918
1468,1471,-0.283650634226175
1468,1473,0.322188323256696
1468,1474,0.220891738330738
1468,1475,-0.625138255111779
1468,1476,0.370717376523635
1468,1477,0.157594980742708
1468,1478,-0.603997154890772
1468,1479,0.225527575531316
1468,1480,0.0145349412148569
1468,1754,-0.255040259911353
1469,1471,-0.484337493836338
1469,1477,-0.0136857584548422
1469,1479,0.0732430253199306
1469,1482,-0.709269093267766
1469,1825,-0.215596436506341
1469,1929,-0.2264706470167
1469,1948,-0.612185836631857
1469,1969,-0.332716664385492
1470,1472,0.776858130985847
1470,1473,0.885077649238233
1470,1474,0.752551198505779
1470,1478,-0.038566332354347
1470,1482,0.0861756599332439
1470,1483,0.0971869458830792
1470,1584,0.67385491461722
1470,1597,0.261135221231537
1471,1476,0.660987069085995
1471,1479,0.515035802264179
1471,1480,0.305275389380547
1471,1481,-0.34996877672105
1471,1482,-0.196203088677489
1471,1483,-0.164641703714285
1471,1484,-0.522828272391528
1471,1805,-0.334791088071982
1471,1854,-0.0075982379410627
1471,1860,-0.105436649392802
1472,1476,0.195270790797528
1472,1480,-0.191891441739874
1472,1481,-0.865090141117963
1472,1483,-0.654134934457089
1472,1485,0.0395637142497228
1472,1526,-0.382087181689628
1472,1552,0.147974269217154
1472,1655,0.157979943288191
1472,1880,-0.716689504634401
1473,1478,-0.964783306627601
1473,1481,-0.973047754740703
1473,1484,-1.09778631682896
1473,1486,-0.331141200044751
1473,1526,-0.491162749611228
1473,1598,0.0896681725502674
1473,1638,-0.904748437560866
1473,1705,-0.739790804735037
1473,1727,-0.138873482442303
1473,1971,-0.140438207631505
1474,1477,-0.0856093764368051
1474,1479,-0.0008141214352192
1474,1482,-0.700439560986036
1474,1484,-0.96463329717001
1474,1486,-0.231886733362083
1474,1488,0.001278967517663
1474,1527,-0.250433560493031
1474,1614,-0.677061223404782
1474,1748,-0.173111722576099
1474,1751,-0.389173230633209
1474,1904,-0.156853766460897
1475,1476,1.00313902136954
1475,1479,0.859619638955733
1475,1483,0.165844167129825
1475,1488,0.875483452612001
1475,1499,0.798050695213395
1475,1573,0.852821701144799
1475,1596,0.396506380433143
1475,1609,0.170832506982767
1475,1630,0.978574949034332
1475,1644,0.620648531284808
1475,1956,0.819232404304262
1475,1988,0.473706043689288
1476,1483,-0.793067120621083
1476,1486,-0.377797080635013
1476,1489,-0.522454294337407
1476,1527,-0.41080156275005
1476,1672,-0.377753292463823
1476,1718,-0.404107172552463
1476,1896,-0.668780381031887
1476,1898,-0.484013891921468
1477,1482,-0.695583577464438
1477,1483,-0.626682027767909
1477,1484,-0.987063693768857
1477,1547,-0.433798988383048
1477,1918,-0.870358541181302
1477,1932,-0.155060326814983
1477,1963,-0.251373591321319
1478,1479,0.841695035144898
1478,1485,0.831467181839645
1478,1487,0.961634682379543
1478,1669,0.693801986742415
1478,1726,0.402999700428826
1478,1827,0.345342321921194
1478,1989,0.773413638183873
1479,1485,0.0012633946473202
1479,1487,0.0543639367999418
1479,1491,-0.596662724259378
1479,1498,-0.17859125060795
1479,1992,-0.745142143425372
1480,1481,-0.655244166101597
1480,1486,-0.0329046034858815
1480,1488,0.223802513189823
1480,1492,0.356917991174353
1480,1611,-0.0396135085164206
1480,1735,-0.0245515396150748
1480,1995,0.477412968267427
1481,1488,0.870581958794157
1481,1489,0.417485447169924
1481,1492,0.972832727953393
1481,1705,0.293548611927155
1481,1849,0.73043955685768
1481,1991,0.470189704272518
1482,1483,0.017034453562925
1482,1486,0.449153656291006
1482,1488,0.73380450951098
1482,1489,0.275510231306998
1482,1494,0.967821043213799
1482,1495,0.533066134086741
1483,1487,0.756749942633386
1483,1488,0.666674078961901
1483,1489,0.241283017710281
1483,1490,-0.22021666465805
1483,1492,0.773678568455882
1483,1494,0.875080032081875
1483,1496,-0.0936777516927958
1483,1551,0.221135197496566
1483,1607,0.974522395039549
1484,1485,0.976509352450483
1484,1486,0.738371299156185
1484,1489,0.571221471424947
1484,1491,0.373201282929426
1484,1492,1.08845483493043
1484,1610,0.916060716589508
1484,1638,0.221161346861203
1484,1652,0.153759724453082
1484,1674,0.583092570782431
1484,1724,0.865850359257257
1484,1805,0.206067195248019
1484,1815,0.772638662175882
1484,1883,0.601084533870856
1485,1489,-0.383570423014144
1485,1490,-0.924026289859166
1485,1491,-0.590181119374934
1485,1493,-0.761519121945255
1485,1686,-0.392081364007509
1485,1732,-0.449142896849718
1485,1741,-0.462996571116242
1485,1798,-0.401501142073351
1486,1492,0.368318592285755
1486,1495,0.0391476429215193
1486,1497,-0.114585718590459
1486,1594,-0.257533950423446
1486,1612,-0.0414266681315394
1486,1687,0.161734187087055
1486,1716,-0.167817409774477
1487,1488,-0.0490587885531253
1487,1497,-0.434898243086175
1487,1498,-0.247852347490618
1487,1499,-0.167327881502944
1487,1500,-0.440735035707955
1487,1674,-0.45399839918472
1487,1687,-0.154127477326448
1487,1773,-0.180325197941467
1487,1816,-0.264577103376476
1488,1491,-0.605753657123164
1488,1495,-0.224451572643676
1488,1496,-0.790790851694214
1488,1497,-0.361422279177667
1488,1550,-0.137332658212284
1488,1662,-0.098320770665066
1488,1809,-0.57459939279556
1488,1976,-0.40984714859742
1489,1490,-0.47455170376969
1489,1492,0.510226206991034
1489,1498,0.249399512470992
1489,1500,0.0573038950168747
1489,1501,-0.0681607808860014
1489,1553,0.0801310930698567
1489,1555,0.195214618328614
1489,1595,0.25382207812505
1489,1825,0.143048355065147
1489,1829,0.152679172157621
1489,1849,0.261322618528057
1490,1492,1.05456615204071
1490,1493,-0.0268791109085097
1490,1495,0.760380861570318
1490,1497,0.529736866247204
1490,1502,0.410416081253703
1490,1669,0.786839422116948
1490,1721,0.774550070500274
1490,1789,0.559190495977972
1491,1492,0.711017987322032
1491,1493,-0.226265678941165
1491,1494,0.800485593490964
1491,1496,-0.126722210336314
1491,1504,-0.244471330833218
1491,1556,0.273890638946814
1491,1562,-0.0644661627504582
1491,1621,0.637501308386225
1491,1642,0.52478907593759
1491,1710,0.793075667015328
1491,1814,0.512574875981422
1492,1496,-0.897217174044772
1492,1505,-0.284425113147658
1492,1602,-0.491423128978928
1492,1806,-0.969318542513494
1492,1860,-0.763559491682514
1492,1872,-0.847901374488133
1493,1498,0.680476633885184
1493,1499,0.710623297908107
1493,1502,0.346828217229727
1493,1539,1.00809956717699
1493,1807,0.0661947424717077
1493,1816,0.604767820025793
1493,1832,0.267432077685078
1493,1951,0.307697268069574
1493,1954,0.523638527615954
1493,1967,0.339034027952301
1493,1973,0.690645481070479
1493,1984,-0.0533049001493173
1493,1992,0.156076293845161
1493,1995,1.00663362903002
1494,1497,-0.535824319878322
1494,1498,-0.367141929315194
1494,1502,-0.708885574115483
1494,1798,-0.635515372899914
1494,1817,-0.46980286495276
1495,1502,-0.311080395452243
1495,1505,0.0795963186381543
1495,1772,-0.488794054309255
1495,1953,-0.277989909442182
1495,1968,0.0865375563100042
1496,1497,0.393030815925274
1496,1562,0.0613779826904187
1496,1590,0.146486193894128
1496,1654,0.0107579354995229
1496,1761,0.59015022450672
1496,1844,0.352677825635057
1496,1888,0.764747219717862
1496,1890,0.8737577764261
1496,1988,0.390651321429034
1497,1502,-0.131452262605392
1497,1505,0.234800355583166
1497,1510,0.08665077116268
1497,1626,0.367472574826226
1497,1938,0.207530490270506
1498,1509,0.249307595355198
1498,1520,-0.323842993493022
1498,1626,0.182582221590281
1498,1718,-0.125205286209614
1498,1880,-0.605123340562619
1498,1983,-0.224742995222074
1499,1500,-0.270108473915987
1499,1502,-0.421892557150907
1499,1507,0.0460235440525288
1499,1510,-0.198921548528913
1499,1511,-0.222833154957136
1499,1512,-0.758001741623466
1499,1546,-0.469135408123574
1499,1740,-0.26559209927485
1499,1835,-0.668389842663092
1499,1883,-0.32955530031773
1500,1502,-0.157555900924678
1500,1506,-0.182661798453788
1500,1591,-0.0741187075991288
1500,1619,0.0291443421359862
1500,1706,0.1563697865593
1500,1737,-0.238896309491167
1500,1840,0.0286899792550932
1500,1869,0.303526699368031
1500,1882,-0.39684553214745
1501,1505,0.373076778060216
1501,1513,-0.382260940633077
1501,1604,0.0267505374442945
1501,1659,-0.0709618368593825
1501,1676,0.126093271882867
1501,1875,0.0518292476051472
1501,1895,0.304643071624221
1502,1509,0.581400067044736
1502,1512,-0.315992249089044
1502,1584,0.409336976581366
1502,1646,0.160244023965626
1502,1755,0.321273288179078
1502,1859,-0.0311251753684858
1503,1505,0.727664344210935
1503,1507,0.835599823172305
1503,1509,0.936937195516278
1503,1515,0.152662132066327
1503,1584,0.733920119454644
1503,1593,0.309282225927992
1503,1889,0.366523474713411
1503,1904,0.664354001340026
1503,1919,0.768312751725452
1504,1505,0.816086489212514
1504,1506,0.406377697297814
1504,1510,0.662497443257358
1504,1512,0.0705851689689953
1504,1675,0.268821100107226
1504,1707,0.654390841648285
1504,1958,0.700359910972733
1505,1508,-0.280983634848639
1505,1509,0.203388574378074
1505,1515,-0.527800339994102
1505,1516,0.344148373051596
1505,1967,-0.402463561742375
1506,1507,0.517549564998614
1506,1510,0.261888095368838
1506,1515,-0.1386116242378
1506,1518,0.0338602642663522
1506,1519,-0.357750029463367
1506,1564,0.264969906487178
1506,1666,0.200718739733339
1506,1721,0.398035559830423
1506,1998,0.137510440540042
1507,1508,-0.372005032479931
1507,1512,-0.815188884004671
1507,1514,-0.663634620433788
1507,1517,-0.357151599457338
1507,1539,0.331788178062592
1507,1635,-0.178008699675422
1507,1652,-0.832539137848109
1507,1659,-0.539096716842649
1507,1796,-0.771874281687392
1508,1512,-0.436978711443626
1508,1518,-0.09145346405244
1508,1728,0.0160763387215744
1508,1787,0.320969723854045
1508,1887,0.382561531540368
1508,1986,-0.471478835254302
1509,1511,-0.390389404631454
1509,1513,-0.972761693980663
1509,1522,0.344312310101426
1509,1559,-0.563683542668313
1509,1916,-0.856752984977684
1509,1954,-0.365236267370552
1510,1515,-0.380412689295406
1510,1518,-0.207700507965872
1510,1523,-0.1926936063985
1510,1537,0.0976877130678718
1510,1612,-0.0089809493727682
1510,1722,0.0567951595717727
1510,1798,-0.103274813976998
1511,1523,-0.169333659116144
1511,1567,0.391607759069529
1511,1766,0.0602785678160326
1511,1777,0.101025535920519
1511,1859,-0.249614958455331
1511,1968,0.192648998280665
1512,1516,1.07423730186414
1512,1521,0.851965621698346
1512,1522,1.17549795491513
1512,1546,0.251112941329178
1512,1565,0.102894311293486
1512,1765,-0.0599946104104211
1512,1773,0.661019022172027
1512,1846,0.450779633718126
1512,1851,0.0524580417498405
1513,1522,1.24457315303724
1513,1524,0.965915866115142
1513,1525,0.770393730001846
1513,1704,0.394935973154708
1513,1855,0.513702544265967
1513,1859,0.323237150792886
1513,1894,0.98383381705812
1514,1516,0.936466153441849
1514,1518,0.157391238344591
1514,1522,1.06034381171605
1514,1550,0.569160106837625
1514,1574,0.593566167280703
1514,1816,0.466676477750368
1514,1867,-0.0108200131965576
1515,1516,0.874620145563016
1515,1523,0.193181329479683
1515,1524,0.714101658491461
1515,1527,0.418133450197112
1515,1528,0.246989885484349
1515,1558,0.218553743624147
1515,1635,0.392376795735388
1515,1731,0.467981528737658
1515,1818,0.567065207098418
1515,1985,0.290287476805706
1516,1518,-0.693186681936398
1516,1522,0.2285285443892
1516,1524,-0.157557594951356
1516,1593,-0.61133928797609
1516,1994,-0.676680526560028
1517,1518,-0.132144742520769
1517,1524,0.462084793516131
1517,1527,0.130800082866518
1517,1634,0.505004253696825
1517,1689,0.112185020654975
1517,1710,0.612627751511008
1517,1833,0.269378908218185
1518,1519,-0.358815768776612
1518,1521,0.49493570146534
1518,1522,0.831691620441618
1518,1529,-0.0425695489215759
1518,1625,0.143737497103022
1518,1806,-0.317601862627949
1518,1906,0.14246871887831
1518,1970,-0.254695066405475
1519,1525,0.763193450176344
1519,1530,0.502201395230186
1519,1531,0.806258687071604
1519,1866,0.616004626902909
1519,1868,0.809284932181631
1520,1522,0.846851453357385
1520,1523,-0.0096862005276008
1520,1525,0.346439038281349
1520,1527,0.223161208168304
1521,1524,0.0317140613913496
1521,1525,-0.156266834088877
1521,1530,-0.439362040306953
1521,1534,-0.3221764127662
1521,1557,-0.553478160116968
1521,1613,-0.278283237413082
1521,1842,-0.755591131691867
1521,1915,-0.546386234687339
1521,1946,-0.177262696449445
1522,1533,-0.768210609751149
1522,1590,-0.882953456228719
1522,1615,-0.44937955709323
1522,1625,-0.723905384312889
1522,1683,-0.746600552420582
1522,1702,-0.362100687746236
1522,1750,-0.446540163141839
1523,1524,0.539363913827512
1523,1526,0.0307705145961388
1523,1528,0.0586079322426056
1523,1529,-0.0754001166263777
1523,1531,0.41625877772392
1523,1533,0.0870905445229091
1523,1546,-0.101067291389057
1523,1690,0.232180096868221
1523,1908,0.13864751486828
1524,1527,-0.314872392840042
1524,1534,-0.367204176648263
1524,1601,-0.0355179814372155
1524,1668,-0.591888760159148
1524,1827,-0.560463601477134
1524,1952,-0.709655232458673
1524,1984,-1.08098958260498
1525,1526,-0.278878850110976
1525,1527,-0.123277830113045
1525,1530,-0.292508633832775
1525,1532,-0.896483993664279
1525,1538,-0.198128973061151
1525,1565,-0.648348957076962
1525,1623,-0.0666682577426209
1525,1836,-0.19840060623694
1525,1892,-0.517286251795309
1525,1997,-0.14890869414358
1526,1536,-0.182954473384067
1526,1539,0.645703435558985
1526,1701,-0.308302540509821
1526,1728,0.044963374419628
1526,1779,0.146511784584868
1526,1872,-0.297762304582171
1526,1903,-0.0549654664835503
1526,1919,0.313905941929066
1526,1944,0.633669740685337
1527,1528,-0.167593456964766
1527,1533,-0.141343967273791
1527,1535,0.0586060461455617
1527,1537,0.059423111662278
1527,1538,-0.0921072010068532
1527,1539,0.531443522424212
1527,1682,0.205074178363025
1527,1814,0.117825258964317
1527,1897,-0.125132342105383
1528,1532,-0.589715726844635
1528,1534,0.13821695174016
1528,1536,-0.224829037351865
1528,1538,0.0673116685122168
1528,1540,0.0518639389089553
1528,1613,0.16885867622184
1528,1711,0.313102368395959
1528,1749,0.502765551149648
1529,1534,0.286070722333404
1529,1540,0.184568034318309
1529,1554,0.384544746322394
1529,1581,-0.0001206017757492
1529,1621,0.587236780203295
1529,1707,0.257278139736081
1529,1714,0.188578982759511
1529,1761,0.343090411598399
1529,1766,0.306068819578667
1529,1833,0.416317712000277
1529,1955,-0.0717236995570597
1529,1973,0.435917413702041
1530,1531,0.361289854129476
1530,1535,0.211349072632696
1530,1537,0.21015188113792
1530,1538,0.0538870580788491
1530,1540,0.0399285902897843
1530,1542,0.54961103844705
1530,1569,0.271116088158523
1530,1675,-0.222892428818829
1530,1690,0.167429284248691
1530,1874,0.0134182167687762
1531,1537,-0.124609446627331
1531,1538,-0.267659963827273
1531,1541,-0.614397593015094
1531,1544,-0.430886860263193
1531,1593,-0.355549654767803
1531,1853,0.0083236267109282
1531,1900,-0.409856289608989
1532,1534,0.775553001264708
1532,1537,0.776385079843003
1532,1538,0.627091557189119
1532,1541,0.332280621647952
1532,1545,0.799641288639795
1532,1760,0.636155923318777
1532,1846,0.610864194632314
1533,1534,0.110762280390227
1533,1535,0.191566680537731
1533,1541,-0.293640057792769
1533,1544,-0.117916313530039
1533,1608,0.134482377426489
1533,1609,-0.319751897466691
1533,1705,-0.22144796396477
1533,1764,-0.378197389960499
1533,1829,0.132265622119653
1533,1948,-0.279509054179088
1533,1959,0.105335860315466
1534,1540,-0.0833770627077943
1534,1543,-0.206242270930364
1534,1544,-0.231226285039949
1534,1546,-0.300989694997632
1534,1547,-0.21576493781835
1534,1727,0.227698899764777
1534,1762,-0.333610609234452
1535,1538,-0.139641769580273
1535,1542,0.285956920640074
1535,1543,-0.267914709768344
1535,1546,-0.356616578433387
1535,1547,-0.281856996900186
1535,1573,0.157870802927358
1535,1581,-0.344145380720074
1535,1585,-0.534664235446803
1535,1612,-0.100033621281446
1535,1814,0.0456991316975793
1535,1932,-0.0326585732559472
1535,2000,0.192112931745354
1536,1538,0.286112341594676
1536,1540,0.280342050958292
1536,1546,0.0463338018989117
1536,1547,0.145633563506662
1536,1932,0.434485356142219
1537,1538,-0.139238678773929
1537,1543,-0.265800091000082
1537,1544,-0.294603976268761
1537,1545,-0.0742011974436039
1537,1619,-0.13020952973102
1537,1669,0.0324447329740279
1537,1679,-0.244390614427175
1537,1701,-0.574135863317046
1537,1734,-0.208522134620072
1537,1968,0.0627292720112373
1538,1541,-0.317085343567579
1538,1545,0.0845716880822336
1538,1548,-0.0577208659646068
1538,1550,0.207963702095805
1538,1551,-0.114165045810262
1538,1662,0.226315775306219
1538,1965,0.406729081694902
1539,1540,-0.628559816796995
1539,1550,-0.393753351198677
1539,1552,-0.153222513784778
1539,1608,-0.47695198611583
1539,1676,-0.645347728045732
1539,1816,-0.450887522467238
1539,1908,-0.562887978483146
1540,1543,-0.119813818795208
1540,1553,0.025739777828537
1540,1572,0.0792052388293
1540,1760,-0.0341626743462334
1540,1793,-0.129987097751898
1540,1863,0.0398255671203398
1540,1994,-0.0753240710645489
1541,1548,0.278725232548466
1541,1549,0.333928830458663
1541,1554,0.510767025382626
1541,1577,0.450757372773243
1541,1595,0.526483098337261
1541,1649,0.325786835659967
1541,1940,0.139236722342204
1541,1961,0.298395423894741
1542,1545,-0.402865526823584
1542,1547,-0.604942563406883
1542,1548,-0.523836070441318
1542,1549,-0.466836687085219
1542,1571,-0.900218878439559
1542,1598,0.0916635307007008
1542,1984,-1.14783275856792
1543,1544,-0.0150083561149176
1543,1545,0.229894140265783
1543,1546,-0.0759664678103791
1543,1547,0.0076151968463926
1543,1556,0.118113768335146
1543,1879,0.2457207777278
1544,1546,-0.0646035282310074
1544,1549,0.155102298216373
1544,1555,0.279429621054036
1544,1648,0.0872518341591656
1544,1712,0.0348134596907686
1544,1748,0.367922239057409
1544,1830,0.237598677340763
1544,1875,0.0636509744191613
1545,1549,-0.0897838277184684
1545,1554,0.123490421759737
1545,1868,0.209703082342308
1546,1550,0.4375653399595
1546,1551,0.107774295175703
1546,1573,0.528626566113146
1546,1601,0.577422885284181
1547,1550,0.364059951354654
1547,1551,0.0199208686146923
1547,1554,0.323129132933314
1547,1555,0.264682697705165
1547,1557,-0.0913469245366493
1547,1560,0.401849108726936
1547,1691,0.619013064362955
1547,1716,0.0611410172906782
1548,1555,0.195040205172246
1548,1561,-0.411161169560244
1548,1614,-0.314465691704584
1548,1669,0.251289103080101
1548,1717,-0.0664960536423445
1548,1727,0.329637484687016
1548,1754,-0.0870376525042879
1548,1821,-0.0048982468010676
1549,1550,0.22891856302381
1549,1555,0.145119233178875
1549,1561,-0.469116468938169
1549,1851,-0.472797872077401
1549,1857,0.51001748270218
1549,1877,-0.13296830902015
1550,1556,-0.252064807420013
1550,1795,-0.55230863548933
1550,1871,-0.319329065336378
1550,1886,0.207751096475991
1551,1552,0.592918388229356
1551,1555,0.246742364904406
1551,1558,0.0304967971638115
1551,1562,-0.253434966498943
1551,1572,0.181423812502006
1551,1626,0.475034313508056
1551,1690,0.221218723902486
1551,1745,-0.217106366371679
1551,1801,0.121701378898385
1551,1954,0.161398412259425
1552,1564,-0.376241670356877
1552,1584,-0.196338938883545
1552,1608,-0.346882380443438
1552,1842,-0.87322426937688
1552,1916,-0.916338099496072
1553,1554,0.197868888731608
1553,1557,-0.239046630243067
1553,1561,-0.500454235863317
1553,1563,0.473253562682461
1553,1635,0.0983040978684329
1553,1978,-0.527854570249309
1554,1555,-0.0460987756024855
1554,1561,-0.64265871266878
1554,1566,-0.106914626718321
1554,1567,0.209662666253199
1554,1699,-0.35629890340725
1554,1852,-0.2948298403859
1555,1556,-0.162630090914603
1555,1558,-0.205319232807141
1555,1565,-0.522548975740765
1555,1568,-0.367958714778386
1555,1612,-0.0894011183314342
1555,1630,0.318349490618939
1555,1955,-0.384883135647211
1556,1557,-0.203924482685495
1556,1558,-0.0630711621922791
1556,1559,-0.108944327297682
1556,1563,0.487442865512199
1556,1564,0.097982431041029
1556,1568,-0.245443529156511
1556,1594,-0.158983640108177
1556,1742,0.0443467488744584
1557,1562,-0.131039758525271
1557,1566,0.307319350472821
1557,1602,0.205977495442877
1557,1617,0.576235686851989
1557,1649,0.212493437082669
1557,1677,0.595000408871085
1557,1787,0.458240519366149
1557,1917,0.095995852238291
1557,1943,0.216789294570342
1558,1560,0.326532396707781
1558,1566,0.171428866388072
1558,1567,0.471828840944903
1558,1573,0.384220414479143
1558,1713,0.0681213960838332
1558,1773,0.269576632880659
1558,1920,0.351480207630015
1558,1921,-0.0430410627795172
1558,1935,-0.0273347164310723
1558,1952,-0.196468486274699
1558,1976,0.0317978926958647
1558,1998,0.0371368351482969
1559,1560,0.400634169920683
1559,1562,-0.261240891564182
1559,1564,0.19962046479794
1559,1565,-0.294970708602772
1559,1569,0.335335921185406
1559,1571,-0.287752239796768
1559,1589,0.384760533195494
1559,1632,0.510266047284858
1559,1903,-0.0282232289990322
1560,1562,-0.63132138206915
1560,1564,-0.163513116517338
1560,1566,-0.155246839896129
1560,1567,0.196589003390652
1560,1569,-0.0305770063369191
1560,1777,-0.103108566145313
1560,1781,-0.377787916848356
1561,1571,0.0575144821639001
1561,1574,0.739670975417455
1561,1652,-0.126112418407614
1561,1763,0.393482126861358
1561,1942,0.460189342148918
1561,1946,0.625973042073004
1562,1564,0.424256957669943
1562,1567,0.75186176280322
1562,1574,0.607165386427984
1562,1623,0.585363778460798
1562,1672,0.480175249338835
1562,1716,0.295030528766703
1562,1718,0.379913625555074
1562,1778,0.646019186530723
1562,1825,0.448217236895415
1562,1885,0.398112043083252
1563,1565,-0.914599350242958
1563,1566,-0.353810732570564
1563,1568,-0.705169598859228
1563,1621,-0.0721922098981903
1563,1636,-0.975104855713113
1563,1674,-0.474555621200578
1563,1719,-0.534354483262214
1563,1726,-0.555102053886737
1563,1749,0.0306182897644334
1563,1872,-0.866655685297564
1564,1568,-0.317636640072954
1564,1572,-0.0132089902389243
1564,1576,-0.264892386265323
1564,1601,0.272635373067126
1564,1651,-0.2548302745316
1564,1872,-0.467776169345601
1565,1567,0.826148429367257
1565,1570,0.818813046752201
1565,1572,0.473473363005679
1565,1575,0.37371226059335
1565,1781,0.208167178165405
1565,1818,0.69594038332814
1566,1568,-0.351016874405324
1566,1576,-0.292042734380847
1566,1577,0.0048066335278958
1566,1677,0.347871127170428
1566,1723,0.163214073521883
1566,1770,-0.486261753681027
1566,1781,-0.230764385911661
1566,1824,-0.557512552659702
1566,1963,-0.0635193817698619
1567,1570,-0.0535465927305622
1567,1571,-0.81992603295725
1567,1572,-0.353718888619622
1567,1575,-0.436365023909231
1567,1576,-0.588489681318614
1567,1579,-0.416598893173134
1567,1580,-0.233021609156932
1567,1694,-0.810866194767646
1567,1759,-0.201245184527429
1567,1786,-0.383949336864361
1567,1910,-0.454270938790496
1568,1570,0.624340070787566
1568,1573,0.561124688345634
1568,1577,0.366010102800211
1568,1579,0.276918140885056
1568,1580,0.479319197313395
1568,1666,0.261959154455523
1568,1932,0.373442838239979
1569,1578,-0.190689326411641
1569,1580,-0.0068473536488722
1569,1582,0.109297725085403
1569,1611,-0.11581849913475
1569,1622,-0.912546418905918
1569,1659,-0.421281031820753
1569,1839,-0.153176117798986
1569,1912,-0.219285338360828
1569,1935,-0.309642669653986
1570,1574,-0.17659916891311
1570,1579,-0.387810958878613
1570,1581,-0.595566180433928
1570,1608,-0.26179369711987
1570,1645,-0.83375500086001
1570,1675,-0.60926023513708
1570,1697,-0.572148560160538
1570,1917,-0.525364973932618
1570,1962,-0.543907585765993
1571,1573,0.741026717558345
1571,1576,0.173756537531537
1571,1577,0.530106359116801
1571,1578,0.425873049705397
1571,1653,0.412487041135406
1571,1655,0.926932417215568
1571,1666,0.40701245430234
1571,1870,0.502069513883591
1571,1904,0.576183741690666
1571,1947,0.442138152598471
1571,1951,0.177260924416494
1572,1577,0.0388311335463409
1572,1578,-0.0473974777531666
1572,1579,-0.054211831805848
1572,1582,0.269790043017151
1572,1584,0.18838060785477
1572,1605,-0.397388588761093
1572,1727,0.211192255908133
1572,1950,-0.660436703903731
1572,1959,0.0032968435248642
1573,1578,-0.311457395201222
1573,1583,-0.381355053243026
1573,1747,-0.486440738797486
1573,1910,-0.361761262415009
1574,1575,-0.256651315647615
1574,1581,-0.449519746372853
1574,1678,-0.335564699933152
1574,1682,0.0903266018352773
1574,1690,-0.115280756194085
1574,1743,-0.552065397252066
1574,1796,-0.708029522424523
1574,1915,-0.429740513319789
1575,1577,0.130926697697821
1575,1579,0.0391155064629663
1575,1581,-0.169855610784566
1575,1583,-0.005965613146791
1575,1584,0.273245862852813
1575,1585,-0.36960212822844
1575,1586,0.419113263400466
1575,1588,-0.313336622131174
1575,1608,0.119777090852659
1575,1612,0.0784166362237671
1575,1647,-0.15088809770993
1575,1707,0.0722887188801015
1575,1829,0.116179891011395
1575,1846,0.0057975686842875
1575,1917,-0.103020243773842
1575,1936,-0.0851849840191707
1575,1976,-0.0240207027083963
1576,1580,0.415030407039217
1576,1581,0.0132368596677242
1576,1584,0.431572772906833
1576,1585,-0.183312222706383
1576,1674,0.132054427917348
1576,1755,0.345801525519612
1577,1579,-0.0988094540382924
1577,1583,-0.150597313225339
1577,1584,0.163434064935213
1577,1585,-0.521696789445324
1577,1590,-0.351072999952912
1577,1765,-0.661041486321153
1577,1781,-0.23928561977563
1577,1899,-0.0107101545194739
1577,1987,-0.251351628423454
1578,1584,0.239046601894618
1578,1587,-0.156362384112986
1578,1589,0.239310587097942
1578,1590,-0.268306722997122
1578,1608,0.0819499977667311
1578,1612,0.035087672577061
1578,1622,-0.760069049662345
1578,1699,-0.189640486523499
1578,1780,-0.465956561102156
1578,1799,-0.0410860468718375
1579,1580,0.211517704990101
1579,1581,-0.217518927042655
1579,1584,0.246568833723385
1579,1607,0.697651892596043
1579,1642,0.242442248389898
1579,1815,0.0950861747440916
1579,1816,0.136011525903123
1579,1829,0.0828838563718444
1579,1850,0.0346406847304917
1579,1989,0.260563071359664
1580,1588,-0.572361859237786
1580,1589,0.056697649375111
1580,1592,-0.183406496448689
1580,1593,-0.310722466767471
1580,1731,-0.0782738518090712
1580,1827,-0.377357203401954
1581,1584,0.446072343828042
1581,1585,-0.209919452244437
1581,1588,-0.15351577240815
1581,1591,0.111387686170515
1581,1592,0.215074355333005
1581,1629,-0.0350074007562065
1581,1760,0.159881018191863
1581,1784,0.815141060719737
1582,1583,-0.3949684102976
1582,1585,-0.756864204240806
1582,1586,0.0549503722131556
1582,1589,-0.0594474293591642
1582,1590,-0.564968366506797
1582,1593,-0.411379770318459
1582,1594,-0.504478511343285
1582,1595,-0.122367103836931
1582,1645,-0.807157978192009
1582,1985,-0.389743657154439
1583,1588,-0.327337377459499
1583,1589,0.301722131153398
1583,1591,-0.0531165350231516
1583,1592,0.0587600118536584
1583,1593,-0.0879114197517255
1583,1594,-0.148161495538807
1583,1596,-0.112565040476287
1583,1611,0.13422658267031
1583,1613,0.142334420695254
1583,1727,0.318607581051626
1584,1589,-0.0027970263579825
1584,1590,-0.467595197185983
1584,1591,-0.330992540295095
1584,1592,-0.21889538208744
1584,1593,-0.325801203337323
1584,1595,-0.0564882441896788
1584,1596,-0.393609827935143
1584,1845,-0.509683392847038
1584,2000,0.0901859686373861
1585,1589,0.639046737564575
1585,1592,0.408679959853504
1585,1594,0.212084750277584
1585,1595,0.591833619441059
1585,1616,0.676533471517374
1585,1650,0.370389795977356
1585,1828,0.528001987329987
1585,1955,0.134095484245105
1585,1994,0.323813814114779
1586,1587,-0.577213166522868
1586,1588,-0.751397414570469
1586,1589,-0.113017769780335
1586,1590,-0.623885481280762
1586,1592,-0.354571826483071
1586,1594,-0.563807024799295
1586,1599,0.0532214727248432
1586,1725,-0.448778348867108
1586,1758,-0.181275520775191
1587,1588,-0.243559000819632
1587,1593,-0.010042487590536
1587,1597,-0.0902469182491572
1587,1598,0.640282885783539
1587,1599,0.546140830454265
1587,1600,0.210368065470473
1587,1708,-0.156147949582337
1587,1710,0.727754526150302
1587,1775,0.197454828210233
1587,1785,-0.140719428497728
1588,1590,0.0646284711444452
1588,1591,0.255419020199544
1588,1592,0.354090615417759
1588,1594,0.159342784791388
1588,1597,0.153748648890862
1588,1653,0.355785293151406
1588,1797,-0.129954607479889
1588,1871,0.283506622781852
1589,1590,-0.470404103058182
1589,1593,-0.327184769247221
1589,1597,-0.484630995899272
1589,1631,0.163141682892217
1589,1658,-0.472261393991854
1589,1735,-0.147771174094482
1589,1810,-0.374528097283895
1589,1902,-0.744994824051433
1589,1934,0.195609365449011
1589,1980,-0.333224222691878
1590,1591,0.169123526651081
1590,1599,0.593544588726454
1590,1614,-0.0869495075749672
1590,1709,0.241632674343723
1590,1725,0.229655968386137
1590,1763,0.189260822730875
1590,1780,-0.143209238728668
1590,1788,0.280544486510588
1590,1855,0.26176786375661
1590,1902,-0.206802911252843
1590,1907,0.571728560955922
1590,1951,0.0516343604180271
1591,1593,-0.0305835686912463
1591,1725,0.0525908478282406
1591,1845,-0.180067743619035
1591,1861,-0.118334287325962
1591,1908,0.0996675516467875
1591,1913,-0.14713970542226
1592,1596,-0.159297664093626
1592,1598,0.4480617597071
1592,1599,0.359697407435007
1592,1600,0.0450943871011278
1592,1601,0.327044805435312
1592,1602,-0.0348891180375136
1592,1605,-0.342993059736082
1592,1771,0.277874990292231
1592,1863,-0.0003844676584425
1592,1867,-0.331195239846522
1592,1873,-0.382896509403074
1592,1916,-0.463395919309135
1592,1987,-0.158195395401038
1593,1594,-0.0539741951965969
1593,1601,0.429375781793864
1593,1635,0.194065600272321
1593,1745,-0.182909539898536
1593,1771,0.388314637233703
1593,1920,0.359199206483541
1593,1958,0.196957939286928
1594,1606,-0.451203673649652
1594,1607,0.833860193247112
1594,1697,-0.0108512430749316
1594,1774,-0.0917609987248001
1594,1944,0.751720802734672
1594,1984,-0.45764882569599
1595,1598,0.300473963995249
1595,1605,-0.537996201650354
1595,1661,0.165767820585819
1595,1939,0.110493639489036
1596,1599,0.53434941912123
1596,1602,0.127812161161811
1596,1606,-0.526903773890596
1596,1607,0.839294258399027
1596,1709,0.138312058057382
1596,1891,0.355807625614509
1596,1894,0.572483069025707
1597,1599,0.623913149337056
1597,1601,0.624365973139137
1597,1602,0.204218157627637
1597,1604,0.0934706755916262
1597,1606,-0.479880938975923
1597,1607,0.941401849033917
1597,1671,-0.332812099374998
1597,1893,0.025801215997238
1597,1902,-0.333946178352493
1598,1599,-0.0951394532788475
1598,1602,-0.495753958365731
1598,1605,-0.813850290567493
1598,1606,-1.04399805378252
1598,1608,-0.368514604236199
1598,1610,-0.325474139013301
1598,1618,-0.64573039311371
1598,1760,-0.552721655532952
1598,1935,-0.579396443898245
1598,1971,-0.209783396258777
1599,1600,-0.328332608688973
1599,1604,-0.521121562784177
1599,1606,-0.976532666061378
1599,1608,-0.281388240067676
1599,1612,-0.344587445598259
1599,1844,-0.511337057186545
1599,1940,-0.604382678573097
1599,1996,-0.303412523176553
1600,1607,0.627556707299505
1600,1610,0.132817104333432
1600,1622,-0.803258337365043
1600,1630,0.414373347416888
1600,1746,-0.231884103982828
1600,1976,-0.124131223319509
1600,1986,-0.580411288511128
1601,1606,-1.00639029397443
1601,1607,0.378917967593474
1601,1609,-0.739882646091549
1601,1873,-0.734180029793285
1602,1604,-0.1090971681855
1602,1608,0.106918067095979
1602,1609,-0.342972061087043
1602,1612,0.0642566438222311
1602,1614,-0.353321990929186
1602,1688,-0.0096245105156155
1602,1761,0.147321455152991
1602,1773,0.217562443439518
1603,1604,-0.126202520246602
1603,1606,-0.678660280516862
1603,1607,0.749907742676003
1603,1608,0.110032655198528
1603,1718,0.0630216137180246
1603,1770,-0.412488372804186
1603,1859,-0.209450976448602
1603,1967,-0.187044717945298
1604,1611,0.219056402459778
1604,1612,0.175490272149437
1604,1613,0.232005764370305
1604,1874,0.0798489724846556
1604,1910,0.0899403874611747
1605,1606,-0.37448146683995
1605,1608,0.410090972873373
1605,1613,0.451956561490467
1605,1615,0.561321462267968
1605,1927,0.46360346651266
1605,1933,0.242097448081821
1606,1611,0.728175457709031
1606,1612,0.694022530164811
1606,1614,0.278173504104658
1606,1617,0.98963835649551
1606,1685,0.675293554387858
1606,1837,0.510543476341497
1606,1964,0.599988120647254
1607,1608,-0.562717534039894
1607,1609,-1.02640477653274
1607,1615,-0.428711669955103
1607,1653,-0.646705785473762
1607,1721,-0.469613433184977
1607,1729,-0.641484471640128
1607,1730,-1.01778601721829
1607,1809,-0.916140267500477
1607,1857,-0.180403445986449
1607,1952,-0.969838184279306
1607,1965,-0.280238878499429
1608,1610,0.095231232012572
1608,1615,0.131466413526762
1608,1619,-0.0776172824116183
1608,1621,0.24663459161571
1608,1629,-0.322591398325108
1608,1680,-0.100497827486998
1608,1757,0.344612073044077
1608,1798,-0.127195020245614
1608,1826,-0.0078111618335379
1608,1998,-0.12758692454614
1609,1613,0.472072865643065
1609,1615,0.569669430646037
1609,1617,0.744491032055015
1609,1638,-0.140989889377293
1609,1894,0.79112538622983
1609,1938,0.528754524454665
1609,1946,0.515978971972861
1610,1616,0.106007821655478
1610,1618,-0.361203078832526
1610,1619,-0.184597500461834
1610,1620,-0.79203551917937
1610,1802,-0.21971710232069
1610,1914,-0.164352315009589
1610,1937,-0.264004850956159
1611,1614,-0.4528759683913
1611,1616,0.202179388207569
1611,1716,-0.171221941655085
1611,1790,-0.156035647327723
1611,1924,0.24987249106521
1612,1615,0.187845578971176
1612,1619,-0.0339776311852436
1612,1621,0.31750052504078
1612,1623,0.125716579856083
1612,1643,-0.57683611830006
1612,1804,0.450009799465082
1612,1827,-0.203751664911175
1613,1616,0.206846936406116
1613,1617,0.331447108954871
1613,1619,-0.0790275926109747
1613,1623,0.077493951125877
1613,1625,-0.100968881490662
1613,1680,-0.0998874455107391
1613,1935,-0.21554061640095
1614,1620,-0.167379170794184
1614,1627,0.167708998928241
1614,1709,0.352936525916289
1614,1799,0.361521185074933
1614,1830,0.437903209221213
1615,1616,0.0355797807666993
1615,1617,0.150261460881137
1615,1620,-0.753289024715807
1615,1624,-0.114582167292015
1615,1625,-0.240360595568948
1615,1626,0.0895561945787
1615,1664,-0.433368103241592
1615,1916,-0.648885634426112
1615,1940,-0.441270249068323
1616,1618,-0.444290882745254
1616,1622,-0.996947143802883
1616,1624,-0.164249542170895
1616,1628,-0.226404787438584
1616,1714,-0.341536033043422
1616,1906,-0.305457993256484
1616,1990,-0.151910797866464
1617,1619,-0.377374900179245
1617,1620,-0.929797017696614
1617,1621,-0.0794685022462854
1617,1625,-0.408204543010689
1617,1627,-0.616985934178681
1617,1712,-0.492499167400852
1617,1987,-0.543197694209592
1618,1624,0.271481663787006
1618,1626,0.520198385794078
1618,1628,0.18719819244588
1618,1738,-0.200883479607385
1618,1924,0.509221429950073
1619,1627,-0.223422789222957
1619,1628,0.0422868532115564
1619,1630,0.452697056512509
1619,1661,0.325749172777823
1619,1745,-0.34122057269759
1619,1829,0.071932015006667
1619,1904,0.157523813974017
1620,1621,0.949333698906963
1620,1625,0.548284047760194
1620,1628,0.605827234780634
1620,1629,0.327455054976854
1620,1633,0.475810015072887
1620,1819,0.408281660865092
1620,1824,0.0981539059256148
1620,1923,0.249770494647651
1620,1928,0.79315815505627
1621,1630,0.155564294834531
1621,1739,-0.587746657506625
1621,1765,-0.920200467707793
1621,1923,-0.736602685255124
1621,1987,-0.521237533966845
1622,1625,0.731624217544585
1622,1630,1.15880082151628
1622,1632,1.0979979713729
1622,1741,0.625754701868548
1622,1949,0.705046335841627
1623,1624,-0.0361635233747534
1623,1627,-0.42320766275672
1623,1628,-0.107638284767844
1623,1636,-0.733674486400132
1623,1812,-0.0756918476827642
1623,1947,-0.100152290452258
1624,1630,0.363061572463813
1624,1735,-0.0286569674448511
1624,1794,0.220028222119786
1624,1865,0.12199783194643
1624,1893,-0.323558761058858
1624,1900,-0.278749424312117
1624,1907,0.225765660331997
1624,1992,-0.56183615425882
1625,1627,-0.209195769890557
1625,1632,0.367036714361497
1625,1635,0.104698220571733
1625,1644,0.0647072352252691
1625,1836,0.0309582772387069
1625,1993,-0.0585758022645287
1626,1629,-0.616453510445868
1626,1635,-0.230934349797256
1626,1645,-0.806252768664225
1626,1675,-0.587165033209583
1626,1715,-0.273635492388218
1626,1782,0.129006760114015
1626,1955,-0.619622759868135
1626,1959,-0.275912283858636
1626,1976,-0.41356618400249
1627,1629,-0.0298692127055429
1627,1631,0.649450678656396
1627,1632,0.590638309231838
1627,1634,0.668434908512421
1627,1636,-0.298149328412087
1627,1637,0.264770289589468
1627,1639,-0.118609407436492
1627,1640,-0.0697768190876719
1627,1967,0.0235598434848016
1628,1630,0.418571221167993
1628,1631,0.359089149312945
1628,1632,0.297002190174205
1628,1634,0.375903581089044
1628,1636,-0.546991904521949
1628,1637,-0.0303262655975038
1628,1640,-0.327207694421604
1628,1668,-0.242389682383103
1628,1695,-0.242736914116939
1628,1961,-0.0974772383599618
1628,1988,-0.128221616987015
1629,1630,0.724790284775349
1629,1635,0.330350060678533
1629,1637,0.302409386060979
1629,1641,-0.133469081731917
1629,1642,0.51442630712612
1629,1856,0.628075754123335
1629,1965,0.685457446221188
1629,1988,0.183063057917972
1630,1633,-0.513171318671825
1630,1634,-0.0673154011660523
1630,1635,-0.356915426353888
1630,1638,-0.909215922018019
1630,1677,-0.0347210928646661
1631,1633,-0.463208214354286
1631,1639,-0.738916493153875
1631,1798,-0.49660377575771
1631,1826,-0.326105895253109
1631,1840,-0.42760929730109
1631,1959,-0.343586270597792
1632,1633,-0.403437373781775
1632,1636,-0.859171584932304
1632,1638,-0.831370292015333
1632,1639,-0.682145159099494
1632,1641,-0.759242432977679
1632,1643,-0.914147075275674
1632,1645,-0.813576589762363
1632,1821,-0.458705118643886
1633,1634,0.478710078866425
1633,1635,0.147820790777114
1633,1638,-0.405934210431137
1633,1639,-0.25394657021276
1633,1640,-0.207251564878587
1633,1641,-0.300222153247435
1633,1643,-0.446701255630065
1633,1645,-0.383297270649555
1633,1646,0.0514938579573974
1633,1928,0.282746758696287
1634,1636,-0.930339647327042
1634,1639,-0.755730924929974
1634,1640,-0.707801523992152
1634,1645,-0.884145401843763
1634,1647,-0.574819651903074
1634,1855,-0.399695089047068
1635,1639,-0.400221804450724
1635,1640,-0.354279103149141
1635,1645,-0.523764379711988
1635,1646,-0.0940405950182631
1635,1648,-0.174919457078954
1635,1656,-0.278300655455663
1635,1698,0.0806273563726675
1635,1731,0.0250361459766409
1635,1761,0.0223251622742186
1635,1815,-0.0044988934833094
1635,1826,-0.0135644132373
1636,1643,-0.0026675490546272
1636,1647,0.273158883633735
1636,1692,0.242611150744104
1636,1781,0.292723217713559
1636,1862,0.684854749600774
1636,1941,0.617479148157422
1636,1955,0.224718413715645
1637,1638,-0.547646772454146
1637,1640,-0.327989924941194
1637,1649,-0.0244991984782682
1637,1650,-0.0816824453403051
1637,1738,-0.328924727076082
1637,1771,0.304507505660117
1637,1875,-0.134669736644104
1637,1920,0.275402537152314
1638,1686,0.474176575802535
1638,1786,0.520819133175204
1638,1909,0.802816974949273
1638,1933,0.397747840890838
1638,1959,0.521604460120521
1638,1988,0.425501746666927
1638,1996,0.63125318153995
1639,1642,0.576727310147347
1639,1643,-0.184822561684575
1639,1644,0.397594633257409
1639,1649,0.31362700111955
1639,1650,0.28448501289384
1639,1652,-0.221765004787348
1639,1661,0.636324466971136
1639,1683,0.254025563992253
1639,1826,0.407188581702798
1639,1932,0.4402215977817
1640,1642,0.526918221155483
1640,1644,0.347785544265545
1640,1646,0.255506432486928
1640,1705,0.0280255527747087
1640,1839,0.295567629588609
1640,1872,-0.143835359953941
1640,1931,0.193623664415116
1640,1937,0.271039625825694
1641,1644,0.462438455870187
1641,1646,0.34993103143468
1641,1647,0.153512806422717
1641,1648,0.305742453156207
1641,1649,0.366294103332622
1641,1650,0.338805119847543
1641,1687,0.674060840584106
1641,1771,0.719497307109462
1642,1645,-0.716960538270774
1642,1646,-0.224733283424404
1642,1647,-0.402601331607759
1642,1652,-0.782470213018617
1642,1655,0.259605285625526
1642,1931,-0.285027968868633
1643,1646,0.492669233234986
1643,1649,0.512773205715252
1643,1651,0.341417521848001
1643,1652,-0.0576472117903215
1643,1661,0.840928371702815
1643,1669,0.719418064055499
1643,1705,0.285003113073234
1643,1720,1.04219222062244
1643,1759,0.805550615247863
1643,1779,0.543450020189352
1644,1646,-0.0521995095695697
1644,1650,-0.109937795966689
1644,1652,-0.609936439163782
1644,1653,-0.02944831030032
1644,1654,-0.489045788990083
1644,1657,0.347285134447827
1644,1681,-0.39306046806074
1644,1716,-0.147602887237251
1644,1734,-0.125974669594232
1645,1648,0.394068575020977
1645,1649,0.441522404195839
1645,1653,0.459436078820126
1645,1654,0.0284433086596805
1645,1698,0.622041958409267
1645,1853,0.709461267607601
1645,1871,0.4021576630018
1646,1651,-0.176159186117004
1646,1654,-0.389505343587186
1646,1657,0.359968790373138
1646,1816,0.132829731159254
1646,1836,0.0252761357744644
1646,1903,-0.154604819853242
1646,1957,-0.181174265025592
1647,1649,0.174036411725592
1647,1651,0.0089709298718087
1647,1653,0.192156490083909
1647,1654,-0.205949197668541
1647,1655,0.620504080142498
1647,1660,-0.0252917426332372
1647,1863,0.193482510356831
1647,1878,-0.0315882571567895
1647,1885,0.197322803200237
1647,1891,0.361263418680629
1647,1950,-0.373495299462355
1648,1649,0.0803723086844403
1648,1650,0.0322868544930769
1648,1651,-0.113200133905409
1648,1654,-0.350970248022277
1648,1657,0.471544640378886
1648,1661,0.430269192555372
1648,1815,0.179120542430976
1648,1837,-0.0759732384227408
1649,1653,0.0179514311572949
1649,1655,0.456311298505071
1649,1660,-0.209424531693653
1649,1718,0.0407621263120451
1649,1811,0.166087167027216
1649,1841,-0.107446769837336
1650,1652,-0.49868531799917
1650,1653,0.0692648265850288
1650,1656,-0.14305948906512
1650,1658,-0.160750956324697
1650,1661,0.404247952236038
1650,1663,0.169598613183784
1650,1736,0.282968836369239
1650,1797,-0.446507866900868
1650,1835,-0.386598878906898
1650,1873,-0.340454778221944
1651,1654,-0.240454989637175
1651,1656,0.0012937043209031
1651,1657,0.575560129157135
1651,1659,-0.0317452306475005
1651,1664,-0.0134562226749523
1651,1761,0.323505507722308
1651,1854,-0.0010690864739009
1651,1868,0.464816180147642
1651,1977,-0.0634533185987526
1652,1659,0.337480945033843
1652,1711,0.741903547384168
1652,1741,0.420074367272716
1652,1797,0.0654402285245579
1652,1940,0.36339647314268
1653,1654,-0.419648830197213
1653,1655,0.438611384148611
1653,1660,-0.227412275108366
1653,1662,0.209502722418413
1653,1702,0.365085712301611
1654,1655,0.887323386241269
1654,1656,0.240016797983504
1654,1660,0.189764842870343
1654,1661,0.70825721905742
1654,1662,0.626776717383364
1654,1664,0.237290973581203
1654,1794,0.732896770077261
1654,1820,0.251421234211487
1654,1905,0.22082510364677
1655,1658,-0.749460415494504
1655,1661,-0.0707114039940886
1655,1666,-0.46732303833012
1655,1667,-0.880145279578002
1655,1668,-0.676087654070799
1655,1766,-0.397656302447426
1655,1775,-0.424869357887348
1655,1807,-1.12661014398545
1656,1664,-0.0155471037929968
1656,1666,0.191340952286328
1656,1884,-0.690646875598203
1656,1936,0.0652172737803623
1656,1991,0.122159320673952
1656,1993,0.125069046754624
1657,1658,-0.628043931061416
1657,1659,-0.614398127909129
1657,1660,-0.577451543858222
1657,1661,0.0025281101056976
1657,1662,-0.128727588826519
1657,1663,-0.286691589145584
1657,1685,-0.351909356819768
1657,1704,-0.547615991931801
1657,1763,-0.475426260127317
1657,1810,-0.513236165340686
1657,1935,-0.493841618088889
1658,1665,0.272182565978343
1658,1666,0.207702777394843
1658,1713,0.179117213976749
1658,1727,0.478934339275216
1658,1948,-0.164288936027029
1659,1661,0.559008681934696
1659,1662,0.457907029058181
1659,1666,0.224631934603063
1659,1667,-0.0928985757378383
1659,1670,0.241629494113316
1659,1781,0.0433628089494819
1659,1940,0.0149919829017492
1659,1952,-0.0808014457463967
1660,1661,0.527599764022116
1660,1664,0.0282439557844413
1660,1668,0.0360896948827383
1660,1671,-0.276838129233561
1660,1876,-0.297301299918947
1660,1878,-0.0041374540694186
1660,1882,-0.185144428343573
1660,1913,-0.0171242797917488
1660,1990,0.344434690559977
1661,1664,-0.548549783721849
1661,1669,-0.175640252174682
1661,1670,-0.293408805429882
1661,1671,-0.796660100578216
1661,1672,-0.243090649874417
1661,1747,-0.501899702829639
1661,1776,-0.219161061001967
1661,1822,-0.321496977736595
1661,1829,-0.260203131761303
1661,1899,-0.275574593504247
1661,1971,-0.0759649297531904
1662,1664,-0.445545786759454
1662,1666,-0.230337281330912
1662,1671,-0.720241037690408
1662,1739,-0.436144216374273
1662,1769,-0.353169432213735
1662,1772,-0.568268146789813
1662,1868,0.023011886637947
1663,1665,-0.0577922048963463
1663,1666,-0.110217982408913
1663,1671,-0.654652202171338
1663,1672,0.0015681490237738
1663,1674,-0.173390917056128
1663,1675,-0.384608060552666
1663,1740,-0.123176010962031
1663,1812,-0.0277463694323783
1663,1898,-0.132374156526876
1664,1666,0.209048361094539
1664,1668,0.0097867463171222
1664,1669,0.400480921877874
1664,1671,-0.335103413195607
1664,1673,0.269488383274982
1664,1675,-0.0834390857332754
1664,1773,0.401650556872146
1665,1668,-0.247903136225802
1665,1670,-0.0169408988555804
1665,1671,-0.572089077759925
1665,1672,0.0579609202157874
1665,1675,-0.315613059804008
1665,1785,-0.292388140955634
1665,1855,-0.0384697469839072
1665,1929,0.0165501723820736
1665,1931,-0.114651593230284
1665,1990,0.0830550608966534
1666,1668,-0.191194578009701
1666,1670,0.0292005138526056
1666,1671,-0.508587885828258
1666,1674,-0.0646152962011798
1666,1677,0.414939678752611
1666,1760,-0.0614919124315553
1667,1670,0.339201293076977
1667,1673,0.40452726139472
1667,1675,0.0081106276515268
1667,1680,0.31599485196247
1667,1727,0.591157176170934
1667,1842,-0.145508064104509
1667,1892,0.0566275287577865
1667,1955,0.0247715971740247
1668,1670,0.209177714219475
1668,1674,0.114175309832974
1668,1675,-0.0881675651727771
1668,1676,0.162160548893702
1668,1677,0.594920553414662
1668,1678,0.0865816473186228
1668,1681,-0.137194870273896
1668,1978,-0.29545238646127
1669,1671,-0.68355984920556
1669,1672,-0.0755769055919601
1669,1673,-0.152155322121058
1669,1676,-0.219607771140824
1669,1897,-0.205023237118509
1670,1671,-0.505109480348691
1670,1674,-0.0884420746786799
1670,1675,-0.273196368859321
1670,1683,-0.0879189444679148
1670,1698,0.141107620602959
1670,1760,-0.0901859823989768
1670,1829,0.04776983890298
1670,1832,-0.277643218969401
1670,1954,0.0033547662990985
1671,1675,0.215488385207354
1671,1676,0.489385381221798
1671,1677,0.871697689636532
1671,1680,0.494844375355948
1671,1682,0.767015035679486
1671,1683,0.434418272593555
1671,1684,0.683225607475738
1671,1820,0.336717944281318
1671,1906,0.513172112809987
1672,1673,-0.0701913188202231
1672,1674,-0.167668216055987
1672,1677,0.318903698735589
1672,1684,0.0839304854091974
1672,1685,-0.0839499127794822
1672,1808,0.191743491823095
1672,1875,-0.209001421216531
1672,1957,-0.308311973387256
1672,1975,-0.401424702569047
1672,1989,0.14425040894497
1672,1998,-0.150404830253928
1673,1677,0.399378957273272
1673,1679,-0.162488075736994
1673,1683,-0.10580342395122
1673,1735,0.0560715118327002
1674,1675,-0.185729298239337
1674,1680,0.0507678043365587
1674,1732,-0.0353780906767744
1674,1830,0.141623859820379
1674,1948,-0.233451041326503
1675,1677,0.631170490035273
1675,1678,0.163045226944773
1675,1679,0.162692230734977
1675,1683,0.196333870729732
1675,1685,0.287047814086492
1675,1732,0.172470207628604
1675,1778,0.5192428546229
1675,1903,0.136326541483628
1675,1929,0.339647279717754
1676,1677,0.456759367802868
1676,1679,-0.079477003170051
1676,1680,0.0205053736073795
1676,1681,-0.296655531151717
1676,1683,-0.0289841078430649
1676,1688,-0.0008674034296811
1676,1689,0.107682132517154
1676,1763,-0.0552394210712997
1677,1794,-0.111573389317913
1677,1939,-0.160860613438752
1677,1948,-0.685734283477986
1678,1679,-0.0042404884691994
1678,1681,-0.221748869172614
1678,1682,0.394971899840677
1678,1689,0.181964045339291
1678,1694,-0.259010257480087
1679,1684,0.294856574737717
1679,1689,0.176765651116723
1679,1691,0.577259007179385
1679,1692,-0.144184529463095
1679,1941,0.244292283890053
1679,1944,0.693460228336602
1679,1989,0.360424727926484
1680,1682,0.292776215863056
1680,1683,-0.0479038343678828
1680,1684,0.200782000586233
1680,1687,0.271207473105935
1680,1692,-0.24015426574459
1680,1824,-0.443192865585665
1681,1682,0.588383658520253
1681,1685,0.349278549009129
1681,1689,0.380671106620459
1681,1691,0.783137769412131
1681,1692,0.0709413051701904
1681,1895,0.470710972593847
1681,1961,0.285746699072047
1682,1684,-0.0939096431015955
1682,1686,-0.34095115733864
1682,1690,-0.186783961729096
1682,1692,-0.52632279485394
1682,1693,-0.400471567719849
1682,1843,-0.429124110243628
1683,1687,0.314060455784814
1683,1690,0.153896088501843
1683,1694,-0.28746647509948
1683,1709,0.0553430092612482
1683,1777,0.182064322356901
1684,1686,-0.245040843561399
1684,1689,-0.107150178740135
1684,1690,-0.0937722024153344
1684,1691,0.274624764931747
1684,1693,-0.307332582887101
1684,1695,-0.376835553033679
1684,1697,-0.382784288717416
1684,1876,-0.739119826849326
1684,1925,-0.760677033356631
1684,1984,-0.840883949811429
1685,1688,-0.0643555452932683
1685,1690,0.0717020722476722
1685,1691,0.449937406644896
1685,1692,-0.281105330838945
1685,1695,-0.21851910266605
1685,1697,-0.224160513098134
1685,1817,0.0398362613021353
1686,1689,0.118182431482659
1686,1691,0.543352524025223
1686,1693,-0.0765164112918449
1686,1695,-0.163297668021502
1686,1862,0.23684419033884
1686,1921,-0.102234188954115
1687,1688,-0.32560376002216
1687,1689,-0.170786449222642
1687,1690,-0.158498936853321
1687,1691,0.235984413479721
1687,1693,-0.388717633341019
1687,1695,-0.460539230763374
1687,1696,-0.677052321238992
1687,1697,-0.46567277157739
1687,1699,-0.450345782170917
1687,1700,-0.879088623072794
1688,1689,0.116180563140458
1688,1690,0.140246022245975
1688,1694,-0.369348923317812
1688,1697,-0.179694736373132
1688,1698,0.237093593807312
1688,1699,-0.160913590202738
1688,1700,-0.619286020504288
1688,1795,-0.324880712584332
1688,1964,-0.0650315470483894
1688,1982,0.206718598680612
1689,1690,0.0187315652419108
1689,1691,0.377986651331995
1689,1697,-0.263914044842738
1689,1698,0.102911576173709
1689,1700,-0.636913021611985
1689,1701,-0.502693019655157
1689,1899,-0.0008406045469683
1689,1949,-0.101322417274039
1690,1703,-0.494628692995211
1690,1966,-0.179624502729397
1691,1692,-0.72144353664248
1691,1693,-0.599261432156916
1691,1701,-0.949209837526275
1691,1703,-0.849551320153473
1691,1711,-0.219770674638632
1691,1778,-0.219211725762713
1691,1919,-0.252670209765068
1692,1695,0.0616438396609055
1692,1696,-0.103440393194454
1692,1698,0.427988712408312
1692,1701,-0.16411163788308
1692,1705,0.0019349268028824
1693,1694,-0.251709422546536
1693,1696,-0.271629810521854
1693,1697,-0.0928459024253016
1693,1698,0.298066467269932
1693,1700,-0.504528272913035
1693,1703,-0.313824419068105
1693,1746,-0.0531098306319886
1693,1816,0.247875332719108
1694,1695,0.145053995825112
1694,1697,0.140920217005708
1694,1925,-0.33958590034647
1695,1696,-0.170186185074191
1695,1697,-0.0057979634268382
1695,1698,0.368127445112118
1695,1703,-0.221369957807042
1695,1707,0.235285523237277
1695,1761,0.321826038197512
1695,1765,-0.34945251158496
1695,1925,-0.417817846520646
1696,1697,0.165235992731211
1696,1698,0.560238167616312
1696,1702,0.808446901629264
1696,1703,-0.0757676686484857
1696,1704,0.234571995288486
1696,1706,0.520834395992488
1696,1708,0.0804366723342104
1696,1709,0.356007990969912
1696,1814,0.633342307423732
1697,1699,0.022027684787781
1697,1707,0.240419064051293
1697,1860,-0.0866268074279314
1697,1987,0.0545400616608959
1698,1699,-0.356832124748757
1698,1706,-0.0560363552854892
1698,1708,-0.434327826131695
1698,1717,-0.330795984321924
1699,1706,0.312859891264352
1699,1707,0.22221260827261
1699,1709,0.166259510532665
1699,1711,0.412792131370535
1699,1730,-0.18739655476062
1699,1916,-0.298756636705416
1699,1972,0.0690425312973824
1699,1984,-0.488134212271394
1700,1712,0.444188339590677
1700,1804,1.07589228613492
1700,1822,0.606014913903538
1700,1830,0.641675404935691
1700,1969,0.522737356146711
1700,1981,1.08193276651763
1701,1703,-0.0197811357710824
1701,1704,0.300202372286683
1701,1705,0.182778983114855
1701,1706,0.588524827991203
1701,1707,0.505310519289166
1701,1708,0.139448122092539
1701,1711,0.685201997517158
1701,1714,0.433569814494501
1701,1884,-0.507928856241219
1702,1703,-0.793853366185848
1702,1706,-0.259331810552554
1702,1709,-0.382447330251064
1702,1715,-0.324177227026591
1702,1796,-0.864669036733456
1702,1918,-0.974361495144179
1702,1946,-0.214041029162692
1702,1973,-0.167187908521858
1702,1994,-0.512179144037892
1703,1704,0.280132567882935
1703,1707,0.45556859808312
1703,1708,0.142633528307122
1703,1709,0.384711562908816
1703,1771,0.71017065401917
1703,1949,0.375537387615403
1703,1950,-0.179079013226713
1704,1708,-0.131469601615424
1704,1710,0.713753918011251
1704,1713,0.13072551664253
1704,1764,-0.285560058722602
1704,1840,0.167228577161142
1704,1862,0.346483271570575
1705,1706,0.413213689680004
1705,1709,0.256842787418945
1705,1712,0.129859681117369
1705,1714,0.244468228023716
1705,1918,-0.306618588689866
1705,1936,0.137361652618814
1705,1974,0.504944212333476
1706,1712,-0.250213885562902
1706,1769,-0.258707630450164
1707,1719,-0.0863917387471634
1707,1720,0.455503936697756
1707,1928,0.205331064929301
1708,1709,0.249982632836248
1708,1711,0.489022106573532
1708,1713,0.23772642827758
1708,1718,0.28327863932248
1708,1720,0.729177638705874
1708,1749,0.673923136347603
1708,1817,0.339429284215876
1708,1838,0.575348583007148
1708,1871,0.196382561031365
1708,1926,0.330976016758364
1708,1966,0.187136628241832
1709,1713,-0.0088461383578574
1709,1717,-0.123310593635717
1709,1718,0.0421245863215477
1709,1720,0.451727984350975
1709,1839,0.034898773594643
1709,1982,0.147975836876418
1710,1715,-0.47010119724079
1710,1717,-0.71814941054624
1710,1721,-0.318660055113423
1710,1722,-0.446920229344249
1710,1788,-0.486974156712854
1710,1847,-0.36082143370399
1710,1885,-0.553579393839891
1711,1712,-0.347448880903014
1711,1715,-0.16632156480949
1711,1717,-0.389749280520416
1711,1718,-0.182913468241844
1711,1722,-0.141087101122181
1711,1724,-0.0621723519299204
1711,1880,-0.622271346783526
1712,1713,0.102506458619119
1712,1716,0.0421677547854519
1712,1719,0.0993807639724513
1712,1723,0.368355257290402
1712,1725,0.0860750359618171
1712,1751,0.0402237571181192
1712,1769,0.0016700188384384
1713,1715,0.0910397967273989
1713,1716,-0.0679895340275917
1713,1718,0.0499358941971437
1713,1721,0.202101790270859
1713,1724,0.187855058421238
1713,1751,-0.0629501000601299
1713,1870,0.10577123320333
1713,1913,-0.214708212895174
1714,1716,-0.053556268992474
1714,1720,0.550396800252647
1714,1723,0.312435635055143
1714,1724,0.238426618869758
1714,1726,-0.0730299187828235
1714,1959,0.096312376910182
1715,1721,0.123963133273346
1715,1727,0.19096709531909
1715,1744,0.507989734234143
1715,1792,-0.373222461070177
1715,1825,-0.0029104855640015
1716,1718,0.120514919129584
1716,1720,0.568965221731118
1716,1722,0.200060861925467
1716,1724,0.275093247989609
1716,1729,0.16163454589856
1716,1790,0.0128924290118561
1716,1858,-0.125101918661182
1716,1925,-0.531202834777709
1717,1719,0.097674828604119
1717,1721,0.340424550775953
1717,1724,0.334887527645979
1717,1726,0.0187560397592317
1718,1722,0.0609968303181542
1718,1723,0.189846885040096
1718,1725,-0.0831285304904083
1718,1730,-0.372196550975787
1718,1789,-0.0811393357345662
1718,1803,-0.178361838702425
1718,1893,-0.209337137483504
1718,1913,-0.261981522176934
1719,1722,0.158496193745051
1719,1726,-0.0748706901618185
1719,1730,-0.364692870139374
1720,1727,-0.166112148086178
1720,1730,-0.850353631027785
1720,1731,-0.366682190013477
1720,1732,-0.603681527108127
1721,1726,-0.299753665496689
1721,1728,-0.255393599583167
1721,1730,-0.544832272334009
1721,1732,-0.308205749045044
1721,1906,-0.219466106159324
1721,1994,-0.296160655130898
1722,1725,-0.158387074603734
1722,1742,-0.0969210194445821
1722,1951,-0.346674239923178
1723,1732,-0.378755894824223
1723,1733,0.429951739523669
1723,1735,-0.151670628697071
1724,1727,0.0930624751294033
1724,1728,-0.244771670907159
1724,1729,-0.122667352129352
1724,1733,0.466696641220997
1724,1736,0.0281828022603454
1724,1811,-0.0071033147231836
1725,1727,0.315678763074788
1725,1734,-0.024786727013808
1725,1868,0.325512787142563
1725,1883,-0.0447384917590438
1725,1889,-0.13088325633138
1726,1733,0.753838611648635
1726,1734,0.0396419838207388
1726,1738,-0.18625243691361
1726,1852,-0.0048715416205318
1727,1729,-0.204067554476813
1727,1730,-0.601816789560754
1727,1731,-0.155015677929601
1727,1737,-0.510034943921691
1727,1738,-0.510789071612985
1727,1832,-0.507957047838843
1728,1729,0.127192086451176
1728,1735,0.153655207261275
1728,1739,-0.1493232355667
1728,1741,-0.0785041779870507
1728,1815,0.150969139885845
1728,1904,0.227620685978506
1728,1916,-0.429102246733903
1728,1978,-0.456503480448304
1729,1731,0.0655370544481966
1729,1735,0.0298258843745784
1729,1879,0.0605474103578464
1729,1930,0.111463391311994
1730,1735,0.463817838467761
1730,1737,0.121587605992969
1730,1739,0.183970334655379
1730,1763,0.291283331729278
1730,1849,0.565247103763477
1730,1921,0.229909205939139
1730,1934,0.82700287894034
1730,1968,0.596129170324975
1731,1733,0.559736004135183
1731,1737,-0.404862115217676
1731,1743,-0.468957762223996
1731,1813,-0.22122385390733
1731,1913,-0.383063276955737
1732,1733,0.779254314583662
1732,1734,0.0461771750947529
1732,1735,0.212129425370252
1732,1736,0.352611974618
1732,1738,-0.192555110630223
1732,1815,0.207942957844223
1732,1853,0.389752180775176
1732,1886,0.560315485635031
1732,1979,-0.013150683906987
1733,1738,-0.873281784735542
1733,1846,-0.651244289950788
1733,1875,-0.739495277421643
1733,1882,-1.01429923152121
1733,1892,-0.983415312145522
1733,1907,-0.318429784240178
1733,1916,-1.06848366336471
1734,1735,0.165503536813319
1734,1736,0.297899649146926
1734,1737,-0.190682567030543
1734,1740,0.06798204358993
1734,1745,-0.279559785896773
1734,1864,0.0587890741498485
1734,1966,-0.0171987869183179
1734,1974,0.282455422058318
1735,1852,-0.21001706225459
1735,1960,0.125875403837941
1736,1741,-0.364477926450164
1736,1743,-0.557577559865873
1736,1747,-0.40255105986777
1736,1748,-0.0377365927623908
1736,1790,-0.300903625138128
1737,1738,-0.05526086098316
1737,1744,0.865340722089281
1737,1769,0.122754857170556
1737,1851,-0.21776082221996
1737,1985,0.219471818279486
1738,1739,0.113018586704302
1738,1746,0.147422784787281
1738,1748,0.48715114647547
1738,1749,0.670737282671691
1738,1750,0.49969967327188
1738,1751,0.194814529557216
1738,1850,0.311337862468991
1738,1960,0.498144892194668
1739,1741,0.0674503362540646
1739,1742,0.220791616001202
1739,1743,-0.148982363255215
1739,1748,0.422084171999068
1739,1983,0.130975222887405
1740,1742,0.0182635321256931
1740,1743,-0.341762261868903
1740,1749,0.456078766397768
1740,1752,0.383523888316544
1740,1808,0.320156843336793
1740,1933,-0.0989800384809786
1741,1745,-0.21753456307977
1741,1747,-0.0370402664705723
1741,1749,0.561680551994077
1741,1839,0.155531875484171
1741,1840,0.143359533205615
1741,1888,0.459285662973831
1741,1908,0.133532293581543
1742,1743,-0.3463323217938
1742,1750,0.246107777450482
1742,1751,-0.0947964642109733
1742,1752,0.353737378314678
1742,1836,0.0052925464312271
1742,1964,-0.109115309200366
1743,1746,0.185783440250656
1743,1747,0.169340358487283
1743,1749,0.722987671133637
1743,1751,0.229439780491284
1743,1803,0.185795779836192
1743,1854,0.138021278851631
1743,1938,0.479671049442456
1743,1941,0.441763901815084
1744,1750,-0.28129591046701
1744,1752,-0.223679247416143
1744,1754,-0.766305111745983
1744,1852,-0.704706023288561
1744,1902,-1.1205822165799
1744,1942,-0.655046045954226
1744,1981,-0.0501080700306043
1745,1751,0.244549806628826
1745,1754,0.20802053105194
1745,1755,0.479782481821195
1745,1856,0.694937187904354
1745,1859,0.139257899759994
1746,1752,0.554035448298337
1746,1753,0.285421795237826
1746,1755,0.32461183267613
1746,1801,0.165557707019798
1746,1949,0.137965574143785
1747,1755,0.317605768653839
1747,1858,-0.0472254496954765
1747,1904,0.335361943875567
1748,1749,0.278339952297942
1748,1751,-0.270311278453207
1748,1756,-1.07486735209199
1748,1761,-0.0649268268102808
1748,1894,0.238526580269119
1748,1925,-0.831849963798474
1749,1752,-0.0991748190268492
1749,1761,-0.318490448846114
1749,1994,-0.537211739935361
1750,1753,-0.129961965499896
1750,1755,-0.0965399460568472
1750,1756,-1.01754995559759
1750,1757,0.194765290431021
1750,1884,-1.05346410441957
1750,1915,-0.438107649921305
1750,1936,-0.359582116822239
1751,1755,0.222985298592704
1751,1763,4.71974209359047e-05
1751,1792,-0.202579110817785
1751,1830,0.158401363082557
1751,1858,-0.116611189352239
1751,1874,0.0331366903499255
1751,1882,-0.315514694952803
1752,1753,-0.219943707132952
1752,1755,-0.18157356541697
1752,1758,-0.161677672478141
1752,1760,-0.43546920909886
1752,1761,-0.238908565983448
1752,1765,-0.917517411898647
1752,1967,-0.55736074392361
1753,1754,-0.266285280860198
1753,1756,-0.891695362457259
1753,1757,0.328663664865812
1753,1758,0.0670352110631668
1753,1764,-0.527243050249853
1753,1808,0.17297006828845
1753,1869,0.148058929536773
1753,1914,-0.0896121110549873
1754,1759,0.407764266221658
1754,1761,0.285869785575118
1754,1938,0.328708119047557
1755,1756,-0.928518468328839
1755,1759,0.0628006173435239
1755,1762,-0.403934463785766
1755,1819,-0.326713389501688
1755,1903,-0.344264321784645
1756,1757,1.23757631809083
1756,1759,1.07805239404437
1756,1762,0.528311170266509
1756,1766,0.915575252504087
1756,1769,0.663792834263706
1756,1843,0.620522633345962
1756,1875,0.690696945579059
1756,1902,0.265957039259504
1757,1758,-0.283560009441068
1757,1759,-0.254321797269961
1757,1764,-0.877838270754088
1757,1768,-0.805931460158133
1757,1769,-0.574993969346662
1757,1945,-0.800314401687128
1757,1971,-0.171654991299325
1758,1764,-0.639205999237622
1758,1765,-0.752492143712834
1758,1768,-0.566613390215172
1758,1769,-0.324594536056735
1758,1770,-0.590626073098185
1759,1765,-0.79769678341157
1759,1766,-0.151622470582015
1759,1768,-0.610385786700735
1759,1769,-0.364268370764342
1759,1770,-0.628540269650771
1759,1772,-0.596995797060404
1759,1925,-0.838724343992208
1759,1926,-0.19200868861938
1759,1961,-0.287005965701165
1759,1970,-0.679424545554488
1760,1762,-0.211253514707657
1760,1769,-0.072989498853973
1760,1770,-0.363257515413985
1760,1935,-0.0676541214371449
1761,1764,-0.563784556968177
1761,1766,-0.03709474044654
1761,1767,-0.115861225038956
1761,1770,-0.529815828849903
1761,1771,0.18719153297529
1761,1773,0.0870702697687538
1761,1788,-0.085099443031006
1762,1763,0.181853757043433
1762,1768,-0.0943161344590147
1762,1770,-0.15894261038635
1762,1940,0.060843500752789
1762,1973,0.482149830229422
1762,1993,0.197866046874847
1763,1770,-0.336518208280764
1763,1922,-0.0516381790860846
1764,1908,0.410512562567518
1764,1928,0.660302826046427
1765,1768,0.194567034172024
1765,1802,0.504464493248545
1765,1860,0.274576677718008
1765,1986,-0.0245064802073186
1766,1776,0.0768228056572754
1766,1779,-0.0057416492271097
1766,1781,-0.234443774333293
1766,1833,0.148645686946814
1767,1770,-0.438187349432551
1767,1771,0.311871839638998
1767,1773,0.197782805230821
1767,1843,-0.182828085450602
1768,1772,0.0130602908724413
1768,1776,0.544755590664167
1768,1777,0.472769407709748
1768,1780,-0.0868224055815921
1768,1781,0.167071524548142
1768,1829,0.434016155549979
1768,1839,0.374022043375484
1769,1770,-0.284164703012171
1769,1772,-0.215526801662843
1769,1775,0.174425099751427
1769,1776,0.29638677669697
1769,1777,0.246460631213178
1769,1779,0.180776111715578
1769,1781,-0.0401662406917579
1769,1849,0.325746868759532
1769,1882,-0.287886468345289
1769,1913,-0.115847833914361
1769,1992,-0.288148912746061
1770,1773,0.555813859470277
1770,1775,0.446413957599497
1770,1777,0.50500833742954
1770,1778,0.658821844032923
1770,1781,0.218148233286033
1770,1783,0.275400888604652
1770,1869,0.660817655130424
1770,1912,0.383358018334643
1770,1961,0.369755513944521
1770,1966,0.326830651901456
1771,1778,-0.0295839863846204
1771,1782,0.183182509441797
1772,1774,0.0812656075651249
1772,1779,0.378324655788798
1772,1780,-0.0999882863563289
1772,1782,0.798632893223225
1772,1785,0.0645688497518706
1772,1899,0.426124195543511
1773,1774,-0.499243800304904
1773,1775,-0.155090451017758
1773,1776,-0.0611842537770028
1773,1778,0.0462898665225688
1773,1779,-0.110882340209506
1773,1781,-0.320423488165933
1773,1786,-0.173226383588862
1773,1802,-0.219893851097075
1773,1925,-0.745076005662896
1773,1977,-0.41462345969321
1774,1775,0.357568855256727
1774,1777,0.42756780259498
1774,1778,0.619890179787726
1774,1782,0.805744023141867
1774,1785,-0.0008176965811694
1775,1778,0.223423228972307
1775,1780,-0.500709976420014
1775,1781,-0.195272358484821
1775,1782,0.413764114069345
1775,1786,-0.0178590227280104
1775,1938,0.135824467262522
1776,1778,0.121322779971461
1776,1779,-0.0679575203598464
1776,1781,-0.302282278371151
1776,1785,-0.397363715039621
1776,1788,-0.119418665072043
1777,1785,-0.349793518178315
1777,1788,-0.0886521332944555
1777,1866,-0.0449636946110392
1778,1779,-0.167049698498388
1778,1788,-0.225615046914491
1778,1933,-0.377149086349851
1779,1782,0.338826514661592
1779,1784,0.44716392749212
1779,1787,0.139778979852342
1779,1789,-0.110538431223304
1779,1790,-0.137397687596383
1779,1791,-0.0891843603156665
1779,1936,-0.175107374545435
1779,1962,-0.236718760373375
1780,1785,0.154691023092745
1780,1787,0.718637723539786
1780,1791,0.399036698291692
1780,1857,0.912894039253667
1780,1872,0.0132031562648046
1780,1909,0.784954156489831
1781,1782,0.557345089337859
1781,1783,0.0011109496584377
1781,1786,0.182550277059488
1781,1789,0.112906461247919
1781,1790,0.0860472048748403
1781,1791,0.12249996048007
1781,1792,-0.116363017745481
1781,1793,0.0246839270244852
1781,1817,0.215441759468135
1781,1834,-0.259365808339453
1781,1920,0.397834191420237
1782,1784,0.0995437160528906
1782,1785,-0.645496588163285
1782,1789,-0.502759337922494
1782,1856,-0.0708064390438217
1782,1871,-0.575807294219859
1783,1788,0.216429006719351
1783,1789,0.138748455788015
1783,1791,0.147043204860415
1783,1794,0.556142771857044
1783,1842,-0.284827034954483
1784,1786,-0.56610847689574
1784,1789,-0.632824388595403
1784,1792,-0.844068137227209
1784,1796,-1.04406535594938
1784,1797,-1.07143774933279
1784,1820,-0.69176023723682
1784,1865,-0.372275460143179
1784,1938,-0.372377905908217
1785,1786,0.273994554729113
1785,1788,0.266245225484854
1785,1791,0.207656372785178
1785,1794,0.538118216322693
1785,1842,-0.12974640092198
1785,1844,0.147223181398368
1785,1899,0.310674191674353
1785,1900,0.0926986580656349
1785,1946,0.375872535611844
1785,1948,-0.0504261240840609
1785,1952,-0.0200371651957564
1786,1790,-0.105942296027682
1786,1791,-0.0542929978476477
1786,1792,-0.32476152769531
1786,1794,0.310748786927183
1786,1796,-0.508824676527535
1786,1844,-0.153900927264231
1786,1985,-0.079779576910759
1787,1793,-0.416077560664904
1787,1798,-0.316250560104983
1787,1845,-0.534110410830562
1787,1866,-0.149853123244973
1787,1931,-0.2923776632248
1787,1952,-0.562307489887727
1788,1791,-0.056855963735751
1788,1792,-0.313717956469761
1788,1795,-0.346354366726593
1788,1796,-0.48816332697865
1788,1798,-0.0761722852281409
1788,1800,0.451750824692948
1788,1831,0.204956404627628
1788,1836,-0.017658135033652
1789,1798,0.0026185530531182
1789,1800,0.54489101552833
1789,1814,0.250666928633788
1789,1830,0.128655981332796
1789,1889,-0.130159295151692
1790,1792,-0.222483441499211
1790,1796,-0.401919433434543
1790,1802,0.0458637425260968
1790,1803,-0.0760503550039991
1790,1839,0.10255560123744
1790,1864,0.0641290457373892
1790,1961,0.029798310342974
1791,1792,-0.251341881361307
1791,1794,0.339930826168577
1791,1797,-0.432216250665481
1791,1804,0.486639810992645
1791,1811,0.185283155702886
1791,1928,0.240315320588884
1792,1793,0.159423256935425
1792,1794,0.599903173997617
1792,1799,0.278143961557441
1792,1800,0.738002486710272
1792,1802,0.259156101888723
1792,1803,0.156746377976038
1792,1804,0.748327105204803
1792,1805,-0.190168592172433
1792,1820,0.136480156463567
1792,1972,0.190750167808854
1793,1794,0.49916354838493
1793,1796,-0.340810943593488
1793,1800,0.658430371590786
1793,1943,0.144962866903867
1794,1795,-0.666408640808234
1794,1797,-0.80674125071099
1794,1801,-0.387720704292906
1794,1804,0.149471442837453
1794,1806,-0.85038946638312
1794,1901,-0.491977058639979
1794,2000,0.0029779054141139
1795,1799,0.314957364210693
1795,1800,0.815331237757201
1795,1802,0.288220761567568
1795,1804,0.832090583434293
1795,1806,-0.167938515359995
1796,1797,-0.0011342414252782
1796,1800,0.916872307655594
1796,1803,0.336492336033538
1796,1807,-0.029146158144426
1796,1857,0.903049455379965
1796,1895,0.620253448526156
1797,1800,0.941829113047906
1797,1801,0.508044739471803
1797,1809,0.320509444666676
1797,1886,0.921564198903909
1797,1928,0.709152869019263
1798,1802,0.0116470062076873
1798,1810,-0.109036303289263
1799,1800,0.563409007891399
1799,1805,-0.514582539319253
1799,1808,0.348623648000067
1799,1916,-0.464133994234563
1799,1968,0.260557232699345
1800,1803,-0.649887567588862
1800,1805,-0.975515364403438
1800,1806,-0.99540534052812
1800,1808,-0.217429113199454
1800,1844,-0.635899873442452
1800,1925,-1.02308613263649
1800,1945,-0.829987049466893
1800,1992,-0.891024417263692
1801,1804,0.558299302029799
1801,1805,-0.543856665820628
1801,1812,0.10563331241772
1801,1813,-0.0697103469750173
1801,1814,0.240646299980451
1801,1835,-0.442503334219885
1801,1844,-0.112829533037217
1801,1997,0.0907361992372993
1802,1806,-0.459413364062902
1802,1808,0.319263619509108
1802,1811,0.191816829031784
1802,1815,0.118523417807181
1802,1827,-0.129351958902891
1803,1836,0.176929977255286
1803,1916,-0.332436876940897
1803,1974,0.36959864689196
1804,1808,-0.185854799331278
1804,1810,-0.628427510571239
1804,1814,-0.333145368788336
1804,1816,-0.344589055185685
1804,1817,-0.44037369534832
1804,1832,-0.748273622091527
1804,1844,-0.634195290134256
1804,1865,-0.275153680855864
1804,1892,-0.816203330730817
1804,1913,-0.721940232669963
1805,1808,0.805736435455161
1805,1810,0.382708606869344
1805,1811,0.657645496611532
1805,1812,0.579207090110433
1806,1809,0.320362649623868
1806,1811,0.650299896250599
1806,1817,0.586389444697028
1806,1819,0.339880743843127
1806,1905,0.288113081277779
1807,1811,0.724722787740307
1807,1812,0.646185562150301
1807,1817,0.669175659776405
1807,1900,0.372571112920838
1808,1809,-0.524040106967831
1808,1811,-0.118489172153254
1808,1812,-0.216300143124989
1808,1818,-0.130474210957711
1808,1819,-0.482483342182849
1808,1881,-0.124800090309878
1808,1911,-0.312995963327385
1808,1916,-0.743200395097937
1808,1923,-0.64927344082291
1809,1810,0.0574462498716281
1809,1811,0.371692817953664
1809,1812,0.283850591259614
1809,1814,0.448332778407375
1809,1815,0.30342658667265
1809,1853,0.489205046683273
1810,1814,0.357084678869932
1810,1816,0.266320007010713
1810,1822,0.151400139685574
1810,1823,0.10344943086522
1810,1943,0.125922274670325
1810,2000,0.486599388433428
1811,1815,-0.0774753854724343
1811,1816,-0.0366732511399269
1811,1817,-0.109537139687138
1811,1818,0.0132116561969306
1811,1820,-0.297980863114358
1811,1907,0.15679072915663
1811,1945,-0.514077176622928
1812,1813,-0.158698768053995
1812,1815,0.0155599414230623
1812,1820,-0.212083267193039
1813,1817,0.15216094359395
1813,1823,0.03593832613185
1813,1824,-0.412363725188626
1813,1825,0.158750367775346
1813,1833,0.306913136714806
1813,1854,-0.122432794356313
1813,1968,0.309224611166955
1814,1822,-0.186235871318938
1814,1855,-0.188428716013249
1815,1818,0.100564607112316
1815,1820,-0.230539001715973
1815,1821,-0.172025256082625
1815,1827,-0.25279171915942
1815,1887,0.218423543105162
1816,1819,-0.307674796781178
1816,1822,-0.115319338520715
1816,1826,-0.0503784590897769
1816,1827,-0.291045684911314
1817,1819,-0.247544982940533
1818,1822,-0.189151669880406
1818,1825,-0.126368955979991
1818,1830,-0.0958114747269193
1818,1931,-0.269104338956516
1818,1986,-0.767566254311516
1818,1998,-0.249751699985538
1819,1824,-0.309091457050628
1819,1826,0.259437097592377
1819,1829,0.253970118757253
1819,1830,0.252204233607794
1819,1848,0.462478850268912
1819,1868,0.452790479267131
1820,1821,0.0876207349551294
1820,1823,0.115191855336419
1820,1824,-0.279111823570874
1820,1827,-0.002776229613743
1820,1829,0.218285961861688
1820,1830,0.216521948674886
1820,1866,0.218005970133809
1820,1915,-0.0566973396769086
1820,1984,-0.473143385199353
1821,1825,0.154109261721704
1821,1833,0.305163403122839
1821,1990,0.218025886429211
1822,1826,0.066209652108932
1822,1827,-0.176424182249836
1822,1832,-0.283076668254392
1822,1833,0.202554086890084
1822,1835,-0.439908305649033
1823,1827,-0.130532089191496
1823,1828,0.157699510874313
1823,1829,0.131357138244189
1823,1830,0.133629867003779
1824,1825,0.543578722261686
1824,1828,0.586195699491348
1824,1832,0.176346684810759
1824,1833,0.651810057002654
1824,1856,0.817484388429154
1825,1829,0.0137533891806701
1825,1832,-0.342848706962997
1825,1834,-0.543970043927762
1825,1835,-0.500085707691853
1825,1896,-0.248570290767285
1826,1829,-0.0011447500506191
1826,1830,0.006003467322586
1826,1831,0.161068996995977
1826,1832,-0.34801754768533
1826,1838,0.224771815047675
1826,1951,-0.315572720394606
1827,1828,0.269729847423453
1827,1834,-0.303667172121972
1827,1839,0.182849506737342
1828,1831,0.159857156708489
1828,1832,-0.378267504025402
1828,1833,0.140391352264824
1828,1835,-0.538502595686317
1828,1836,-0.0859802174706723
1828,1837,-0.264432871495651
1828,1838,0.227378359157084
1828,1839,-0.0626121057027697
1828,1860,-0.409629189135736
1829,1834,-0.535729614020749
1829,1837,-0.237009203847914
1829,1838,0.223408829603018
1829,1839,-0.048030220486884
1829,1932,0.0283742548115
1830,1834,-0.523520609283926
1830,1839,-0.0518435737219269
1830,1841,-0.195715158249481
1830,1842,-0.471373500087164
1830,1843,-0.233362976323845
1830,1854,-0.25916424090938
1830,1879,0.0332272819690146
1830,1887,0.211202820849542
1831,1832,-0.507197931745329
1831,1833,-0.0100177970313438
1831,1834,-0.707109185033485
1831,1838,0.0597063648492526
1831,1839,-0.205240592921337
1831,1840,-0.251924978351726
1831,1843,-0.399359130939119
1831,1950,-0.834461065972118
1832,1833,0.466532633242795
1832,1841,0.172198436256268
1832,1842,-0.145837864532115
1832,1845,-0.0017402099962586
1832,1911,0.263859007070652
1833,1837,-0.373231066515031
1833,1846,-0.239796131225465
1833,1902,-0.700478627402935
1834,1835,0.0148576779406163
1834,1840,0.491410478395939
1834,1967,0.272519664043422
1835,1838,0.732063602902996
1835,1841,0.337902113883735
1835,1843,0.265782460671086
1835,1845,0.163412495070783
1835,1846,0.38625358386863
1835,1885,0.451208577985339
1835,1963,0.447622104714485
1835,1969,0.363930521600943
1835,1974,0.639397475916268
1836,1839,0.0136974431340272
1836,1840,-0.012091343698404
1836,1842,-0.452567077204825
1836,1843,-0.18543919258669
1836,1846,-0.0498378500162193
1836,1849,0.196184770706296
1836,1852,-0.136534231036602
1836,1950,-0.65086864436217
1837,1842,-0.269913577791645
1837,1849,0.362195575978361
1837,1993,0.0895260423512918
1838,1839,-0.268136605149049
1838,1841,-0.442512882371791
1838,1845,-0.597669785720525
1838,1848,-0.0472176929404127
1838,1895,-0.183288231485794
1838,1913,-0.552952951635186
1839,1840,-0.0255546770543197
1839,1848,0.229720477408808
1839,1850,0.0015838724173068
1839,1851,-0.486067679177945
1840,1843,-0.173521086238641
1840,1849,0.20813498799785
1840,1851,-0.503468182316895
1840,1852,-0.124516129040971
1840,1968,0.218047774303784
1840,1990,0.133630583563876
1841,1842,-0.32681472441753
1841,1843,-0.0581678681950997
1841,1846,0.0759145027710762
1841,1848,0.399457601683378
1841,1849,0.325036083351215
1841,1853,0.394164842175952
1841,1926,0.172007864271223
1842,1845,0.148299369655664
1842,1850,0.442663128814668
1842,1852,0.313669698581425
1842,1854,0.224523772631885
1842,1910,0.380626573425839
1842,1924,0.732691037740264
1843,1847,0.355450827686194
1843,1853,0.423276664179282
1843,1980,0.10020427515096
1844,1850,0.155090391424462
1844,1852,0.0039911107570693
1844,1853,0.401857975996533
1845,1846,0.238288064114669
1845,1848,0.560131094300128
1845,1853,0.541921038093539
1845,1857,0.745824060291941
1845,1924,0.609775510027614
1845,1969,0.216058104833053
1846,1847,0.219300842825153
1846,1848,0.294876976374143
1846,1850,0.0610684710544071
1846,1857,0.49798276983613
1846,1858,-0.171089223878801
1846,1859,-0.177109912777132
1847,1848,0.0796182941832671
1847,1850,-0.157298075793252
1847,1851,-0.696292534884214
1847,1852,-0.314303504708624
1847,1853,0.098163393744619
1847,1857,0.323957128396233
1847,1916,-0.665084589515087
1847,1925,-0.799688994172018
1847,1940,-0.431692128927558
1848,1858,-0.481408764528822
1848,1938,-0.0760819352578789
1848,1953,-0.421413393985706
1849,1850,-0.166063092954054
1849,1860,-0.501664357534207
1850,1851,-0.508047125441548
1850,1854,-0.218009457163481
1850,1855,-0.0206298686700931
1850,1857,0.454738976478109
1850,1858,-0.237885104383157
1850,1874,-0.0844251880785094
1850,1877,-0.174811022970183
1850,1879,0.0896258815969091
1851,1852,0.363302359481767
1851,1860,0.178935698417984
1851,1861,0.246694093645542
1851,1864,0.530989224811487
1851,1901,0.357850123660339
1851,1906,0.473560181133656
1852,1854,-0.0804043809283787
1852,1855,0.117250223487527
1852,1857,0.600259146048887
1852,1858,-0.101401433341359
1852,1860,-0.182295101459234
1852,1863,0.12734066492107
1852,1872,-0.31399481661575
1852,1923,-0.222771681089298
1853,1855,-0.253385040895407
1853,1857,0.210037432345054
1853,1858,-0.467706176924068
1853,1859,-0.490197948103918
1854,1856,0.543089713390814
1854,1857,0.650559453559727
1854,1861,-0.025134468585065
1854,1862,0.367396468932677
1854,1863,0.199230684908548
1854,1865,0.438985683364151
1854,1866,0.265410642730289
1854,1919,0.424758857198611
1855,1856,0.343756881007475
1855,1857,0.454470197550278
1855,1865,0.225393448816608
1855,1866,0.0660499284631408
1855,1941,0.121835233022906
1855,1990,0.11384082490023
1856,1859,-0.591385413942485
1856,1862,-0.199363506321384
1856,1863,-0.356838267823825
1856,1865,-0.162324203058011
1856,1869,-0.116656361342948
1856,1969,-0.40942762616518
1857,1862,-0.321330765877085
1857,1864,-0.580697870748297
1857,1869,-0.243291274624195
1857,1922,-0.604900854170083
1857,1956,-0.176138097763888
1858,1867,-0.11008233548528
1858,1868,0.467928373426314
1858,1869,0.481452408251934
1858,1870,0.295611866439259
1859,1861,-0.0064201810582891
1859,1870,0.312846918362637
1859,1977,-0.0455926511311503
1860,1861,0.0720253666033141
1860,1862,0.484246919901612
1860,1863,0.307850247212554
1860,1867,-0.041887618370587
1860,1870,0.389039660974334
1861,1866,0.294343283928801
1861,1868,0.478067935601104
1861,1871,0.134860085742018
1861,1873,-0.169925531786518
1861,1917,0.0764282696275361
1861,1927,0.321667626990484
1862,1863,-0.166707480961482
1862,1870,-0.0771718288631455
1862,1873,-0.56041115635115
1862,1875,-0.283461053800584
1862,1897,-0.209595190220183
1863,1875,-0.114793788939506
1863,1891,0.170610616601804
1863,1952,-0.314170902248619
1864,1865,0.312561061234311
1864,1869,0.346643221493004
1864,1873,-0.423959812520141
1864,1874,-0.0400604487284115
1864,1876,-0.623121294350127
1864,1934,0.554821376002157
1865,1867,-0.601272287999871
1865,1871,-0.353866960141277
1865,1878,-0.521038410957755
1865,1995,0.386201284499803
1866,1869,0.188275373319848
1866,1871,-0.18082458732381
1866,1872,-0.49147804917153
1866,1874,-0.133959402505726
1866,1949,-0.110464614837844
1867,1878,0.101593929129376
1867,1909,0.657602473639869
1867,1956,0.627816668563773
1868,1872,-0.673854682868422
1868,1873,-0.639190621259582
1868,1876,-0.8324581153907
1868,1877,-0.413261355772085
1868,1896,-0.449416169811203
1868,1918,-0.827895183781783
1869,1877,-0.425714366534348
1869,1879,-0.137934299418103
1869,1880,-0.677515938139282
1869,1893,-0.473952005275697
1870,1872,-0.498465785044914
1870,1874,-0.149245967078412
1870,1876,-0.638785911909666
1870,1877,-0.23846290632826
1870,1924,0.216180882699191
1871,1872,-0.350017515284688
1871,1878,-0.167171450816478
1871,1882,-0.348292284803872
1872,1873,0.0346766532743021
1872,1876,-0.0991796985336711
1872,1879,0.517168995817825
1872,1883,0.32640497279354
1872,1884,-0.44000325717589
1872,1896,0.268661023981876
1872,1915,0.196488327707688
1873,1874,0.333993360409592
1873,1878,0.165638934752182
1873,1882,-0.036945152602072
1873,1883,0.291736332131904
1873,1884,-0.474689512480686
1873,1954,0.412193422416916
1873,1971,0.638237079286879
1874,1882,-0.365196859196223
1874,1886,0.480025355242374
1874,1900,-0.106154915925171
1874,1925,-0.558102396382449
1874,1959,0.105634810210136
1874,1985,0.0061096288542959
1875,1877,-0.0370953039291652
1875,1881,0.275944822729749
1875,1882,-0.312445829466878
1875,1883,0.012582624393688
1875,1887,0.405831662636631
1875,1888,0.421746794140197
1875,1890,0.52516358691109
1876,1878,0.328703639432016
1876,1879,0.655230202328261
1876,1880,0.0907238329268661
1876,1883,0.45560201810241
1876,1888,0.874330834192849
1876,1944,1.16894503786997
1877,1888,0.468965121244379
1877,1890,0.575673264441407
1878,1879,0.367343268068063
1878,1880,-0.201702885749303
1878,1883,0.152922786902916
1878,1884,-0.678024608409493
1878,1885,0.265715210870972
1878,1886,0.708321622841047
1878,1890,0.697235381078415
1879,1880,-0.506913133026858
1879,1882,-0.507143340004374
1879,1884,-0.934375623213267
1879,1885,-0.122970846801949
1879,1891,0.0497734023061159
1879,1908,-0.108444564306877
1880,1882,-0.0001503453746357
1880,1884,-0.428633105025376
1880,1889,0.273000964097229
1880,1892,0.189569448631273
1880,1920,0.667422192974476
1880,1938,0.562931136778941
1880,1960,0.636124448891894
1880,1977,0.157159637358993
1881,1884,-1.02615275902336
1881,1886,0.242211034968379
1881,1887,0.142339484347131
1881,1888,0.158440521250264
1881,1891,0.0064524258846847
1881,1948,-0.487639587536192
1881,1953,-0.320068770534464
1881,1957,-0.376414480899123
1882,1883,0.322243758202866
1882,1887,0.691025494427223
1882,1889,0.274090088391076
1882,1890,0.80858423183807
1882,1891,0.606364275162063
1883,1888,0.410607326271343
1883,1892,-0.181080176411311
1883,1893,-0.0973780764834886
1883,1895,0.226871064963455
1883,1918,-0.455771578714393
1883,1975,-0.206031114317782
1884,1885,0.902380829236948
1884,1893,0.700907141078857
1884,1897,0.757452877335256
1885,1886,0.436252921603317
1885,1887,0.318653966446903
1885,1894,0.410993218234999
1885,1898,-0.029961460499047
1885,1991,-0.0821329353341324
1886,1890,0.034434468481208
1886,1895,-0.294734143063242
1886,1896,-0.621463584674341
1886,1898,-0.433260326545654
1886,1899,-0.343756893452728
1886,1926,-0.390316426376885
1886,1994,-0.547393699972155
1887,1894,0.062390277802389
1888,1890,0.0957445808623675
1888,1902,-0.823523460626272
1888,1965,0.0869668281281275
1888,1979,-0.468426471371094
1889,1890,0.635184019487587
1889,1896,-0.0006019098152994
1889,1900,0.0045174641320389
1889,1931,0.0938059299372549
1890,1892,-0.739334340580732
1890,1894,-0.0571401381805094
1890,1895,-0.307686980444989
1890,1898,-0.43651822291277
1890,1899,-0.356638043034027
1890,1915,-0.616428627787638
1891,1896,-0.377088572630861
1891,1897,-0.213406115012562
1891,1899,-0.107998284369033
1891,1902,-0.731334921404889
1891,1903,-0.406115063823857
1891,1930,0.003755497263798
1892,1895,0.436730319256084
1892,1899,0.365938713007838
1892,1900,0.0922130017115258
1892,1904,0.451701912348046
1893,1897,0.129215564161256
1893,1899,0.268896557112954
1893,1900,0.0193015562965617
1893,1905,-0.0249557722805868
1894,1897,-0.412048181042157
1894,1898,-0.411005704748339
1894,1904,-0.217265777033904
1894,1906,-0.430427052625017
1894,1907,-0.0497420143790311
1895,1908,-0.124222079012338
1895,1945,-0.515132229222747
1896,1899,0.252739893240866
1896,1900,0.0015402473604078
1896,1901,0.0348228951539735
1896,1902,-0.375606474957603
1896,1907,0.530554178609565
1896,1909,0.495110423192005
1897,1902,-0.435216214234666
1897,1912,0.0181585592217241
1898,1902,-0.478195084899145
1898,1904,0.184346912983162
1898,1906,0.0056181685727638
1898,1909,0.311695154099061
1898,1935,-0.0956532029423405
1899,1903,-0.268797382818168
1899,1905,-0.299826699800994
1899,1907,0.264107278685945
1899,1909,0.216843178732072
1899,1911,-0.0895527135410582
1899,1983,-0.122580506508778
1900,1907,0.478050079997718
1900,1908,0.154451339795799
1900,1909,0.441331589550198
1901,1921,-0.0066084762510318
1902,1908,0.501016226047623
1902,1911,0.517886827166411
1903,1905,-0.0568522554626462
1903,1915,-0.0700859219284707
1904,1908,-0.154032262801971
1904,1915,-0.367511420447952
1904,1917,-0.310076721552927
1905,1907,0.574280193671442
1905,1913,-0.0351852367106919
1905,1916,-0.272602088757027
1906,1909,0.327555362567493
1906,1913,-0.23278894302934
1906,1917,-0.129248541239191
1906,1935,-0.109495891001202
1907,1908,-0.317770066677303
1907,1916,-0.797132642978572
1907,1919,-0.112178055800743
1907,1920,-0.0563995614749581
1907,1988,-0.429900895268303
1908,1911,-0.0180245416516001
1908,1954,0.0252775314708699
1908,1986,-0.507230388436273
1909,1910,-0.352580444184708
1909,1915,-0.506788514419819
1909,1920,-0.0007071975415297
1909,1922,-0.440141220385748
1910,1912,0.0157957083995184
1910,1914,0.0826530579841562
1910,1916,-0.43424585372164
1911,1913,-0.236801032959153
1911,1917,-0.133914800949719
1911,1918,-0.550135739213803
1911,1924,0.346013824854574
1911,1928,0.242384636370668
1911,1983,-0.0441906349228924
1912,1916,-0.444896553044718
1912,1917,-0.114564928000141
1912,1921,-0.1109763102344
1913,1915,0.0264019246883658
1913,1917,0.107584558039499
1913,1922,0.110839384798152
1913,1924,0.564462813233024
1913,1926,0.304034451921862
1914,1916,-0.518950891439882
1914,1917,-0.184855384998437
1914,1918,-0.615186196451023
1914,1921,-0.178481594152962
1914,1922,-0.175521730953347
1914,1923,-0.394365458815251
1914,1924,0.311227814292136
1914,1925,-0.656933646426293
1914,1961,-0.0857181535150915
1915,1921,0.0787148507911557
1915,1924,0.522977198572215
1915,1927,0.313561351487342
1915,1943,0.201609765187477
1915,1962,0.0203185301857539
1916,1919,0.704474843741639
1916,1921,0.337175098741388
1916,1924,0.775864410360035
1917,1920,0.423256058580416
1917,1925,-0.480711221269428
1917,1930,0.310479856565942
1917,1990,0.277217022810326
1918,1920,0.83222308581434
1918,1922,0.40682766661958
1918,1928,0.788568980820869
1918,1931,0.443299446701166
1918,1956,0.841841229372438
1918,1980,0.519889720181325
1919,1922,-0.373099864476629
1919,1923,-0.600142114395548
1919,1924,0.103543329045798
1919,1925,-0.837941764003014
1919,1927,-0.131023776808895
1919,1930,-0.0447505047379589
1919,1969,-0.282092398206018
1919,1989,0.0229041007910615
1920,1922,-0.406309071446432
1920,1925,-0.850961969931692
1920,1929,-0.217594928913091
1920,1930,-0.0880421462458152
1920,1931,-0.322173844529132
1920,1933,-0.379418147354828
1921,1923,-0.193504842640371
1921,1924,0.468719154692487
1921,1925,-0.476028468697599
1921,1932,0.251376746691801
1921,1933,0.041435767290838
1921,1994,0.0392103415344904
1922,1930,0.29592191836275
1922,1931,0.0566822682469951
1922,1934,0.58331771244016
1922,1969,0.0764209560167465
1923,1924,0.69080020813825
1923,1932,0.458661608010691
1923,1936,0.199117941285524
1923,1946,0.498147225278253
1924,1925,-0.904143420997245
1924,1927,-0.229582984974349
1924,1931,-0.369937583707353
1925,1927,0.707620279036511
1925,1986,0.0609176505512786
1926,1927,0.0590096197786121
1926,1932,0.0664096636749154
1926,1938,0.137278940680824
1926,1991,-0.127177838066821
1927,1929,-0.0398848837973418
1927,1932,0.0087616860829826
1927,1933,-0.207560760318224
1927,1935,-0.228975990924208
1927,1936,-0.226906502705365
1927,1937,-0.164081485694168
1927,1938,0.0824731107154904
1928,1930,-0.0400014669534839
1928,1933,-0.330373838726753
1928,1934,0.221136684337821
1928,1939,0.0699899617900561
1928,1941,-0.0750042214055107
1929,1931,-0.136106088598146
1929,1937,-0.117336812747949
1929,1938,0.116459154565428
1929,1939,0.251740779810048
1929,1945,-0.448152908078657
1930,1931,-0.224390829805661
1930,1939,0.108109044652332
1930,1968,0.0274962238465112
1930,1987,-0.316932153349589
1931,1932,0.170923037460373
1931,1934,0.486618453696034
1931,1938,0.230309385114986
1931,1941,0.192505442068763
1931,1943,0.0576213584136762
1932,1934,0.338328794745281
1932,1935,-0.234199210688032
1932,1941,0.0345943629418898
1932,1943,-0.124241232250712
1933,1936,-0.028408514342732
1933,1940,-0.118124036550538
1933,1942,0.0592125172151573
1933,1944,0.696369979020894
1933,1946,0.259221020459316
1934,1938,-0.247449272903686
1934,1941,-0.285643756035442
1934,1970,-0.886124501850311
1935,1939,0.439061285121632
1935,1942,0.0859126821760249
1935,1943,0.111955346479758
1935,1946,0.276267224613206
1935,1977,-0.127743496389799
1936,1938,0.291748346858257
1936,1941,0.253731596812025
1936,1947,0.170044009929787
1936,1983,0.0621583675535732
1937,1938,0.237457454941285
1937,1941,0.198850323854632
1937,1950,-0.633109967872889
1938,1947,-0.114928635036981
1939,1941,-0.143930178957566
1939,1945,-0.694451355984006
1939,1948,-0.632679068306233
1939,1949,-0.336179819638122
1939,1950,-0.937651793795403
1940,1941,0.356454692813563
1940,1949,0.186977199784759
1940,1956,0.536193168294508
1941,1945,-0.487364448905588
1941,1946,0.016009206437709
1941,1947,-0.0770738545587364
1941,1949,-0.16884905004737
1941,1950,-0.710626028413919
1941,1953,-0.278002958101537
1942,1944,0.669828633162963
1942,1949,0.0169687833074855
1942,1952,-0.275975338188131
1943,1946,0.171780089100247
1943,1947,0.0651073971259371
1943,1953,-0.129799659141967
1944,1946,-0.405059623995184
1944,1948,-0.874988903693753
1944,1950,-1.16730487216898
1944,1955,-0.8571635790215
1944,1956,-0.23889311142188
1945,1946,0.510860087442712
1945,1947,0.4007596533284
1945,1949,0.334817181970218
1945,1955,0.0953065691414106
1945,1956,0.650787972259666
1946,1948,-0.458111390648251
1946,1950,-0.735777685116174
1946,1951,-0.389744364425797
1946,1955,-0.424476012817723
1946,1957,-0.354572508506032
1947,1950,-0.624712351484215
1947,1952,-0.339950937606909
1947,1954,-0.0230755326840003
1947,1955,-0.314847262816672
1947,1959,0.0003251885154273
1948,1952,0.0428933724047789
1948,1953,0.194194274785564
1948,1955,0.0581937432986006
1948,1956,0.594064669133679
1948,1958,0.412023855104371
1949,1950,-0.57017655299739
1949,1955,-0.242956460742292
1949,1957,-0.168745510889299
1949,1958,0.113956477018879
1949,1959,0.085333256043084
1950,1952,0.328505547822251
1950,1956,0.867073940327648
1950,1957,0.4170111320505
1950,1962,0.39619344080604
1951,1952,-0.0714839636917203
1951,1957,0.030122632697555
1951,1958,0.326726939327887
1951,1961,0.188230934375785
1951,1964,0.149539283045904
1952,1956,0.602519540306293
1952,1962,0.0973129632790197
1953,1955,-0.139480994852916
1953,1963,0.163374476085615
1954,1956,0.277137992545436
1954,1957,-0.233192568574024
1954,1962,-0.219195150381703
1954,1986,-0.548928822754722
1955,1957,0.0777882277465977
1955,1962,0.0761464717926849
1955,1966,0.191176605234286
1955,1967,0.0842733513011008
1956,1959,-0.245805097447594
1956,1962,-0.476216565461788
1956,1963,-0.295121473377544
1957,1959,0.249143071436406
1957,1960,0.432420684567106
1957,1961,0.15625079746725
1957,1962,0.0024542857019332
1957,1965,0.617717928237039
1957,1967,0.0065537902032884
1957,1970,-0.226993807122699
1958,1959,-0.0259901376842267
1958,1962,-0.273709104988446
1958,1964,-0.189379532411173
1958,1967,-0.285553334683828
1958,1968,0.131429072502285
1958,1970,-0.525998779973658
1959,1963,-0.0364737403108076
1959,1965,0.350716736774885
1959,1967,-0.242787509924142
1960,1964,-0.338262158943352
1960,1966,-0.312571029200479
1960,1967,-0.425643368720316
1960,1969,-0.268152450813142
1960,1970,-0.669751326601928
1961,1967,-0.149625538831304
1961,1973,0.271544046780304
1962,1965,0.585993054529129
1962,1970,-0.21740487287252
1962,1974,0.388820453942177
1962,1975,-0.0999910545198735
1963,1964,-0.117650519394911
1963,1965,0.402197995396509
1963,1966,-0.106644115240876
1963,1972,-0.136261233404778
1963,1975,-0.316414641034056
1963,1992,-0.444195921834392
1964,1967,-0.110637568561229
1964,1971,0.384626640719691
1964,1973,0.327968046211347
1964,1976,0.0276032453939924
1964,1977,-0.168079894835069
1965,1970,-0.838464886422834
1965,1971,-0.134677140989499
1965,1972,-0.539833352158136
1965,1973,-0.205612522996079
1965,1976,-0.489269162497138
1965,1996,-0.344876486909651
1966,1972,-0.0280023456598313
1966,1976,0.0232688069055923
1967,1968,0.415028757804382
1967,1969,0.134245986240063
1967,1978,-0.296151038612019
1967,1979,0.0698475260023796
1968,1972,-0.335830651991927
1968,1974,-0.0098319764991722
1968,1975,-0.513979812632672
1969,1971,0.318713583184408
1969,1974,0.252042340996695
1970,1971,0.689496571360241
1970,1973,0.649355935998432
1970,1976,0.370062523126422
1970,1977,0.156296078147494
1970,1978,-0.0442449164516043
1970,1980,0.38492928006723
1970,1981,0.924101087197338
1971,1973,-0.064441917255527
1971,1974,-0.0928853066854783
1971,1981,0.199311264775825
1971,1984,-0.921438504374349
1972,1974,0.329082788557835
1972,1979,-0.0148321721691332
1972,1982,0.272066594212039
1972,1983,0.0531737624554602
1972,1985,0.0700101274809629
1973,1976,-0.288035209001967
1973,1980,-0.311893584461804
1973,1992,-0.645004510164474
1974,1975,-0.505953754047992
1974,1978,-0.750533857232969
1974,1983,-0.244211649945402
1975,1977,0.0428406254481152
1975,1982,0.449422974497384
1975,1985,0.262891055351291
1976,1979,-0.067273399252867
1976,1981,0.566734624385754
1976,1982,0.22003119168449
1977,1982,0.390641924486877
1977,1986,-0.273146980607596
1978,1981,1.03728521330871
1978,1986,-0.10513910836334
1979,1980,0.0652609188655298
1979,1981,0.649803986963696
1979,1983,0.0667069260292769
1979,1984,-0.56689843167936
1979,1988,0.0568106412173217
1979,1991,0.0589442249019009
1980,1981,0.60811101678988
1980,1986,-0.489423902004783
1980,1989,0.347725981719857
1980,1991,-0.0011710230084973
1980,1993,0.0012808397093614
1981,1987,-0.65397081252991
1981,1992,-0.919749661363381
1982,1983,-0.192959914457812
1982,1986,-0.67041489024907
1982,1989,0.108009301315593
1982,1992,-0.588136871591451
1982,1994,-0.264567169263211
1983,1986,-0.444190208857732
1983,1987,-0.0858015863732785
1983,1991,-0.0149984096390627
1984,1986,0.072849731515398
1984,1987,0.528214730795128
1984,1988,0.612010292240722
1984,1989,0.921387233466046
1985,1988,-0.0291235115230761
1985,1992,-0.394915069127046
1985,1993,-0.023783365692271
1985,1994,-0.0598616831705354
1985,1996,0.164416406679395
1985,1998,-0.0080151001682647
1986,1987,0.396347684948449
1986,1990,0.640190727141487
1986,1995,1.07048675487274
1987,1992,-0.278959832893819
1987,1993,0.0821972484525613
1988,1989,0.3365870051498
1988,1990,0.21312034982501
1988,1995,0.696613709291218
1988,1997,0.145959453257947
1988,1999,0.3791854997802
1989,1991,-0.328646531634831
1989,1993,-0.332002322789121
1990,1998,-0.16896360748495
1991,1992,-0.356821354623163
1991,1995,0.68316421073707
1991,1996,0.186880592121985
1991,1998,0.0190271675655127
1992,1997,0.508592291806966
1993,1994,-0.0341666099657066
1993,1999,0.373570791709442
1994,1998,0.0397789584433512
1995,1998,-0.603468624931676
1995,1999,-0.339208227389117
1996,1997,-0.0423002960121287
1996,1998,-0.16026560447722
1996,2000,0.260737262133105
1997,2000,0.294569514720739
1999,2000,0.0704523089444175
