node1,node2,flow
1,2,0.49850885747817
1,5,1.600701600077
1,6,0.538157243580139
1,7,1.07005482600726
1,8,0.663466256833001
1,17,0.165592138721537
1,32,-0.254704420393771
1,44,1.11840137135775
1,46,0.554744198615776
1,49,0.09950424104761
1,65,0.590458160901964
1,75,-0.414452546124086
1,82,0.0618942849930783
1,87,-0.583720870030975
1,89,0.146688687837567
1,101,-0.369933815354866
1,103,0.901108290745294
1,120,-0.273434171278878
1,121,0.977964417464637
1,125,1.67646843404197
2,3,-0.444505171213912
2,6,0.0396483861019688
2,7,0.571545968529088
2,9,0.0988711122501595
2,10,0.689006239216373
2,12,-0.948035835433712
2,40,-0.552579594071924
2,50,-0.0839297137743068
2,55,0.915742058707064
2,66,-0.170577189963113
2,69,-0.226264713351485
2,73,0.217987034083477
2,76,-0.0053245337254602
2,90,1.57759192567879
2,91,0.141737651488179
2,92,1.51383406601753
2,96,-0.12445404866808
2,101,-0.868442672833036
2,118,-0.301634777762471
3,7,1.016051139743
3,8,0.609462570568742
3,14,1.32484302992065
3,15,0.480007316867884
3,19,0.375184554355139
3,24,1.01047103923889
3,32,-0.308708106658029
3,38,1.00459652381272
3,39,-0.337160036338379
3,42,0.159054206412381
3,53,1.46056765129476
3,56,1.16889651481643
3,62,1.1142225085588
3,65,0.536454474637705
3,67,1.36192075420383
3,69,0.218240457862426
3,74,0.436025033632298
3,81,1.12814147848397
3,92,1.95833923723144
3,96,0.320051122545832
3,113,1.44816841535096
3,115,-0.0441103635484709
3,116,0.0300329396790594
3,117,0.737378195371872
3,124,-1.09879760158516
4,5,0.198719175301214
4,7,-0.331927598768531
4,9,-0.804602455047459
4,14,-0.023135708590882
4,21,-0.349530437316788
4,23,-1.30656691132881
4,29,-1.37037169835224
4,30,-0.548068021022527
4,38,-0.343382214698815
4,39,-1.68513877484991
4,44,-0.28358105341804
4,49,-1.30247818372818
4,51,-0.221819391287276
4,54,-0.925285809684996
4,55,0.0122684914094455
4,59,-0.812206538315798
4,68,-1.5946349627994
4,71,-0.140232951628424
4,74,-0.911953704879233
4,80,-0.19596539227159
4,81,-0.219837260027561
4,84,-0.829162460483558
4,117,-0.610600543139659
4,118,-1.20510834506009
4,120,-1.67541659605467
5,8,-0.937235343244003
5,12,-2.05022857803255
5,14,-0.221854883892096
5,16,-0.608419541499981
5,17,-1.43510946135547
5,24,-0.536226874573859
5,25,-0.508535214421783
5,26,-1.36871210363529
5,31,-0.272472813401227
5,35,-1.65451956040477
5,43,-1.4718489889942
5,44,-0.482300228719254
5,51,-0.420538566588491
5,53,-0.0861302625179845
5,55,-0.186450683891769
5,62,-0.432475405253943
5,65,-1.01024343917504
5,70,-1.73510835115931
5,74,-1.11067288018045
5,75,-2.01515414620109
5,80,-0.394684567572805
5,83,-0.911254248350764
5,84,-1.02788163578477
5,97,-1.26562133245386
5,102,-2.55385095251625
5,115,-1.59080827736122
5,117,-0.809319718440873
5,118,-1.4038275203613
5,125,0.075766833964966
6,7,0.531897582427119
6,8,0.125309013252862
6,25,0.554009142075082
6,31,0.790071543095638
6,32,-0.79286166397391
6,39,-0.82131359365426
6,48,0.407301259060503
6,51,0.642005789908374
6,52,-0.0923082800491895
6,57,0.613804148207178
6,60,-0.525923279775911
6,61,0.600095916034917
6,65,0.0523009173218245
6,74,-0.048128523683583
6,80,0.66785978892406
6,85,-0.366331718096651
6,86,-0.842803789349707
6,91,0.10208926538621
6,93,0.823819231218092
6,97,-0.203076975956991
6,109,-2.15507438397247
6,115,-0.528263920864352
6,119,2.03813664320663
6,120,-0.811591414859017
6,121,0.439807173884498
6,124,-1.58295115890104
7,10,0.117460270687285
7,11,-0.996192774055366
7,12,-1.5195818039628
7,14,0.308791890177649
7,17,-0.904462687285721
7,18,-0.488578827386221
7,19,-0.640866585387861
7,22,-0.304874680012955
7,25,0.0221115596479627
7,28,-1.26598310364652
7,33,-0.732600191819648
7,34,-0.196760994531656
7,41,-0.15477239064476
7,48,-0.124596323366616
7,55,0.344196090177976
7,57,0.0819065657800593
7,68,-1.26270736403087
7,89,-0.923366138169691
7,98,-0.911787817778366
7,101,-1.43998864136212
7,102,-2.0232041784465
7,104,-1.51693658735969
7,105,-1.28148166370167
7,117,-0.278672944371128
7,120,-1.34348899728614
8,11,-0.589604204881109
8,14,0.715380459351906
8,15,-0.129455253700859
8,16,0.328815801744022
8,19,-0.234278016213603
8,22,0.101713889161302
8,23,-0.568050743386024
8,31,0.664762529842776
8,34,0.209827574642602
8,38,0.395133953243973
8,49,-0.563962015785391
8,53,0.851105080726018
8,60,-0.651232293028773
8,63,-1.52596235653625
8,73,0.0530296347286465
8,81,0.518678907915227
8,84,-0.0906462925407694
8,92,1.3488766666627
8,102,-1.61661560927224
8,106,0.0736712458001121
8,110,-0.247552140605623
8,123,0.0274042663926756
8,124,-1.7082601721539
9,10,0.590135126966213
9,11,-0.523517917776438
9,14,0.781466746456577
9,15,-0.0633689665961876
9,17,-0.431787831006793
9,18,-0.0159039711072928
9,21,0.455072017730671
9,29,-0.565769243304782
9,41,0.317902465634169
9,46,-0.0426357711125536
9,50,-0.182800826024466
9,54,-0.120683354637536
9,62,0.570846225094731
9,63,-1.45987606943158
9,65,-0.0069218088263661
9,72,-0.469194353812653
9,80,0.608637062775869
9,91,0.0428665392380198
9,95,0.586644794154033
9,99,-1.13904662872632
9,102,-1.55052932216757
9,123,0.0934905534973466
10,11,-1.11365304474265
10,12,-1.63704207465009
10,14,0.191331619490364
10,18,-0.606039098073506
10,22,-0.42233495070024
10,23,-1.09209958324757
10,31,0.140713689981234
10,33,-0.850060462506933
10,35,-1.24133305702231
10,45,-0.60928884512138
10,47,-1.4083774795834
10,52,-0.741666133163594
10,53,0.327056240864476
10,59,-0.597739210234552
10,68,-1.38016763471816
10,86,-1.49216164246411
10,93,0.174461378103688
10,98,-1.02924808846565
10,99,-1.72918175569253
10,100,-0.408193137060582
10,106,-0.45037759406143
10,109,-2.80443223708687
10,115,-1.17762177397876
10,118,-0.990641016978844
10,121,-0.209550679229906
10,123,-0.496644573468867
10,124,-2.23230901201544
10,125,0.488953337347426
11,12,-0.523389029907434
11,14,1.30498466423302
11,19,0.355326188667505
11,20,-0.897311892905203
11,22,0.691318094042411
11,24,0.990612673551252
11,26,0.15812744448982
11,31,1.25436673472388
11,32,-0.328566472345663
11,34,0.79943177952371
11,39,-0.357018402026013
11,50,0.340717091751972
11,53,1.44070928560713
11,54,0.402834563138902
11,62,1.09436414287117
11,65,0.516596108950072
11,73,0.642633839609755
11,89,0.0728266358856754
11,92,1.93848087154381
11,103,0.827246238793402
11,107,0.500163194195908
11,109,-1.69077919234422
11,110,0.342052064275486
11,115,-0.0639687292361045
11,118,0.123012027763807
11,122,0.992926449920709
11,123,0.617008471273784
12,13,0.437260800590186
12,17,0.615119116677079
12,19,0.878715218574939
12,25,1.54169336361076
12,32,0.194822557561771
12,44,1.56792834931329
12,55,1.86377789414078
12,56,1.67242717903623
12,65,1.03998513885751
12,67,1.86545141842363
12,73,1.16602286951719
12,83,1.13897432968178
12,91,1.08977348692189
12,95,1.6335517418379
12,104,0.0026452166031098
12,107,1.02355222410334
12,109,-1.16739016243679
12,118,0.646401057671241
12,119,3.02582086474231
12,125,2.12599541199751
13,15,0.546277180497498
13,18,0.593742175986392
13,19,0.441454417984753
13,23,0.107681690812332
13,24,1.0767409028685
13,26,0.244255673807068
13,29,0.0438769037889032
13,32,-0.242438243028415
13,33,0.349720811552965
13,36,0.414116683734693
13,38,1.07086638744233
13,55,1.42651709355059
13,58,-0.0309391657551089
13,59,0.602042063825347
13,61,1.15051933698041
13,78,0.784944316719414
13,80,1.21828320986955
13,96,0.386320986175446
13,99,-0.529400481632635
13,117,0.803648059001486
14,15,-0.844835713052765
14,16,-0.386564657607884
14,17,-1.21325457746337
14,21,-0.326394728725906
14,22,-0.613666570190604
14,25,-0.286680330529686
14,27,-1.72406254099396
14,35,-1.43266467651267
14,52,-0.932997752653957
14,75,-1.79329926230899
14,76,-0.885662392432197
14,77,-0.352411539154008
14,79,-0.61874298149279
14,82,-1.31695243119183
14,88,-2.46359365805989
14,91,-0.738600207218557
14,93,-0.0168702413866763
14,111,-0.0453929863013997
15,18,0.0474649954888947
15,20,-1.35746084408545
15,23,-0.438595489685166
15,26,-0.30202150669043
15,27,-0.879226827941199
15,28,-0.729939280771406
15,38,0.524589206944831
15,46,0.0207331954836339
15,55,0.880239913053092
15,58,-0.577216346252607
15,70,-0.668417754214446
15,78,0.238667136221917
15,86,-0.838657548901711
15,88,-1.61875794500713
15,93,0.827965471666089
15,100,0.245310956501819
15,102,-1.48716035557138
15,112,0.690549588962914
15,120,-0.80744517441102
15,122,0.532777498740459
16,17,-0.826689919855486
16,20,-1.81573189953033
16,23,-0.896866545130046
16,24,0.0721926669261217
16,28,-1.18821033621629
16,36,-0.590431552207686
16,42,-0.779224165900383
16,48,-0.0468235559363807
16,50,-0.577702914873159
16,55,0.421968857608212
16,56,0.230618142503662
16,57,0.159679333210295
16,63,-1.85477815828028
16,65,-0.401823897675059
16,70,-1.12668880965933
16,71,0.269467414570342
16,75,-1.40673460470111
16,86,-1.29692860434659
16,89,-0.845593370739455
16,94,-2.27325205836558
16,95,0.19174270530534
16,98,-0.834015050348131
16,113,0.509890043038196
16,114,-0.615952407125191
16,119,1.58401182820974
16,120,-1.2657162298559
16,122,0.0745064432955782
16,124,-2.03707597389792
17,21,0.886859848737464
17,22,0.599588007272766
17,23,-0.0701766252745602
17,24,0.898882586781607
17,25,0.926574246933684
17,27,-0.510807963530593
17,28,-0.361520416360801
17,30,0.688322265031725
17,32,-0.420296559115308
17,46,0.389152059894239
17,48,0.779866363919105
17,63,-1.02808823842479
17,70,-0.29999888980384
17,75,-0.580044684845623
17,83,0.523855213004702
17,86,-0.470238684491105
17,97,0.169488128901611
17,98,-0.0073251304926448
17,99,-0.707258797719527
17,103,0.735516152023757
17,104,-0.612473900073969
17,107,0.408433107426263
17,109,-1.78250927911387
18,19,-0.15228775800164
18,20,-1.40492583957435
18,23,-0.48606048517406
18,24,0.482998726882107
18,27,-0.926691823430093
18,28,-0.777404276260301
18,29,-0.549865272197489
18,31,0.74675278805474
18,34,0.291817832854565
18,36,-0.1796254922517
18,49,-0.481971757573427
18,70,-0.71588274970334
18,80,0.624541033883162
18,82,-0.519581713627959
18,83,0.107971353105202
18,85,-0.409650473137549
18,86,-0.886122544390605
18,91,0.0587705103453127
18,115,-0.571582675905249
18,117,0.209905883015094
18,121,0.3964884188436
18,122,0.485312503251564
19,20,-1.25263808157271
19,22,0.335991905374906
19,27,-0.774404065428454
19,29,-0.39757751419585
19,30,0.424726163133864
19,31,0.899040546056379
19,39,-0.712344590693518
19,64,-0.119079625089725
19,70,-0.563594991701701
19,75,-0.843640786743483
19,86,-0.733834786388966
19,88,-1.51393518249438
19,99,-0.970854899617388
19,105,-0.640615078313804
19,106,0.307949262013716
19,111,0.90426548926411
19,116,-0.345151614676079
19,118,-0.232314160903698
19,124,-1.4739821559403
19,125,1.24728019342257
20,21,1.87590182841231
20,29,0.855060567376859
20,32,0.56874542055954
20,45,1.40167609252647
20,46,1.37819403956909
20,52,1.26929880448426
20,59,1.4132257274133
20,61,1.96170300056837
20,71,2.08519931410068
20,75,0.408997294829225
20,80,2.02946687345751
20,82,0.88534412594639
20,85,0.995275366436799
20,97,1.15853010857646
20,98,0.981716849182203
20,104,0.37656807960088
20,107,1.39747508710111
20,113,2.32562194256853
20,118,1.02032392066901
20,123,1.51432036417899
21,23,-0.957036474012024
21,24,0.0120227380441436
21,25,0.0397143981962202
21,27,-1.39766781226806
21,29,-1.02084126103545
21,31,0.275776799216776
21,33,-0.714997353271391
21,45,-0.474225735885838
21,61,0.0858011721560549
21,63,-1.91494808716225
21,65,-0.461993826557037
21,80,0.153565045045198
21,84,-0.479632023166769
21,86,-1.35709853322857
21,87,-1.63617285748998
21,102,-2.00560133989824
21,114,-0.676122336007169
21,115,-1.04255866474321
21,120,-1.32588615873788
21,123,-0.361581464233324
22,23,-0.669764632547326
22,24,0.299294579508841
22,25,0.326986239660918
22,29,-0.733569419570755
22,32,-1.01988456638807
22,33,-0.427725511806693
22,35,-0.818998106322068
22,41,0.150102289368195
22,50,-0.350601002290439
22,52,-0.319331182463353
22,74,-0.275151426097747
22,91,-0.124933637027953
22,98,-0.606913137765411
22,115,-0.755286823278515
22,121,0.212784271470334
23,24,0.969059212056168
23,25,0.996750872208244
23,26,0.136573982994736
23,31,1.2328132732288
23,33,0.242039120740633
23,35,-0.149233473774742
23,39,-0.378571863521098
23,52,0.350433450083973
23,68,-0.288068051470592
23,75,-0.509868059571063
23,78,0.677262625907082
23,80,1.11060151905722
23,85,0.0764100120365113
23,96,0.278639295363114
23,104,-0.542297274799409
23,107,0.478609732700823
23,111,1.23803821643653
23,125,1.58105292059499
24,25,0.0276916601520766
24,28,-1.26040300314241
24,33,-0.727020091315535
24,36,-0.662624219133807
24,39,-1.34763107557727
24,46,-0.509730526887368
24,53,0.450096612055875
24,59,-0.474698839043153
24,76,-0.571290401750434
24,84,-0.491654761210913
24,89,-0.917786037665577
24,108,-0.369886626407034
25,26,-0.860176889213508
25,27,-1.43738221046428
25,28,-1.28809466329448
25,30,-0.238251981901959
25,33,-0.754711751467611
25,37,-1.34065285426197
25,83,-0.402719033928982
25,88,-2.17691332753021
25,102,-2.04531573809446
25,103,-0.191058094909927
25,112,0.132394206439835
25,114,-0.715836734203389
25,116,-1.0081297597119
25,125,0.584302048386749
26,29,-0.200378770018165
26,30,0.621924907311549
26,31,1.09623929023406
26,33,0.105465137745897
26,35,-0.285807456769477
26,37,-0.480475965048463
26,38,0.826610713635261
26,46,0.322754702174064
26,51,0.948173537046801
26,59,0.357786390018278
26,61,0.906263663173343
26,62,0.936236698381348
26,65,0.358468664460251
26,66,0.0959421710733447
26,73,0.484506395119935
26,75,-0.646442042565798
26,91,0.408257012524637
26,93,1.12998697835652
26,95,0.95203526744065
26,113,1.27018260517351
26,114,0.144340155010119
26,122,0.834799005430888
26,124,-1.27678341176261
27,28,0.149287547169793
27,30,1.19913022856232
27,32,0.0905114044152855
27,34,1.21850965628466
27,35,0.291397864481292
27,36,0.747066331178394
27,37,0.0967293562023061
27,38,1.40381603488603
27,40,0.291145088215303
27,49,0.444720065856667
27,57,1.49717721659637
27,66,0.673147492324114
27,67,1.76114026527714
27,68,0.152563286785441
27,71,1.60696529795642
27,74,0.835244544705613
27,84,0.918035789101288
27,116,0.429252450752374
27,117,1.13659770644519
27,118,0.542089904524756
28,32,-0.0587761427545071
28,35,0.142110317311499
28,36,0.597778784008601
28,37,-0.0525581909674865
28,38,1.25452848771624
28,41,1.11121071300176
28,48,1.14138678027991
28,51,1.37609131112778
28,67,1.61185271810735
28,68,0.0032757396156486
28,78,0.968606416993323
28,102,-0.757221074799978
28,113,1.69810037925448
28,115,0.205821600355051
28,119,2.77222216442603
28,120,-0.0775058936396143
28,123,0.88679880086494
29,33,0.305843907764062
29,34,0.841683105052055
29,36,0.370239779945789
29,37,-0.280097195030298
29,38,1.02698948365343
29,39,-0.314767076497669
29,51,1.14855230706497
29,52,0.414238237107402
29,58,-0.0748160695440121
29,67,1.38431371404454
29,72,0.0965748894921294
29,79,0.72849300826857
29,102,-0.98476007886279
29,105,-0.243037564117955
30,33,-0.516459769565652
30,35,-0.907732364081027
30,38,0.204685806323712
30,41,0.0613680316092367
30,43,-0.725061792670456
30,53,0.660656933805757
30,60,-0.841680439949034
30,72,-0.725728787837585
30,80,0.352102628750937
30,83,-0.164467052027023
30,102,-1.8070637561925
30,103,0.0471938869920323
30,109,-2.47083154414559
30,110,-0.438000287525884
30,114,-0.47758475230143
30,122,0.212874098119339
30,124,-1.89870831907416
31,32,-1.58293320706955
31,35,-1.38204674700354
31,37,-1.57671525528253
31,39,-1.6113851367499
31,42,-1.11517089399914
31,45,-0.750002535102614
31,64,-1.0181201711461
31,68,-1.52088132469939
31,76,-0.835044462923067
31,81,-0.146083621927549
31,98,-1.16996177844688
31,99,-1.86989544567377
31,117,-0.536846905039646
31,124,-2.37302270199668
32,38,1.31330463047074
32,39,-0.02845192968035
32,47,0.033842037504916
32,55,1.66895533657901
32,57,1.40666581218109
32,64,0.564813035923444
32,75,-0.159748125730315
32,87,-0.329016449637204
32,90,2.33080520355073
32,91,0.894950929360121
32,94,-1.02626557939478
32,103,1.15581271113906
32,107,0.828729666541571
32,110,0.670618536621149
32,113,1.75687652200899
32,117,1.0460863020299
32,122,1.32149292226637
33,43,-0.208602023104804
33,44,0.78094673717014
33,46,0.217289564428166
33,48,0.608003868453032
33,51,0.842708399300903
33,60,-0.325220670383382
33,71,0.924294838959755
33,91,0.30279187477874
33,94,-1.61842463397616
33,95,0.846570129694753
33,102,-1.29060398662685
33,106,0.399682868445503
33,124,-1.38224854950851
34,37,-1.12178030008235
34,39,-1.15645018154972
34,40,-0.927364568069356
34,42,-0.660235938798963
34,43,-0.744441220392797
34,55,0.540957084709632
34,58,-0.916499174596067
34,61,0.264959328139453
34,66,-0.545362163960545
34,69,-0.601049687348917
34,75,-1.28774637759969
34,77,0.153141345555297
34,81,0.308851333272626
34,82,-0.811399546482524
34,88,-1.95804077335059
34,116,-0.789257205532284
35,37,-0.194668508278986
35,40,-0.0002527762659888
35,43,0.18267057141057
35,44,1.17221933168551
35,46,0.608562158943541
35,48,0.999276462968407
35,58,0.0106126172073004
35,59,0.643593846787756
35,66,0.381749627842822
35,68,-0.13883457769585
35,77,1.08025313735866
35,111,1.38727169021127
36,38,0.656749703707637
36,41,0.513431928993161
36,42,-0.188792613692697
36,46,0.152893692246439
36,59,0.187925380090654
36,64,-0.0917418908396643
36,70,-0.536257257451641
36,73,0.31464538519231
36,80,0.804166526134862
36,85,-0.230024980885849
36,89,-0.25516181853177
36,96,-0.0277956975592468
36,103,0.499257784375957
36,106,0.335286996263776
36,110,0.0140636098580407
36,115,-0.39195718365355
36,121,0.5761139110953
36,125,1.27461792767263
37,40,0.194415732012997
37,41,1.16376890396925
37,42,0.46154436128339
37,43,0.377339079689556
37,47,0.0276240857178954
37,48,1.19394497124739
37,49,0.34799070965436
37,50,0.663065612310614
37,54,0.725183083697544
37,57,1.40044786039407
37,65,0.838944629508714
37,73,0.964982360168398
37,79,1.00859020329887
37,82,0.310380753599829
37,86,-0.0561600771628179
37,97,0.583566736229898
37,100,1.02780842824071
37,103,1.14959475935204
37,104,-0.198395292745682
37,111,1.58194019849026
37,114,0.624816120058582
37,120,-0.0249477026721278
38,40,-1.11267094667073
38,42,-0.845542317400334
38,45,-0.480373958503811
38,47,-1.27946259296583
38,48,-0.113141707436332
38,49,-0.959095969029364
38,54,-0.58190359498618
38,57,0.0933611817103438
38,59,-0.468824323616983
38,60,-1.04636624627275
38,61,0.079652949538082
38,67,0.357324230391112
38,80,0.147416822427225
38,97,-0.723519942453826
38,100,-0.279278250443013
38,106,-0.321462707443861
38,107,-0.484574963929174
38,109,-2.6755173504693
38,110,-0.642686093849596
38,115,-1.04870688736119
38,119,1.51769367670979
39,42,0.496214242750761
39,43,0.412008961156926
39,44,1.40155772143187
39,46,0.837900548689897
39,47,0.062293967185266
39,50,0.697735493777984
39,51,1.46331938356263
39,52,0.729005313605071
39,53,1.79772768763314
39,55,1.69740726625936
39,63,-0.579339749629132
39,72,0.411341965989798
39,85,0.454981875557609
39,88,-0.801590591800864
39,98,0.441423358303013
39,103,1.18426464081941
39,123,0.974026873299797
40,41,0.969353171956252
40,42,0.267128629270393
40,43,0.182923347676559
40,44,1.1724721079515
40,45,0.632296988166917
40,48,0.999529239234396
40,49,0.153574977641364
40,50,0.468649880297617
40,51,1.23423377008227
40,53,1.56864207415277
40,55,1.46832165277899
40,80,1.26008776909795
40,83,0.743518088319993
40,88,-1.03067620528123
40,100,0.833392696227714
40,112,1.27863132868881
40,116,0.138107362537072
41,42,-0.702224542685859
41,45,-0.337056183789335
41,47,-1.13614481825135
41,49,-0.815778194314888
41,52,-0.469433471831549
41,53,0.599288902196521
41,54,-0.438585820271705
41,63,-1.77777853506575
41,69,-0.643038291235814
41,71,0.346467037784866
41,73,-0.198786543800851
41,84,-0.342462471070267
41,88,-2.00002937723748
41,91,-0.275035926396149
41,98,-0.757015427133606
41,101,-1.28521625071736
41,107,-0.341257189214699
41,117,-0.123900553726368
42,43,-0.0842052815938342
42,44,0.90534347868111
42,45,0.365168358896523
42,48,0.732400609964002
42,49,-0.11355365162903
42,50,0.201521251027224
42,53,1.30151344488238
42,54,0.263638722414154
42,68,-0.405710430700255
42,70,-0.347464643758943
42,72,-0.0848722767609626
42,84,0.359762071615592
42,85,-0.0412323671931516
42,86,-0.517704438446208
42,87,-0.796778762707615
42,95,0.970966871205723
42,112,1.01150269941842
42,116,-0.129021266733322
42,119,2.36323599411013
42,121,0.764906524787997
42,125,1.46341054136533
43,44,0.989548760274944
43,49,-0.0293483700351955
43,50,0.285726532621058
43,61,1.00940054853225
43,63,-0.991348710786059
43,66,0.199079056432252
43,67,1.28707182938528
43,86,-0.433499156852374
43,87,-0.712573481113781
43,91,0.511393897883544
43,95,1.05517215279956
43,99,-0.670519270080796
43,103,0.772255679662488
43,106,0.608284891550307
43,113,1.37331949053241
43,114,0.247477040369026
44,49,-1.01889713031014
44,50,-0.703822227653886
44,51,0.0617616621307636
44,53,0.39616996620127
44,55,0.295849544827485
44,56,0.104498829722935
44,66,-0.790469703842692
44,68,-1.31105390938136
44,77,-0.0919661943268505
44,78,-0.34572323200369
44,102,-2.07155072379699
44,117,-0.327019489721619
44,123,-0.427530848132073
45,47,-0.799088634462018
45,54,-0.101529636482369
45,56,0.644673949507522
45,65,0.0122319093288006
45,68,-0.770878789596778
45,92,1.43411667192254
45,100,0.201095708060798
45,114,-0.201896600121331
45,118,-0.381352171857464
45,120,-0.851660422852041
46,49,-0.455239957568166
46,50,-0.140165054911913
46,54,-0.0780475835249826
46,59,0.0350316878442149
46,64,-0.244635583086103
46,65,0.0357139622861875
46,72,-0.426558582700099
46,91,0.0855023103505735
46,96,-0.180689389805686
46,112,0.66981639347928
46,116,-0.470707572672458
46,122,0.512044303256825
47,48,1.1663208855295
47,50,0.635441526592718
47,52,0.666711346419805
47,54,0.697558997979648
47,56,1.44376258396954
47,57,1.37282377467617
47,58,0.177657039768391
47,65,0.811320543790819
47,85,0.392687908372343
47,87,-0.36285848714212
47,92,2.23320530638456
47,96,0.594917191698945
47,105,0.0094355451944477
47,114,0.597192034340687
47,115,0.230755705604643
47,123,0.911732906114531
48,50,-0.530879358936778
48,51,0.234704530847871
48,52,-0.499609539109692
48,56,0.277441698440042
48,58,-0.988663845761106
48,72,-0.817272886724965
48,76,-0.452274178887932
48,82,-0.883564217647564
48,88,-2.03020544451563
48,104,-1.39234026399307
48,109,-2.56237564303297
48,119,1.63083538414612
48,121,0.032505914823995
48,123,-0.254587979414966
48,124,-1.99025241796154
49,50,0.315074902656253
49,51,1.0806587924409
49,57,1.05245715073971
49,61,1.03874891856745
49,62,1.06872195377545
49,76,0.3936800827051
49,83,0.589943110678629
49,90,1.97659654210935
49,97,0.235576026575538
49,98,0.058762767181282
49,104,-0.546386002400042
49,123,0.591366282178066
50,52,0.0312698198270861
50,54,0.06211747138693
50,56,0.808321057376821
50,58,-0.457784486824328
50,59,0.175196742756128
50,63,-1.27707524340712
50,70,-0.548985894786167
50,73,0.301916747857784
50,79,0.345524590988254
50,96,-0.0405243348937732
50,97,-0.0794988760807157
50,100,0.364742815930097
50,117,0.376802737932267
50,120,-0.688013314982742
51,53,0.334408304070506
51,54,-0.703466418397719
51,57,-0.0282016417011955
51,62,-0.0119368386654523
51,63,-2.04265913319177
51,72,-1.05197741757284
51,74,-0.690134313591957
51,79,-0.420059298796396
51,88,-2.2649099753635
51,89,-1.03347434565095
51,95,0.00386173039385
51,97,-0.845082765865365
51,100,-0.400841073854552
51,112,0.0443975586065429
51,115,-1.17026971077273
51,117,-0.388781151852382
51,119,1.39613085329825
51,124,-2.22495694880941
51,125,0.496305400553457
52,54,0.030847651559844
52,56,0.777051237549735
52,58,-0.489054306651414
52,60,-0.433614999726722
52,61,0.692404196084106
52,62,0.722377231292111
52,69,-0.173604819404265
52,70,-0.580255714613253
52,84,0.126971000761282
52,91,0.1943975454354
52,108,0.248739135565161
52,112,0.778711628564106
52,114,-0.0695193120791179
52,118,-0.24897488381525
53,54,-1.03787472246823
53,55,-0.100320421373784
53,62,-0.346345142735958
53,66,-1.18663967004396
53,67,-0.0986468970909335
53,70,-1.64897808864132
53,92,0.497771585936683
53,99,-2.05623799655701
53,100,-0.735249377925058
53,104,-1.96145309891145
53,108,-0.819983238462908
53,111,-0.181117607675512
53,112,-0.290010745463963
53,123,-0.823700814333343
54,55,0.937554301094441
54,56,0.746203585989891
54,57,0.675264776696524
54,59,0.113079271369198
54,63,-1.33919271479405
54,64,-0.166587999561121
54,65,0.11376154581117
54,69,-0.204452470964109
54,85,-0.304871089607305
54,94,-1.75766661487935
54,97,-0.141616347467646
54,108,0.217891484005317
54,109,-2.09361375548312
54,117,0.314685266545337
55,56,-0.19135071510455
55,58,-1.4574562593057
55,60,-1.40201695238101
55,61,-0.275997756570179
55,64,-1.10414230065556
55,66,-1.08631924867018
55,84,-0.841430951893003
55,103,-0.513142625439941
55,104,-1.86113267753767
55,115,-1.40435759346945
55,119,1.16204297060153
56,57,-0.0709388092933669
56,58,-1.26610554420115
56,59,-0.633124314620693
56,60,-1.21066623727646
56,62,-0.0546740062576237
56,66,-0.894968533565627
56,67,0.193024239387401
56,68,-1.4155527391043
56,69,-0.950656056954
56,71,0.0388492720666802
56,73,-0.506404309519037
56,78,-0.450222061726625
56,82,-1.16100591608761
56,89,-1.07621151324312
56,99,-1.76456686007867
56,102,-2.17604955351993
56,110,-0.806986084853307
56,121,-0.244935783616048
56,122,-0.156111699208084
56,125,0.453568232961285
57,59,-0.562185505327326
57,60,-1.13972742798309
57,62,0.0162648030357432
57,64,-0.841852776257645
57,65,-0.561503230885354
57,70,-1.28636814286962
57,82,-1.09006710679424
57,88,-2.2367083336623
57,90,0.924139391369639
57,91,-0.511714882820968
57,97,-0.81688112416417
57,102,-2.10511074422656
57,104,-1.59884315313975
57,112,0.0725992003077384
57,116,-1.067924765844
57,117,-0.360579510151187
58,59,0.632981229580455
58,62,1.21143153794353
58,65,0.633663504022428
58,71,1.30495481626783
58,75,-0.371247203003622
58,77,1.06964052015136
58,86,-0.261441202649104
58,90,2.11930612627742
58,96,0.417260151930555
58,97,0.378285610743612
58,98,0.201472351349356
58,101,-0.326728472234401
58,107,0.617230589268264
58,109,-1.57371179727186
58,118,0.240079422836164
58,120,-0.230228828158414
58,122,1.10999384499307
59,60,-0.577541922655763
59,66,-0.261844218944934
59,68,-0.782428424483606
59,82,-0.527881601466913
59,97,-0.254695618836843
59,107,-0.0157506403121912
59,109,-2.20669302685232
59,111,0.743677843423516
59,116,-0.505739260516673
59,119,1.98651800032677
59,121,0.388188531004646
59,124,-1.63456980178089
60,61,1.12601919581083
60,65,0.578224197097736
60,66,0.31569770371083
60,68,-0.204886501827843
60,82,0.0496603211888506
60,84,0.560586000488004
60,86,-0.316880509573796
60,87,-0.595954833835203
60,93,1.349742510994
60,97,0.32284630381892
60,104,-0.45911572515666
60,105,-0.223660801498635
60,110,0.40368015242315
60,111,1.32121976607928
60,113,1.48993813781099
60,114,0.364095687647604
60,117,0.779147917831903
60,121,0.965730453660409
61,64,-0.828144544085383
61,67,0.27767128085303
61,69,-0.866009015488371
61,70,-1.27265991069736
61,73,-0.421757268053408
61,74,-0.6482244397185
61,88,-2.22300010149004
61,105,-1.34967999730946
61,107,-0.564227913467256
61,112,0.0863074324800002
61,118,-0.941379079899357
62,63,-2.03072229452631
62,64,-0.858117579293388
62,65,-0.577768033921097
62,66,-0.840294527308004
62,67,0.247698245645025
62,68,-1.36087873284668
62,70,-1.30263294590536
62,76,-0.675041871070351
62,80,0.0377908376811382
62,98,-1.00995918659417
62,99,-1.70989285382105
62,102,-2.1213755472623
62,106,-0.431088692189948
62,109,-2.78514333521539
62,112,0.0563343972719951
62,113,0.333945906792158
62,117,-0.37684431318693
63,66,1.19042776721831
63,68,0.669843561679638
63,69,1.13474024382994
63,70,0.72808934862095
63,72,0.99068171561893
63,76,1.35568042345596
63,78,1.63517423905731
63,91,1.5027426086696
63,99,0.320829440705263
63,101,0.492562284348388
63,109,-0.754421040689076
63,123,1.55336662292893
64,66,0.0178230519853845
64,73,0.406387276031975
64,75,-0.724561161653759
64,76,0.183075708223037
64,77,0.716326561501226
64,81,0.872036549218555
64,89,-0.163419927692105
64,97,0.024971652093475
64,115,-0.300215292813885
64,119,2.26618527125709
64,121,0.667855801934964
65,67,0.825466279566122
65,68,-0.783110698925579
65,69,-0.318214016775279
65,70,-0.724864911984267
65,71,0.671291312245401
65,79,0.169645573790154
65,102,-1.54360751334121
65,103,0.31065012984333
65,114,-0.214128509450132
65,117,0.200923720734167
66,67,1.08799277295303
66,68,-0.520584205538672
66,73,0.38856422404659
66,75,-0.742384213639143
66,77,0.698503509515842
66,78,0.444746471839002
66,85,-0.156106142031569
66,86,-0.632578213284626
66,90,1.7481691156419
66,104,-0.774813428867489
66,115,-0.31803834479927
66,118,-0.131057587799358
67,69,-1.1436802963414
67,74,-0.925895720571529
67,75,-1.83037698659217
67,77,-0.389489263437187
67,92,0.596418483027617
67,100,-0.636602480834125
67,108,-0.721336341371975
67,118,-1.21905036075239
67,120,-1.68935861174696
68,69,0.4648966821503
68,70,0.0582457869413117
68,72,0.320838153939292
68,76,0.685836861776325
68,81,1.37479770277184
68,84,0.765472502315847
68,85,0.364478063507103
68,96,0.566707346833705
68,97,0.527732805646763
68,98,0.350919546252507
68,101,-0.17728127733125
68,105,-0.018774299670792
68,109,-1.42426460236871
68,112,1.41721313011867
68,116,0.276689163966933
68,120,-0.0807816332552629
68,124,-0.852141377297285
68,125,1.86912097206558
69,70,-0.406650895208988
69,73,0.444251747434962
69,74,0.217784575769871
69,77,0.754191032904214
69,78,0.500433995227374
69,82,-0.210349859133606
69,100,0.507077815507276
69,110,0.143669972100693
69,112,0.952316447968371
69,114,0.104085507325147
70,76,0.627591074835014
70,80,1.3404237835865
70,87,-0.449314118948672
70,90,2.21050753423926
70,93,1.49638322588053
70,94,-1.14656324870625
70,95,1.31843151496467
70,100,0.913728710716264
70,106,0.871544253715416
70,109,-1.48251038931003
70,110,0.550320867309681
70,116,0.218443377025621
70,124,-0.910387164238597
71,72,-1.13356385723169
71,73,-0.545253581585717
71,76,-0.768565149394655
71,77,-0.235314296116466
71,79,-0.501645738455248
71,82,-1.19985518815429
71,97,-0.926669205524217
71,104,-1.7086312344998
71,105,-1.47317631084177
71,106,-0.524611970514252
71,110,-0.845835356919987
71,112,-0.0371888810523088
71,114,-0.885419821695533
71,115,-1.25185615043158
71,118,-1.06487539343167
71,122,-0.194960971274764
71,125,0.414718960894605
72,73,0.58831027564597
72,74,0.361843103980879
72,76,0.364998707837033
72,85,0.043639909567811
72,86,-0.432832161685245
72,87,-0.711906485946652
72,90,1.94791516724128
72,96,0.245869192894413
72,97,0.206894651707471
72,105,-0.339612453610084
72,113,1.37398648569954
72,120,-0.401619787194555
72,124,-1.17297953123658
73,74,-0.226467171665091
73,77,0.309939285469252
73,80,0.489521140942552
73,81,0.465649273186581
73,83,-0.0270485398354081
73,84,-0.143675927269416
73,93,0.645480583236584
73,99,-1.25816255055964
74,77,0.536406457134343
74,80,0.715988312607643
74,82,-0.428134434903478
74,84,0.0827912443956753
74,85,-0.318203194413068
74,86,-0.794675265666124
74,87,-1.07374958992753
74,93,0.871947754901675
74,99,-1.03169537889455
74,103,0.411079570848738
74,125,1.18643971414541
75,76,0.907636869876796
75,81,1.59659771087231
75,84,0.987272510416317
75,85,0.586278071607574
75,87,-0.169268323906889
75,93,1.77642902092232
75,101,0.0445187307692204
75,107,0.988477792271886
75,121,1.39241696358872
75,124,-0.630341369196814
76,77,0.533250853278189
76,79,0.266919410939407
76,80,0.712832708751489
76,81,0.688960840995518
76,82,-0.431290038759632
76,88,-1.57793126562769
76,97,-0.158104056129562
76,101,-0.863118139107576
76,105,-0.704611161447117
76,116,-0.409147697809392
76,117,0.298197557883421
76,123,0.197686199472966
77,78,-0.25375703767684
77,79,-0.266331442338782
77,81,0.155709987717329
77,82,-0.964540892037821
77,83,-0.33698782530466
77,84,-0.453615212738668
77,85,-0.854609651547411
77,86,-1.33108172280047
77,87,-1.61015604706187
77,94,-2.30740517681945
77,100,-0.247113217396938
77,115,-1.01654185431511
77,116,-0.942398551087581
77,124,-2.0712290923518
78,80,0.43333889315014
78,81,0.409467025394169
78,82,-0.710783854360981
78,83,-0.0832307876278199
78,88,-1.85742508122904
78,90,1.3034226438029
78,92,1.23966478414164
78,98,-0.614411131125167
78,104,-1.21955990070649
78,114,-0.396348487902227
78,115,-0.762784816638272
78,116,-0.688641513410741
78,125,0.90379029468791
79,81,0.422041430056111
79,83,-0.0706563829658781
79,84,-0.187283770399886
79,86,-1.06475028046169
79,90,1.31599704846484
79,92,1.25223918880358
79,98,-0.601836726463225
79,107,-0.186078488544317
79,120,-1.033537905971
79,121,0.21786068277252
79,122,0.306684767180484
80,81,-0.0238718677559708
80,85,-1.03419150702071
80,89,-1.05932834466663
80,91,-0.565770523537849
80,94,-2.48698703229275
80,96,-0.831962223694109
80,108,-0.511428933408088
80,109,-2.82293417289653
80,111,0.127436697379308
80,113,0.296155069111019
80,122,-0.139228530631598
80,123,-0.515146509278522
81,82,-1.12025087975515
81,83,-0.492697813021989
81,84,-0.609325200455997
81,88,-2.26689210662321
81,90,0.893955618408728
81,93,0.179831310050003
81,94,-2.46311516453678
81,103,-0.281036874002934
81,115,-1.17225184203244
81,116,-1.09810853880491
81,118,-0.985271085032529
81,119,1.39414872203854
82,83,0.627553066733161
82,84,0.510925679299153
82,85,0.10993124049041
82,87,-0.645615155024054
82,88,-1.14664122686806
82,91,0.578352223973271
82,93,1.30008218980515
82,94,-1.34286428478163
82,95,1.12213047888928
82,99,-0.603560943991069
82,104,-0.50877604634551
82,111,1.27155944489043
82,113,1.44027781662214
82,124,-1.10668820031398
83,85,-0.517621826242751
83,86,-0.994093897495807
83,87,-1.27316822175721
83,89,-0.542758663888672
83,96,-0.315392542916149
83,102,-1.64259670416548
83,111,0.644006378157268
83,120,-0.962881523005117
83,123,0.0014231714994372
83,125,0.98702108231573
84,86,-0.8774665100618
84,89,-0.426131276454664
84,90,1.50328081886472
84,92,1.43952295920347
84,94,-1.85378996408078
84,95,0.611204799590132
84,104,-1.01970172564466
84,106,0.164317538340882
84,108,0.121768134803879
85,87,-0.755546395514463
85,90,1.90427525767347
85,94,-1.45279552527204
85,95,1.01219923839888
85,112,1.05273506661157
85,118,0.025048554232211
85,119,2.40446836130328
86,89,0.451335233607136
86,91,0.944893054735918
86,93,1.6666230205678
86,98,0.46291355399846
86,112,1.52920713786462
86,119,2.88094043255633
86,122,1.37143504764217
87,88,-0.50102607184401
87,90,2.65982165318793
87,93,1.94569734482921
87,111,1.91717459991448
87,114,0.960050521482807
87,116,0.667757495974293
87,118,0.780594949746674
87,121,1.56168528749561
88,92,3.09708986537069
88,97,1.41982720949813
88,98,1.24301395010388
88,99,0.543080282876994
88,100,1.86406890150895
88,103,1.98585523262028
88,110,1.50066105810236
88,112,2.30930753397004
88,116,1.1687835678183
88,118,1.28162102159068
88,123,1.77561746510066
89,90,1.92941209531939
89,91,0.493557821128782
89,92,1.86565423565813
89,94,-1.42765868762612
89,95,1.0373360760448
89,96,0.227366120972523
89,98,0.0115783203913246
89,99,-0.688355346835558
89,102,-1.09983804027681
89,103,0.754419602907726
89,104,-0.593570449189999
89,110,0.26922542838981
89,117,0.644693193798563
90,91,-1.43585427419061
90,92,-0.0637578596612538
90,94,-3.35707078294551
90,95,-0.892076019274593
90,97,-1.74102051553381
90,99,-2.61776744215495
90,102,-3.0292501355962
90,103,-1.17499249241166
90,118,-1.87922670344126
90,119,0.500193103629809
90,122,-1.00931228128436
91,93,0.721729965831881
91,95,0.543778254916013
91,102,-1.59339586140559
91,103,0.260861781778944
91,107,-0.0662212628185498
91,110,-0.224332392738972
91,125,1.03622192507562
92,94,-3.29331292328426
92,99,-2.55400958249369
92,100,-1.23302096386174
92,102,-2.96549227593494
92,106,-1.27520542086259
92,110,-1.59642880726832
92,113,-0.510170821880484
92,119,0.563950963291063
92,120,-2.28577709477458
93,95,-0.177951710915868
93,96,-0.98792166598814
93,97,-1.02689620717508
93,100,-0.58265451516427
93,101,-1.7319102901531
93,105,-1.57340331249264
93,110,-0.946062358570853
93,116,-1.27793984885491
94,96,1.65502480859864
94,97,1.6160502674117
94,100,2.06029195942251
94,105,1.06954316209415
94,106,2.01810750242167
94,108,1.97555809888466
94,112,2.50553059188361
94,113,2.78314210140377
94,115,1.29086332250434
94,120,1.00753582850967
94,121,2.25893441725319
95,96,-0.809969955072273
95,98,-1.02575775565347
95,101,-1.55395857923723
95,102,-2.13717411632161
95,108,-0.489436664786252
95,113,0.318147337732855
95,118,-0.987150684166664
95,121,-0.206060346417726
96,98,-0.215787800581198
96,101,-0.743988624164956
96,103,0.527053481935204
96,105,-0.585481646504498
96,106,0.363082693823023
96,110,0.0418593074172875
96,123,0.316815714415586
97,99,-0.876746926621138
97,100,0.444241692010813
97,101,-0.705014082978013
97,106,0.402057235009965
97,108,0.359507831472963
97,110,0.08083384860423
97,114,0.0412493838286839
97,119,2.24121361916362
97,121,0.642884149841489
98,99,-0.699933667226882
98,101,-0.528200823583758
98,103,0.742841282516402
98,104,-0.605148769581324
98,105,-0.369693845923299
98,107,0.415758237918908
98,111,1.17518672165462
98,116,-0.0742303822855741
98,122,0.908521493643709
99,103,1.44277494974328
99,107,1.11569190514579
99,108,1.2362547580941
99,109,-1.07525048139434
99,110,0.957580775225368
99,111,1.8751203888815
99,112,1.76622725109305
99,113,2.04383876061321
99,121,1.51963107646263
100,103,0.121786331111333
100,105,-0.990748797328368
100,107,-0.205296713486161
100,110,-0.363407843406583
100,111,0.554131770249547
101,103,1.27104210610016
101,105,0.158506977660458
101,108,1.06452191445098
101,111,1.70338754523837
101,114,0.746263466806697
101,119,2.94622770214163
102,105,0.741722514744835
102,108,1.64773745153535
102,109,-0.663767787953087
102,112,2.1777099445343
102,113,2.45532145405446
102,114,1.32947900389107
102,117,1.74453123407537
103,105,-1.1125351284397
103,106,-0.163970788112181
103,107,-0.327083044597494
103,108,-0.206520191649183
103,109,-2.51802543113762
103,116,-0.817071664801976
103,121,0.076856126719343
103,122,0.165680211127307
104,105,0.235454923658025
104,108,1.14146986044854
104,110,0.86279587757981
104,112,1.67144235344749
104,114,0.823211412804263
104,125,2.1233501953944
105,110,0.627340953921785
105,111,1.54488056757791
105,114,0.587756489146239
105,116,0.295463463637725
105,119,2.78772072448117
105,120,-0.0620073335844709
105,122,1.27821533956701
106,107,-0.163112256485313
106,110,-0.321223386405735
106,116,-0.653100876689795
106,119,1.83915638415365
106,120,-1.01057167391199
106,122,0.329650999239488
107,110,-0.158111129920422
107,111,0.759428483735707
107,112,0.650535345947256
107,116,-0.489988620204482
107,117,0.217356635488331
108,109,-2.31150523948844
108,110,-0.278673982868733
108,111,0.638865630787397
108,114,-0.318258447644279
108,115,-0.684694776380323
108,118,-0.497714019380412
108,119,1.88170578769065
108,120,-0.968022270374989
109,110,2.03283125661971
109,112,2.84147773248739
109,113,3.11908924200755
109,117,2.40829902202846
109,119,4.19321102717909
109,120,1.34348296911345
110,112,0.808646475867678
110,116,-0.33187749028406
110,117,0.375467765408753
110,119,2.16037977055939
110,120,-0.689348287506256
111,113,0.168718371731711
111,115,-1.32356040716772
111,116,-1.24941710394019
111,117,-0.542071848247377
111,120,-1.60688790116239
111,121,-0.35548931241887
111,123,-0.642583206657831
111,125,0.343014704158462
112,113,0.277611509520162
112,114,-0.848230940643224
112,117,-0.433178710458925
112,124,-2.26935450741596
113,116,-1.4181354756719
113,120,-1.7756062728941
113,122,-0.435383599742617
113,124,-2.54696601693612
114,115,-0.366436328736044
114,118,-0.179455571736133
114,120,-0.64976382273071
114,124,-1.42112356677273
114,125,1.30013878259014
115,118,0.186980756999912
115,119,2.56640056407098
116,118,0.112837453772381
116,123,0.606833897282358
117,119,1.78491200515063
117,125,0.885086552405839
118,122,0.869914422156902
119,122,-1.50950538491416
119,125,-0.899825452744795
120,122,1.34022267315148
120,125,1.94990260532085
121,125,0.698504016577333
123,124,-1.73566443854658
