node1,node2,flow
1,3,0.0658341009240526
1,6,0.0248548844432141
1,7,-0.647353439053791
1,12,0.154647155821092
1,13,0.42916604405164
1,18,0.745339150340494
1,21,0.175495811212859
1,22,-0.972007401059669
1,30,0.368839432467509
1,47,0.151488338519572
1,52,1.09841808334225
1,58,-0.581755475990532
1,62,0.247588327746342
1,65,-0.376816721958907
1,69,-0.237246115257176
1,74,0.360516063867729
1,76,1.37174776162344
1,99,0.104565692863141
1,105,0.871382246352412
1,110,1.02297658992831
1,114,-0.426194703509147
1,118,0.595379604969979
1,119,0.51313499570133
1,123,-0.663047662646213
2,4,0.709863835924503
2,5,0.971344145632981
2,7,-0.369762938307787
2,8,0.795013377588625
2,13,0.706756544797643
2,24,-0.462983684638752
2,31,0.137241276929984
2,44,0.669597225070407
2,48,0.438241362712193
2,49,1.2017464765403
2,67,0.0407248065789249
2,76,1.64933826236944
2,82,0.329339125502165
2,83,-0.500526504550725
2,86,0.762915000637776
2,89,0.690217618251166
2,90,0.160823375671213
2,92,-0.0227834550060144
2,94,0.380382361229222
2,100,0.740720275903141
2,101,1.04019302430015
2,103,1.17759356336283
2,105,1.14897274709842
2,115,-0.179631145858868
2,116,-0.29482776014868
3,5,0.627919543962924
3,6,-0.0409792164808385
3,16,-0.0951626843732952
3,29,0.519275757911389
3,31,-0.206183324740072
3,33,-0.610140525939096
3,36,-0.264844623388278
3,39,1.71614441659827
3,45,-0.494386206125647
3,52,1.03258398241819
3,59,0.346995419184029
3,63,-0.396489281067213
3,66,0.74378023757308
3,67,-0.302699795091132
3,68,-0.103280621660857
3,77,0.145213244946448
3,80,0.106954240660054
3,82,-0.0140854761678915
3,84,-0.476315111839354
3,85,0.272681425616761
3,88,-0.0526624370345479
3,89,0.34679301658111
3,96,1.20313886011329
3,105,0.80554814542836
3,111,1.09753962552796
3,117,0.0436532506084647
3,119,0.447300894777277
3,120,1.11036468025389
3,121,0.203600034128894
3,124,0.562886885993079
4,11,-1.17157766792134
4,12,-0.277626179357407
4,13,-0.0031072911268594
4,17,-0.498223831882076
4,21,-0.25677752396564
4,23,0.151619208007207
4,28,-0.0547834129495835
4,29,0.152836523656943
4,32,0.917823099276015
4,35,-0.327337629927265
4,39,1.34970518234382
4,41,0.220839974812476
4,42,-0.25806489869859
4,48,-0.271622473212309
4,55,-0.694791910243871
4,58,-1.01402881116903
4,76,0.939474426444937
4,94,-0.329481474695281
4,97,0.889001653590305
4,104,-0.185168985703163
4,105,0.439108911173914
4,111,0.731100391273511
4,114,-0.858468038687646
4,116,-1.00469159607318
4,122,-0.903530041193739
4,124,0.196447651738633
5,9,0.203041882200425
5,10,0.0578910915771508
5,13,-0.264587600835337
5,15,-0.233667132062054
5,17,-0.759704141590554
5,18,0.0515855054535173
5,21,-0.518257833674118
5,22,-1.66576104594665
5,23,-0.109861101701271
5,26,-0.124050231307909
5,46,0.515071140694445
5,47,-0.542265306367405
5,61,1.10527680979492
5,67,-0.930619339054056
5,72,-0.738150870347424
5,75,-0.953879279772732
5,81,-0.650079135015698
5,94,-0.590961784403759
5,98,-0.962617175795794
5,107,0.509212893076192
5,109,0.17170993984149
5,111,0.469620081565033
5,117,-0.58426629335446
5,119,-0.180618649185647
5,120,0.482445136290963
5,122,-1.16501035090222
5,123,-1.35680130753319
6,7,-0.672208323497005
6,8,0.492567992399407
6,9,0.871940642644187
6,15,0.435231628381709
6,19,0.143630527673038
6,34,-0.484535212489707
6,39,1.75712363307911
6,55,-0.287373459508586
6,63,-0.355510064586375
6,68,-0.0623014051800186
6,69,-0.26210099970039
6,70,-0.568132652525269
6,76,1.34689287718022
6,80,0.147933457140893
6,82,0.0268937403129469
6,85,0.313660642097599
6,87,0.590009004963153
6,92,-0.325228840195232
6,93,0.737397340814394
6,96,1.24411807659413
6,97,1.29642010432559
6,100,0.438274890713923
6,106,-0.595580234579282
6,107,1.17811165351995
6,116,-0.597273145337898
6,117,0.0846324670893032
6,118,0.570524720526765
6,121,0.244579250609733
6,124,0.603866102473918
7,9,1.54414896614119
7,11,-0.0919508936890473
7,15,1.10743995187871
7,21,0.82284925026665
7,24,-0.0932207463309654
7,39,2.42933195657611
7,40,1.59397025002409
7,42,0.8215618755337
7,55,0.384834863988419
7,57,1.83284631426788
7,58,0.0655979630632586
7,61,2.44638389373569
7,64,0.972720040326304
7,76,2.01910120067723
7,77,0.858400784924292
7,95,1.23155233974503
7,100,1.11048321421093
7,104,0.894457788529127
7,105,1.5187356854062
7,116,0.0749351781591075
7,117,0.756840790586308
7,120,1.82355222023173
7,121,0.916787574106738
8,9,0.379372650244781
8,12,-0.362775721021528
8,16,-0.546751460291863
8,17,-0.583373373546197
8,20,0.216132769242829
8,21,-0.341927065629761
8,23,0.0664696663430852
8,28,-0.139932954613705
8,29,0.0676869819928208
8,38,-0.556863003486569
8,49,0.406733098951672
8,66,0.292191461654512
8,68,-0.554869397579425
8,84,-0.927903887757923
8,91,-0.98990265564192
8,94,-0.414631016359403
8,96,0.751550084194724
8,97,0.803852111926183
8,101,0.245179646711529
8,108,-0.0973087237810047
8,109,0.348040707885846
8,123,-1.18047053948883
9,10,-0.145150790623274
9,12,-0.74214837126631
9,15,-0.436709014262478
9,16,-0.926124110536644
9,19,-0.72831011497115
9,20,-0.163239881001952
9,23,-0.312902983901696
9,40,0.0498212838828998
9,41,-0.243682217096426
9,44,-0.504788802762999
9,48,-0.736144665121212
9,59,-0.48396600697932
9,64,-0.571428925814888
9,65,-1.27361224904631
9,85,-0.558280000546588
9,89,-0.484168409582239
9,99,-0.792229834224261
9,101,-0.134193003533252
9,109,-0.031331942358935
9,119,-0.383660531386072
9,121,-0.627361392034455
9,122,-1.36805223310264
9,123,-1.55984318973361
9,124,-0.26807454017027
10,13,-0.322478692412488
10,14,-1.24224721836533
10,16,-0.78097331991337
10,19,-0.583159324347876
10,21,-0.576148925251268
10,22,-1.7236521375238
10,25,-0.709867570043046
10,26,-0.18194132288506
10,27,-0.911898080715543
10,29,-0.166534877628686
10,30,-0.382805303996619
10,43,-0.723273298763737
10,55,-1.0141633115295
10,63,-1.08229991660729
10,74,-0.391128672596399
10,79,0.126576493155825
10,83,-1.52976174176086
10,84,-1.16212574737943
10,85,-0.413129209923314
10,94,-0.64885287598091
10,104,-0.504540386988792
10,107,0.451321801499041
10,113,-0.591409380275976
10,124,-0.122923749546996
11,12,0.89395148856393
11,17,0.673353836039261
11,18,1.48464348308333
11,19,0.90778974485909
11,22,-0.23270306831683
11,23,1.32319687592854
11,24,-0.0012698526419181
11,26,1.30900774632191
11,29,1.32441419157828
11,41,1.39241764273381
11,48,0.899955194709028
11,51,-0.0784783851478259
11,53,2.12097384293802
11,64,1.06467093401535
11,67,0.502438638575759
11,84,0.328823321827536
11,86,1.22462883263461
11,95,1.32350323343408
11,99,0.843870025605979
11,108,1.15941848580445
11,120,1.91550311392078
12,14,-0.645249637722299
12,17,-0.220597652524669
12,18,0.590691994519402
12,22,-1.12665455688076
12,24,-0.895221341205848
12,28,0.222842766407823
12,29,0.430462703014349
12,37,-0.379476704662401
12,42,0.0195612806588166
12,50,-0.53223150212752
12,57,1.030845719393
12,59,0.25818236428699
12,74,0.205868908046637
12,80,0.0181411857630147
12,83,-0.932764161117821
12,103,0.74535590679573
12,108,0.265466997240524
12,122,-0.625903861836332
13,14,-0.919768525952846
13,17,-0.495116540755216
13,18,0.316173106288855
13,20,0.30438960203381
13,31,-0.569515267867659
13,38,-0.468606170695588
13,39,1.35281247347068
13,45,-0.857718149253234
13,67,-0.666031738218718
13,68,-0.466612564788444
13,75,-0.689291678937395
13,76,0.942581717571796
13,87,0.185697845354728
13,89,-0.0165389265464771
13,91,-0.901645822850939
13,96,0.839806916985706
13,100,0.0339637311054972
13,103,0.470837018565183
13,112,0.404366114048588
13,114,-0.855360747560786
13,115,-0.886387690656511
13,117,-0.319678692519122
13,118,0.16621356091834
14,17,0.42465198519763
14,24,-0.24997170348355
14,27,0.330349137649791
14,32,1.84069891635572
14,40,1.43721929287151
14,46,1.69942726748263
14,49,1.4147584576955
14,57,1.67609535711529
14,62,0.738190809647549
14,69,0.253356366644031
14,87,1.10546637130757
14,93,1.25285470715881
14,96,1.75957544293855
14,99,0.595168174764347
14,102,-0.42695825800344
14,103,1.39060554451803
14,111,1.65397620835322
14,124,1.11932346881834
15,16,-0.489415096274166
15,17,-0.5260370095285
15,18,0.285252637515571
15,22,-1.43209391388459
15,23,0.123806030360782
15,24,-1.20066069820968
15,25,-0.418309346403842
15,28,-0.0825965905960081
15,37,-0.684916061666232
15,48,-0.299435650858734
15,53,0.921582997370263
15,67,-0.696952206992003
15,72,-0.504483738285371
15,75,-0.720212147710679
15,82,-0.408337888068762
15,84,-0.870567523740225
15,108,-0.0399723597633075
15,111,0.703287213627087
15,113,-0.299851156636772
15,118,0.135293092145056
15,119,0.0530484828764062
15,121,-0.190652377771977
15,125,0.512990513746296
16,19,0.197813995565495
16,23,0.613221126634949
16,25,0.0711057498703242
16,28,0.406818505678158
16,33,-0.514977841565801
16,38,-0.0101115431947061
16,43,0.0577000211496334
16,47,0.180816921968814
16,54,-0.534183438189906
16,57,1.21482145866333
16,59,0.442158103557325
16,60,0.789872021263657
16,70,-0.513949184632813
16,76,1.40107634507268
16,87,0.64419247285561
16,90,-0.087438541625548
16,95,0.613527484140485
16,99,0.133894276312383
16,104,0.276432932924579
16,105,0.900710829801655
16,106,-0.541396766686825
16,112,0.86286074154947
16,114,-0.396866120059904
16,115,-0.427893063155629
16,125,1.00240561002046
17,20,0.799506142789027
17,23,0.649843039889283
17,27,-0.0943028475478387
17,30,0.434789929171085
17,34,-0.393729831342916
17,35,0.170886201954811
17,38,0.026510370059628
17,44,0.45795722102798
17,57,1.25144337191766
17,69,-0.171295618553599
17,73,1.20865649763203
17,83,-0.712166508593152
17,89,0.478577614208739
17,97,1.38722548547238
17,106,-0.504774853432491
17,109,0.931414081432043
17,112,0.899482654803804
17,125,1.0390275232748
18,20,-0.0117835042550446
18,21,-0.569843339127635
18,23,-0.161446607154788
18,25,-0.703561983919413
18,26,-0.175635736761427
18,27,-0.90559249459191
18,28,-0.367849228111579
18,29,-0.160229291505053
18,41,-0.092225840349519
18,52,0.353078933001752
18,63,-1.07599433048366
18,69,-0.98258526559767
18,72,-0.789736375800942
18,73,0.397366850587959
18,83,-1.52345615563722
18,98,-1.01420268124931
18,107,0.457627387622674
18,117,-0.635851798807977
19,20,0.565070233969198
19,23,0.415407131069454
19,26,0.401218001462816
19,28,0.209004510112664
19,29,0.41662444671919
19,45,-0.597037517317846
19,46,1.04033937346517
19,54,-0.7319974337554
19,55,-0.431003987181624
19,57,1.01700746309784
19,63,-0.499140592259413
19,68,-0.205931932853056
19,70,-0.711763180198307
19,73,0.974220588812201
19,74,0.192030651751477
19,80,0.004302929467855
19,84,-0.578966423031554
19,87,0.446378477290115
19,90,-0.285252537191043
19,94,-0.0656935516330339
19,116,-0.740903673010935
20,22,-1.70556304714512
20,27,-0.893808990336865
20,29,-0.148445787250008
20,30,-0.364716213617941
20,39,1.04842287143687
20,48,-0.57290478411926
20,53,0.648113864109737
20,54,-1.2970676677246
20,55,-0.996074221150822
20,66,0.076058692411683
20,70,-1.27683341416751
20,74,-0.373039582217721
20,100,-0.270425870928313
20,117,-0.624068294552933
20,118,-0.13817604111547
20,119,-0.22042065038412
20,123,-1.39660330873166
21,23,0.408396731972846
21,28,0.201994111016056
21,29,0.409614047622582
21,32,1.17460062324165
21,47,-0.0240074726932877
21,56,0.716060445826229
21,58,-0.757251287203392
21,59,0.237333708895223
21,60,0.585047626601555
21,62,0.0720925165334829
21,63,-0.50615099135602
21,80,-0.0027074696287525
21,89,0.237131306292303
21,97,1.14577917755594
21,98,-0.444359342121676
21,114,-0.601690514722006
21,115,-0.632717457817731
21,116,-0.747914072107543
21,118,0.41988379375712
21,124,0.453225175704273
22,27,0.811754056808253
22,28,1.34949732328858
22,30,1.34084683352718
22,32,2.32210383551418
22,35,1.0769431063109
22,37,0.74717785221836
22,41,1.62512071105064
22,44,1.36401412538407
22,48,1.13265826302586
22,52,2.07042548440191
22,68,0.934560880322864
22,73,2.11471340198812
22,79,1.85022863067962
22,80,1.14479574264378
22,83,0.19389039576294
22,85,1.31052292760048
22,93,1.73425962631728
22,96,2.24098036209701
22,97,2.29328238982847
22,117,1.08149475259219
22,118,1.56738700602965
23,25,-0.542115376764624
23,27,-0.744145887437121
23,28,-0.206402620956791
23,29,0.0012173156497355
23,30,-0.215053110718197
23,31,-0.724241767001726
23,33,-1.12819896820075
23,34,-1.0435728712322
23,35,-0.478956837934472
23,41,0.0692207668052694
23,49,0.340263432608586
23,58,-1.16564801917624
23,68,-0.62133906392251
23,73,0.558813457742747
23,74,-0.223376479317977
23,78,0.333991251817996
23,95,0.0003063575055366
23,100,-0.120762768028569
23,121,-0.314458408132759
23,124,0.0448284437314261
24,27,0.580320841133341
24,33,0.196267760369713
24,35,0.84550989063599
24,40,1.68719099635506
24,45,0.312022080183162
24,54,0.177062163745608
24,55,0.478055610319384
24,59,1.15340370549284
24,71,1.21182978717343
24,76,2.11232194700819
24,81,0.784248695256036
24,84,0.330093174469454
24,85,1.07908971192557
24,92,0.440200229632738
24,93,1.50282641064236
24,94,0.843366045867974
24,96,2.0095471464221
24,99,0.845139878247897
24,110,1.76355077531307
24,114,0.31437948187561
24,125,1.71365121195598
25,26,0.527926247157986
25,28,0.335712755807834
25,33,-0.586083591436125
25,35,0.0631585388301523
25,36,-0.240787688885307
25,37,-0.26660671526239
25,54,-0.60528918806023
25,62,0.205811161325261
25,69,-0.279023281678257
25,71,0.42947843536759
25,73,1.10092883450737
25,75,-0.301902801306837
25,79,0.836444063198871
25,88,-0.0286055025315769
25,93,0.720475058836526
25,100,0.421352608736055
25,101,0.720825357133068
25,106,-0.61250251655715
25,109,0.823686418307385
25,117,0.0677101851114357
25,122,-0.513033872436322
25,124,0.586943820496051
26,30,-0.200863981111559
26,33,-1.11400983859411
26,36,-0.768713936043293
26,37,-0.794532962420377
26,50,-0.947287759885495
26,65,-0.946520135537975
26,69,-0.806949528836243
26,76,0.802044348044368
26,77,-0.358656067708567
26,91,-1.04218319237837
26,109,0.295760171149399
26,110,0.453273176349242
26,112,0.26382874452116
26,117,-0.46021606204655
26,121,-0.300269278526121
27,29,0.745363203086857
27,32,1.51034977870593
27,33,-0.384053080763628
27,36,-0.03875717821281
27,37,-0.0645762045898934
27,40,1.10687015522172
27,44,0.552260068575818
27,47,0.311741682770987
27,50,-0.217331002055012
27,57,1.3457462194655
27,73,1.30295934517987
27,82,0.212001969007577
27,85,0.498768870792229
27,93,0.922505569509024
27,97,1.48152833302022
27,105,1.03163559060383
27,108,0.580367497313031
27,112,0.993785502351643
27,115,-0.296968302353456
27,119,0.673388339952745
28,31,-0.517839146044935
28,33,-0.921796347243959
28,34,-0.837170250275408
28,35,-0.272554216977682
28,39,1.4044885952934
28,44,0.0145168020954876
28,48,-0.216839060262726
28,55,-0.640008497294288
28,60,0.383053515585499
28,67,-0.614355616395994
28,68,-0.41493644296572
28,76,0.994257839394521
28,92,-0.677863877980934
28,93,0.384762303028693
28,105,0.493892324123497
28,108,0.0426242308327006
28,110,0.645486667699395
28,116,-0.949908183123599
28,118,0.217889682741064
28,119,0.135645073472414
28,124,0.251231064688217
28,125,0.595587104342304
29,30,-0.216270426367933
29,32,0.764986575619072
29,34,-1.04479018688193
29,37,-0.80993940767675
29,38,-0.62454998547939
29,40,0.36150695213486
29,45,-1.01366196403704
29,62,-0.337521531089099
29,65,-0.961926580794349
29,83,-1.36322686413217
29,86,-0.0997853589436693
29,105,0.286272387516971
29,118,0.0102697461345378
29,125,0.387967167735778
30,36,-0.567849954931734
30,38,-0.408279559111458
30,54,-0.932351454106657
30,57,0.816653442746579
30,60,0.391704005346906
30,62,-0.121251104721166
30,70,-0.912117200549564
30,78,0.549044362536193
30,81,-0.32516492259623
30,91,-0.841319211266808
30,101,0.393763091086641
30,116,-0.941257693362192
30,118,0.226540172502471
30,124,0.259881554449623
31,32,1.49044565827053
31,33,-0.403957201199024
31,35,0.245284929067254
31,36,-0.0586612986482056
31,37,-0.084480325025289
31,38,0.100909097172071
31,40,1.08696603478632
31,43,0.168720661516411
31,45,-0.288202881385574
31,51,-0.677433494074644
31,60,0.900892661630434
31,71,0.611604825604691
31,85,0.478864750356833
31,101,0.90295174737017
31,102,-0.777211516088627
31,120,1.31654800499396
32,33,-1.89440285946956
32,34,-1.80977676250101
32,38,-1.38953656109846
32,39,0.431882083067806
32,43,-1.32172499675412
32,44,-0.958089710130111
32,48,-1.18944557248832
32,53,0.0315730757406731
32,59,-0.937266914346432
32,67,-1.58696212862159
32,69,-1.58734254971169
32,80,-1.17730809287041
32,84,-1.76057744536982
32,96,-0.0811234734171686
32,100,-0.886966659297377
32,119,-0.836961438753184
32,123,-2.01314409710073
33,34,0.0846260969685513
33,35,0.649242130266278
33,37,0.319476876173735
33,39,2.32628494253736
33,43,0.572677862715435
33,67,0.307440730847965
33,69,0.307060309757868
33,74,0.904822488882773
33,79,1.422527654635
33,82,0.596055049771205
33,89,0.956933542520206
33,92,0.243932469263025
33,95,1.12850532570629
33,104,0.79141077449038
33,110,1.56728301494335
33,121,0.813740560067991
34,37,0.234850779205184
34,39,2.24165884556881
34,40,1.40629713901679
34,44,0.851687052370895
34,45,0.0311282228448984
34,50,0.0820959817400648
34,51,-0.358102389844172
34,59,0.872509848154574
34,70,-0.0835974400355629
34,77,0.670727673916993
34,85,0.798195854587306
34,94,0.56247218852971
34,95,1.04387922873773
34,102,-0.457880411858154
34,103,1.35968339066331
34,114,0.0334856245373459
34,115,0.0024586814416209
34,120,1.63587910922443
34,121,0.729114463099439
35,36,-0.303946227715459
35,37,-0.329765254092543
35,38,-0.144375831895183
35,43,-0.0765642675508431
35,44,0.287071019073169
35,45,-0.533487810452828
35,50,-0.482520051557662
35,55,-0.367454280316606
35,61,1.69409474943067
35,63,-0.435590885394395
35,68,-0.142382225988038
35,87,0.509928184155133
35,100,0.358194069905903
35,103,0.795067357365588
35,109,0.760527879477233
35,110,0.918040884677076
35,125,0.868141321319985
36,38,0.159570395820277
36,42,0.373218958944134
36,43,0.227381960164616
36,45,-0.229541582737369
36,47,0.350498860983797
36,48,0.359661384430415
36,59,0.611840042572308
36,64,0.524377123736739
36,71,0.670266124252897
36,75,-0.06111511242153
36,86,0.684335022355998
36,87,0.813874411870593
36,88,0.21218218635373
36,104,0.446114871939562
36,109,1.06447410719269
36,115,-0.258211124140646
36,125,1.17208754903544
37,41,0.877942858832284
37,43,0.2532009865417
37,44,0.616836273165712
37,47,0.376317887360881
37,53,1.6064990590365
37,58,-0.356925927149223
37,59,0.637659068949391
37,62,0.472417876587651
37,66,1.03444388733844
37,84,-0.185651462073993
37,91,-0.247650229957991
37,93,0.987081774098917
37,104,0.471933898316645
37,109,1.09029313356978
37,111,1.38820327529332
37,112,1.05836170694154
37,122,-0.246427157173931
38,41,0.692553436634924
38,42,0.213648563123858
38,44,0.431446850968352
38,45,-0.389111978557645
38,46,1.24826491222537
38,50,-0.338144219662479
38,53,1.42110963683914
38,58,-0.542315349346584
38,65,-0.337376595314958
38,68,0.0019936059071442
38,75,-0.220685508241807
38,97,1.36071511541275
38,98,-0.229423404264868
38,103,0.939443189260771
38,107,1.24240666460712
38,109,0.904903711372415
38,115,-0.417781519960923
38,117,0.148927478176466
38,118,0.634819731613928
38,123,-0.623607536002264
39,41,-1.12886520753134
39,46,-0.573153731940897
39,56,-0.890422260483231
39,68,-1.81942503825912
39,79,-0.903757287902367
39,81,-1.73830400765104
39,83,-2.56009552281905
39,88,-1.76880685363282
39,95,-1.19777961683108
39,107,-0.579011979559151
39,110,-0.75900192759401
39,113,-1.62174316133417
39,114,-2.20817322103147
39,115,-2.23920016412719
39,120,-0.605779736344379
40,43,-0.918245373269911
40,44,-0.554610086645898
40,50,-1.32420115727673
40,54,-1.51012883260945
40,60,-0.186073373155887
40,62,-0.699028483223959
40,69,-1.18386292622748
40,77,-0.7355694650998
40,100,-0.483487035813165
40,101,-0.184014287416151
40,105,-0.0752345646178889
40,111,0.216756915481709
40,119,-0.433481815268972
40,122,-1.41787351698554
41,44,-0.261106585666572
41,45,-1.08166541519257
41,47,-0.501624971471404
41,50,-1.0306976562974
41,51,-1.47089602788164
41,52,0.445304773351271
41,58,-1.23486878598151
41,65,-1.02993003194988
41,74,-0.292597246123247
41,83,-1.4312303152877
41,85,-0.314597783450162
41,89,-0.240486192485813
41,92,-0.953487265742994
41,95,-0.0689144092997327
41,98,-0.921976840899792
41,99,-0.548547617127835
41,102,-1.57067404989562
41,118,-0.057733705020996
41,122,-1.12437001600622
41,124,-0.0243923230738433
41,125,0.319963716580244
42,44,0.217798287844494
42,46,1.03461634910151
42,49,0.749947539314383
42,50,-0.551792782786336
42,51,-0.991991154370573
42,52,0.924209646862337
42,53,1.20746107371528
42,54,-0.737720458119057
42,55,-0.436727011545281
42,65,-0.551025158438816
42,74,0.18630762738782
42,82,-0.122459811723748
42,83,-0.952325441776637
42,85,0.164307090060905
42,89,0.238418681025254
42,90,-0.290975561554699
42,91,-0.646688215279208
42,92,-0.474582392231927
42,95,0.409990464211334
42,112,0.659323721620319
42,116,-0.746626697374592
43,44,0.363635286624012
43,45,-0.456923542901985
43,46,1.18045334788103
43,47,0.123116900819181
43,53,1.3532980724948
43,56,0.863184819338698
43,66,0.781242900796742
43,76,1.34337632392305
43,93,0.733880787557217
43,99,0.07619425516275
43,100,0.434758337456746
43,108,0.391742715361225
43,115,-0.485593084305262
43,119,0.484763558000939
43,121,0.241062697352556
44,46,0.816818061257019
44,47,-0.240518385804831
44,51,-1.20978944221507
44,55,-0.654525299389775
44,66,0.41760761417273
44,75,-0.652132359210158
44,76,0.979741037299033
44,77,-0.180959378453902
44,89,0.0206203931807594
44,97,0.929268264444401
44,107,0.810959813638766
44,112,0.441525433775825
44,117,-0.282519372791886
44,118,0.203372880645576
45,46,1.63737689078302
45,47,0.580040443721166
45,50,0.0509677588951664
45,58,-0.153203370788938
45,59,0.841381625309676
45,60,1.18909554301601
45,63,0.0978969250584334
45,74,0.789068169069323
45,76,1.80029986682503
45,101,1.19115462875574
45,111,1.5919258316536
46,47,-1.05733644706185
46,57,-0.0233319103673342
46,58,-1.79058026157195
46,59,-0.79599526547334
46,60,-0.448281347767008
46,66,-0.39921044708429
46,67,-1.4456904797485
46,71,-0.737569183792751
46,75,-1.46895042046718
46,80,-1.03603644399732
46,83,-1.98694179087815
46,86,-0.72350028568965
46,99,-1.10425909271828
46,102,-2.12638552548607
46,103,-0.3088217229646
46,116,-1.78124304647611
46,120,-0.032626004403482
46,123,-1.87187244822763
46,125,-0.235747759010203
47,53,1.23018117167562
47,59,0.26134118158851
47,60,0.609055099294843
47,62,0.0960999892267707
47,65,-0.528305060478479
47,68,-0.188934859256376
47,77,0.0595590073509292
47,82,-0.0997397137634106
47,92,-0.45186229427159
47,96,1.11748462251777
47,100,0.311641436637565
47,108,0.268625814542044
47,113,0.0087470176685802
47,116,-0.723906599414255
47,119,0.361646657181758
47,120,1.02471044265837
48,51,-0.978433579856854
48,52,0.937767221376056
48,54,-0.724162883605338
48,59,0.252178658141892
48,74,0.199865201901539
48,75,-0.420776496851945
48,83,-0.938767867262918
48,89,0.251976255538973
48,90,-0.27741798704098
48,91,-0.633130640765489
48,101,0.60195166158796
48,102,-1.07821160187084
48,105,0.710731384386223
48,107,1.04231567599698
48,108,0.259463291095426
49,51,-1.74193869368496
49,52,0.174262107547954
49,56,-0.0325997187552035
49,57,0.261336899419796
49,62,-0.67656764804795
49,65,-1.3009726977532
49,76,0.447591785829144
49,80,-0.751367634210185
49,89,-0.51152885828913
49,97,0.397119012974512
49,100,-0.461026200637156
49,105,-0.0527737294418798
49,106,-1.49488132593036
49,111,0.239217750657718
49,116,-1.49657423668898
49,120,0.252042805383648
50,52,1.47600242964867
50,55,0.115065771241055
50,56,1.26914060334552
50,60,1.13812778412084
50,62,0.62517267405277
50,73,1.52029034723488
50,86,0.8629088461982
50,88,0.390756010195932
50,90,0.260817221231637
50,95,0.96178324699767
50,103,1.27758740892325
50,113,0.53781970249458
50,114,-0.0486103572027189
51,54,0.254270696251516
51,55,0.555264142825292
51,58,0.236027241900132
51,60,1.57832615570508
51,61,2.61681317257256
51,62,1.06537104563701
51,63,0.487127537747503
51,70,0.274504949808609
51,74,1.17829878175839
51,97,2.13905770665947
51,99,0.922348410753805
51,101,1.58038524144481
51,102,-0.0997780220139824
51,104,1.064887067366
51,122,0.346526011875424
51,125,1.79085974446188
52,56,-0.206861826303157
52,58,-1.68017355933278
52,62,-0.850829755595904
52,63,-1.42907326348541
52,74,-0.737902019474517
52,75,-1.358543718228
52,79,-0.220196853722294
52,82,-1.04666945858608
52,96,0.170554877695099
52,109,-0.232954498613779
52,110,-0.0754414934139358
53,57,-0.196176634981099
53,61,0.417360944486714
53,63,-1.71232469033835
53,66,-0.572055171698054
53,75,-1.64179514508094
53,77,-1.17062216432469
53,82,-1.32992088543903
53,84,-1.79215052111049
53,87,-0.76680562078882
53,100,-0.91853973503805
53,103,-0.481666447578365
53,105,-0.510287263842774
53,108,-0.961555357133571
53,109,-0.51620592546672
54,55,0.300993446573776
54,56,1.45506827867824
54,58,-0.0182434543513842
54,59,0.97634154174723
54,61,2.36254247632105
54,62,0.81110034938549
54,63,0.232856841495987
54,66,1.37312636013628
54,67,0.326646327472069
54,71,1.03476762342782
54,73,1.7062180225676
54,75,0.303386386753393
54,83,-0.21460498365758
54,85,0.902027548179961
54,96,1.83248498267649
54,102,-0.354048718265498
54,106,-0.0072133284969199
54,109,1.42897560636761
54,115,0.106290375034277
55,58,-0.31923690092516
55,63,-0.0681366050777884
55,64,0.587885176337886
55,67,0.0256528808982933
55,68,0.225072054328568
55,86,0.747843074957145
55,91,-0.209961203733927
55,98,-0.0063449558434446
55,118,0.857898180035352
56,57,0.293936618174999
56,60,-0.131012819224674
56,62,-0.643967929292746
56,64,-0.566189655766575
56,67,-1.12842195120617
56,69,-1.12880237229626
56,71,-0.420300655250417
56,72,-0.935953482499536
56,73,0.251149743889364
56,80,-0.718767915454982
56,85,-0.553040730498275
56,88,-0.878384593149584
56,94,-0.788764396555871
56,105,-0.0201740106866763
56,109,-0.0260926723106222
56,110,0.131420332889221
56,115,-1.34877790364396
57,58,-1.76724835120462
57,63,-1.51614805535725
57,65,-1.562309597173
57,69,-1.42273899047126
57,70,-1.72877064329614
57,86,-0.700168375322316
57,93,-0.42324064995648
57,98,-1.45435640612291
57,104,-0.938388525738752
57,109,-0.320029290485622
57,111,-0.022119148762078
57,112,-0.351960717113861
57,117,-1.07600552368157
58,59,0.994584996098614
58,60,1.34229891380495
58,64,0.907122077263046
58,67,0.344889781823453
58,71,1.0530110777792
58,75,0.321629841104777
58,95,1.16595437668177
58,105,1.45313772234294
58,115,0.124533829385661
58,120,1.75795425716847
59,62,-0.16524119236174
59,65,-0.789646242066989
59,68,-0.450276040844886
59,71,0.0584260816805893
59,72,-0.457226745568529
59,75,-0.672955154993837
59,79,0.46539170951187
59,84,-0.823310531023384
59,86,0.0724949797836903
59,106,-0.98355487024415
59,108,0.007284632953534
59,123,-1.07587718275429
60,62,-0.512955110068072
60,63,-1.09119861795758
60,64,-0.435176836541901
60,69,-0.99778955307159
60,73,0.382162563114039
60,81,-0.716868927943135
60,89,-0.347916320309252
60,92,-1.06091739356643
60,95,-0.176344537123172
60,99,-0.655977744951274
60,100,-0.297413662657278
60,109,0.104920146914052
60,117,-0.651056086281897
60,119,-0.247408442113085
60,124,-0.131822450897282
61,65,-2.17584717664081
61,66,-0.989416116184768
61,68,-1.8364769754187
61,69,-2.03627656993908
61,71,-1.32777485289323
61,90,-1.91579757975669
61,91,-2.2715102334812
61,93,-1.03677822942429
61,101,-1.03642793112775
61,104,-1.55192610520656
61,108,-1.37891630162028
61,117,-1.68954310314938
61,122,-2.27028716069714
62,63,-0.578243507889503
62,64,0.0777782735261712
62,65,-0.624405049705249
62,71,0.223667274042329
62,72,-0.29198555320679
62,74,0.112927736121386
62,77,-0.0365409818758415
62,91,-0.720068106545642
62,94,-0.144796467263124
62,122,-0.718845033761583
63,64,0.656021781415674
63,66,1.14026951864029
63,69,0.0934090648859849
63,70,-0.212622587938895
63,71,0.801910781931832
63,72,0.286257954682713
63,78,1.24853897514686
63,80,0.503443521727268
63,83,-0.447461825153568
63,84,-0.0798258307721412
63,87,0.945519069549528
63,89,0.743282297648323
63,105,1.20203742649557
63,107,1.53362171810633
63,110,1.35363177007147
64,66,0.484247737224619
64,67,-0.562232295439593
64,68,-0.362813122009318
64,69,-0.562612716529689
64,70,-0.868644369354569
64,73,0.81733939965594
64,78,0.592517193731188
64,86,0.159957898619259
64,90,-0.442133726347304
64,99,-0.220800908409373
64,100,0.137763173884623
64,104,-0.0782622517971774
64,105,0.546015645079899
64,115,-0.782588247877385
64,119,0.187768394428816
64,125,0.647710425298706
65,71,0.848072323747578
65,77,0.587864067829408
65,79,1.25503795157886
65,88,0.389988385848412
65,98,0.10795319105009
65,107,1.57978325992208
65,115,-0.0804049246459645
65,118,0.972196326928886
65,122,-0.0944399840563333
65,124,1.00553770887604
66,67,-1.04648003266421
66,68,-0.847060859233937
66,70,-1.35289210657919
66,75,-1.06973997338289
66,76,0.562133423126303
66,77,-0.598566992626632
66,79,0.0686068911228196
66,80,-0.636825996913026
66,85,-0.471098811956319
66,91,-1.28209411729643
66,92,-1.10998829424915
66,94,-0.706822478013915
66,103,0.0903887241196893
66,110,0.213362251431177
66,118,-0.214234733527153
66,121,-0.540180203444186
67,71,0.70812129595575
67,74,0.597381758034808
67,76,1.60861345579051
67,81,0.280540204038358
67,83,-0.541251311129649
67,84,-0.173615316748223
67,92,-0.0635082615849394
67,95,0.821064594858322
67,97,1.55814068293588
67,112,1.07039785226731
68,69,-0.199799594520371
68,71,0.508702122525476
68,77,0.248493866607305
68,78,0.955330315740506
68,92,-0.262927435015214
68,93,0.799698745994412
68,96,1.30641948177415
68,100,0.500576295893941
68,121,0.306880655789751
68,122,-0.433810185278436
69,71,0.708501717045847
69,73,1.37995211618563
69,77,0.448293461127677
69,78,1.15512991026088
69,80,0.410034456841283
69,85,0.575761641797989
69,90,0.120478990182385
69,91,-0.235233663542124
69,93,0.999498340514784
69,102,-0.680314624647471
69,110,1.26022270518549
69,112,1.0707782733574
69,121,0.506680250310123
70,71,1.01453336987073
70,73,1.68598376901051
70,75,0.2831521331963
70,76,1.91502552970549
70,78,1.46116156308576
70,79,1.42149899770201
70,80,0.716066109666162
70,103,1.44328083069888
70,104,0.790382117557392
70,106,-0.0274475820540127
70,115,0.0860561214771839
71,72,-0.515652827249119
71,74,-0.110739537920943
71,75,-0.731381236674427
71,77,-0.26020825591817
71,82,-0.41950697703251
71,84,-0.881736612703973
71,101,0.291346921765479
71,111,0.692118124663339
71,114,-0.897450305297818
71,115,-0.928477248393543
71,119,0.0418793939126584
72,74,0.404913289328176
72,77,0.255444571330948
72,78,0.962281020464149
72,79,0.9226184550804
72,81,0.0880717353317266
72,83,-0.733719779836281
72,85,0.382912752001261
72,89,0.45702434296561
72,97,1.36567221422925
72,110,1.06737381538876
72,118,0.639776830430427
72,120,1.22059600663839
72,123,-0.618650437185765
73,75,-1.40283163581421
73,79,-0.264484771308501
73,81,-1.09903149105717
73,83,-1.92082300622518
73,85,-0.80419047438764
73,87,-0.527842111522086
73,92,-1.44307995668047
73,98,-1.41156953183727
73,102,-2.0602667408331
73,109,-0.277242416199987
73,111,0.020667725523557
73,115,-1.59992764753332
74,80,-0.187727722283622
74,84,-0.770997074783031
74,87,0.254347825538639
74,95,0.223682836823514
74,101,0.402086459686421
74,108,0.0595980891938873
74,112,0.473016094232499
74,118,0.234863541102251
74,119,0.152618931833601
74,122,-0.831772769882969
74,123,-1.02356372651394
75,86,0.745450134777528
75,92,-0.040248320866263
75,97,1.58140062365456
75,98,-0.0087378960230614
75,102,-0.657435105018891
75,106,-0.310599715250313
75,120,1.4363244160637
76,80,-1.19895942003933
76,81,-1.32807325175216
76,83,-2.14986476692016
76,85,-1.03323223508262
76,86,-0.886423261731664
76,88,-1.35857609773393
76,96,-0.102774800586091
76,100,-0.908617986466299
76,113,-1.21151240543528
76,116,-1.94416602251812
76,123,-2.03479542426965
77,82,-0.15929872111434
77,83,-0.989164351167229
77,84,-0.621528356785803
77,87,0.403816543535866
77,88,-0.197875681980996
77,90,-0.327814470945292
77,91,-0.6835271246698
77,94,-0.108255485387283
77,97,1.1102276428983
77,98,-0.479910876779318
77,116,-0.783465606765184
77,118,0.384332259099478
78,79,-0.0396625653837493
78,80,-0.745095453419595
78,81,-0.874209285132422
78,83,-1.69600080030043
78,85,-0.579368268462888
78,87,-0.303019905597334
78,88,-0.904712131114197
78,89,-0.505256677498539
78,90,-1.03465092007849
78,92,-1.21825775075572
78,101,-0.155281271449552
78,109,-0.0524202102752351
78,112,-0.084351636903474
78,122,-1.38914050101894
78,123,-1.58093145764991
78,125,0.0551932315675176
79,81,-0.834546719748673
79,83,-1.65633823491668
79,87,-0.263357340213585
79,88,-0.865049565730448
79,90,-0.994988354694743
79,96,0.390751731417393
79,101,-0.115618706065802
79,116,-1.45063949051464
79,117,-0.768733878087435
79,125,0.0948557969512668
80,82,-0.121039716827946
80,83,-0.950905346880835
80,89,0.239838775921056
80,91,-0.645268120383406
80,95,0.411410559107136
80,100,0.29034143357303
80,108,0.247325811477509
81,82,0.0080741148848818
81,85,0.294841016669534
81,86,0.441649990020493
81,90,-0.16044163494607
81,92,-0.344048465623298
81,93,0.718577715386329
81,97,1.27760047889752
81,101,0.718928013682871
81,104,0.203429839604057
81,107,1.15929202809189
81,109,0.821789074857187
81,111,1.11969921658073
82,84,-0.462229635671463
82,88,-0.0385769608666564
82,89,0.360878492749001
82,93,0.710503600501447
82,95,0.532450275935082
82,115,-0.508970271361033
82,117,0.0577387267763562
82,119,0.461386370945169
82,122,-0.523005330771401
83,87,1.3929808947031
83,91,0.305637226497429
83,92,0.47774304954471
83,95,1.36231590598797
83,96,2.04708996633407
83,103,1.67812006791355
83,109,1.64358059002519
83,116,0.205698744402045
84,86,0.895805510807074
84,89,0.823108128420464
84,91,-0.0619987678839977
84,93,1.17273323617291
84,94,0.51327287139852
84,95,0.994679911606544
84,96,1.67945397195265
84,106,-0.160244339220766
84,114,-0.0157136925938447
84,124,1.03920199783243
85,90,-0.455282651615604
85,92,-0.638889482292832
85,93,0.423736698716795
85,95,0.245683374150429
85,101,0.424086997013337
85,116,-0.910933787435497
86,87,0.129539389514595
86,88,-0.472152836002268
86,89,-0.0726973823866099
86,95,0.0988744007994703
86,96,0.783648461145573
86,97,0.835950488877032
86,99,-0.380758807028631
86,100,-0.0221947247346356
86,115,-0.942546146496644
87,91,-1.08734366820567
87,100,-0.151734114249231
87,104,-0.367759539931031
87,107,0.588102648556801
87,114,-1.04105859291551
87,116,-1.18728215030105
88,90,-0.129938788964295
88,92,-0.313545619641523
88,94,0.0896201965937133
88,96,1.25580129714784
88,97,1.3081033248793
88,100,0.449958111267632
88,101,0.749430859664645
88,115,-0.470393310494376
88,116,-0.585589924784188
88,119,0.499963331811825
88,122,-0.484428369904745
88,124,0.615549323027627
89,92,-0.713001073257181
89,95,0.17157178318608
89,96,0.856345843532183
89,97,0.908647871263642
89,100,0.0505026576519743
89,102,-1.33018785740981
89,118,0.182752487464817
90,92,-0.183606830677228
90,93,0.879019350332399
90,97,1.43804211384359
90,100,0.579896900231927
90,101,0.879369648628941
90,102,-0.800793614829856
90,103,1.01677018769161
90,104,0.363871474550127
90,106,-0.453958225061277
90,110,1.1397437150031
90,124,0.745488111991923
90,125,1.08984415164601
91,95,1.05667867949054
91,98,0.203616247890483
91,99,0.57704547166244
91,100,0.935609553956436
91,103,1.37248284141612
91,104,0.719584128274636
91,108,0.892593931860916
91,111,1.63585350525131
91,117,0.581967130331817
91,118,1.06785938376928
91,123,-0.190567883846913
91,125,1.44555680537052
92,93,1.06262618100963
92,97,1.62164894452082
92,98,0.0315104248432015
92,100,0.763503730909155
92,102,-0.617186784152628
92,104,0.547478305227354
92,108,0.720488108813634
92,114,-0.125820747757128
92,122,-0.170882750263222
93,96,0.506720735779737
93,98,-1.03111575616642
93,100,-0.299122450100471
93,101,0.000350298296542
93,102,-1.67981296516225
93,103,0.137750837359214
93,104,-0.515147875782272
93,109,0.103211359470859
93,110,0.260724364670702
93,111,0.401121501194402
93,119,-0.249117229556278
93,125,0.210824801313611
94,97,1.21848312828559
94,99,0.0017738323799227
94,100,0.360337914673919
94,101,0.659810663070932
94,109,0.762671724245249
94,116,-0.675210121377901
95,97,0.737076088077561
95,101,0.178403622862907
95,103,0.31580416192558
95,104,-0.337094551215906
95,111,0.579174825760768
95,120,0.591999880486698
95,121,-0.314764765638296
95,122,-1.05545560670648
96,102,-2.18653370094199
96,104,-1.02186861156201
96,107,-0.0660064230741764
96,111,-0.105599234585335
96,115,-1.72619460764222
96,118,-0.673593356067366
96,119,-0.755837965336015
96,125,-0.295895934466126
97,100,-0.858145213611667
97,108,-0.901160835707188
97,109,-0.455811404040337
97,110,-0.298298398840494
97,113,-1.16103963258065
98,100,0.731993306065954
98,104,0.515967880384153
98,107,1.47183006887199
98,108,0.688977683970433
98,110,1.29184012083713
98,111,1.43223725736083
98,115,-0.188358115696055
98,121,0.538297665961764
99,104,0.142538656612195
99,111,1.05880803358887
99,112,0.728966465237087
99,118,0.490813912106839
99,119,0.408569302838189
99,121,0.164868442189806
99,123,-0.767613355509353
100,102,-1.38069051506178
100,105,0.408252471195276
100,106,-1.0338551252932
100,107,0.739836762806032
100,111,0.700243951294873
100,119,0.050005220544193
101,104,-0.515498174078814
101,105,0.108779722798262
101,107,0.440364014409019
101,111,0.40077120289786
101,124,-0.133881536637018
102,103,1.81756380252147
102,104,1.16466508937998
102,106,0.346835389768578
102,107,2.12052727786782
102,108,1.33767489296626
102,109,1.78302432463311
102,110,1.94053732983296
102,112,1.75109289800487
102,113,1.0777960960928
102,115,0.460339093299775
102,117,1.02704809143716
102,122,0.446304033889406
103,104,-0.652898713141486
103,106,-1.47072841275289
103,110,0.122973527311488
103,114,-1.32619776612597
103,124,-0.27128207569969
104,105,0.624277896877076
104,107,0.955862188487832
104,109,0.618359235253131
104,110,0.775872240452974
104,113,-0.0868689932871842
104,114,-0.673299052984483
104,117,-0.137616997942819
104,119,0.266030646225994
105,106,-1.44210759648848
105,107,0.331584291610756
105,108,-0.451268093290796
105,111,0.291991480099598
105,114,-1.29757694986156
105,115,-1.32860389295728
105,118,-0.276002641382433
105,119,-0.358247250651083
106,108,0.990839503197684
106,110,1.59370194006438
106,111,1.73409907658808
106,116,-0.0016929107586153
106,124,1.1994463370532
107,110,-0.179989948034858
107,111,-0.0395928115111584
107,114,-1.62916124147232
107,115,-1.66018818456804
107,118,-0.607586932993189
107,119,-0.689831542261839
107,121,-0.933532402910222
107,125,-0.229889511391949
108,110,0.602862436866694
108,111,0.743259573390394
108,113,-0.259878796873464
108,115,-0.877335799666488
108,120,0.756084628116324
108,122,-0.891370859076856
109,113,-0.705228228540315
109,114,-1.29165828823761
109,115,-1.32268523133334
109,121,-0.59602944967552
109,122,-1.33672029074371
109,123,-1.52851124737468
109,124,-0.236742597811335
109,125,0.107613441842753
110,115,-1.48019823653318
110,117,-0.913489238395793
110,120,0.15322219124963
110,121,-0.753542454875363
110,122,-1.49423329594355
111,113,-1.00313837026386
111,114,-1.58956842996116
111,118,-0.567994121482031
111,119,-0.650238730750681
111,120,0.0128250547259302
111,124,-0.534652739534878
112,113,-0.673296801912076
112,115,-1.2907538047051
112,116,-1.40595041899491
112,119,-0.320397162398898
112,122,-1.30478886411547
112,124,-0.204811171183096
112,125,0.139544868470992
113,114,-0.586430059697299
113,116,-0.732653617082835
113,117,-0.0507480046556347
113,120,1.01596342498979
113,121,0.109198778864795
113,123,-0.823283018834364
113,124,0.46848563072898
114,117,0.535682055041664
114,124,1.05491569042628
114,125,1.39927173008037
115,117,0.566708998137389
115,120,1.63342042778281
116,117,0.681905612427201
116,121,0.84185239594763
117,119,0.403647644168812
117,123,-0.77253501417873
118,119,-0.0822446092686496
118,125,0.37769742160124
119,122,-0.98439170171657
119,123,-1.17618265834754
119,124,0.115585991215802
120,124,-0.547477794260808
120,125,-0.203121754606721
121,122,-0.740690841068187
122,125,1.44433373258646
123,125,1.63612468921743
