Covariance Matrix:
0.997929 -0.106744 -0.101343 -0.042233
-0.106744 0.959888 -0.156292 -0.070745
-0.101343 -0.156292 1.187343 -0.125605
-0.042233 -0.070745 -0.125605 0.895824
Bootstrap Confidence Intervals for Covariance Matrix:
Element [0,0]: 0.794137, 1.175372
Element [0,1]: -0.222315, 0.039731
Element [0,2]: -0.225920, 0.014211
Element [0,3]: -0.189819, 0.093906
Element [1,0]: -0.222315, 0.039731
Element [1,1]: 0.770315, 1.160173
Element [1,2]: -0.319893, -0.018916
Element [1,3]: -0.180769, 0.062635
Element [2,0]: -0.225920, 0.014211
Element [2,1]: -0.319893, -0.018916
Element [2,2]: 1.004498, 1.349085
Element [2,3]: -0.270817, 0.011255
Element [3,0]: -0.189819, 0.093906
Element [3,1]: -0.180769, 0.062635
Element [3,2]: -0.270817, 0.011255
Element [3,3]: 0.729627, 1.126151

Covariance Matrix:
1.002363 0.051232 -0.011140 -0.085320
0.051232 0.850565 0.021636 -0.131351
-0.011140 0.021636 0.590160 -0.109129
-0.085320 -0.131351 -0.109129 1.113564
Bootstrap Confidence Intervals for Covariance Matrix:
Element [0,0]: 0.800000, 1.186408
Element [0,1]: -0.062652, 0.188251
Element [0,2]: -0.104551, 0.074199
Element [0,3]: -0.266668, 0.066844
Element [1,0]: -0.062652, 0.188251
Element [1,1]: 0.669375, 1.011881
Element [1,2]: -0.084532, 0.112537
Element [1,3]: -0.269408, -0.006568
Element [2,0]: -0.104551, 0.074199
Element [2,1]: -0.084532, 0.112537
Element [2,2]: 0.425339, 0.756783
Element [2,3]: -0.206586, -0.004097
Element [3,0]: -0.266668, 0.066844
Element [3,1]: -0.269408, -0.006568
Element [3,2]: -0.206586, -0.004097
Element [3,3]: 0.913669, 1.352787

Covariance Matrix:
1.380871 0.045363 0.175337 0.359116
0.045363 1.181313 0.075125 0.366870
0.175337 0.075125 1.145472 0.042848
0.359116 0.366870 0.042848 1.429448
Bootstrap Confidence Intervals for Covariance Matrix:
Element [0,0]: 1.127547, 1.620747
Element [0,1]: -0.142352, 0.208589
Element [0,2]: 0.010115, 0.354467
Element [0,3]: 0.084711, 0.571427
Element [1,0]: -0.142352, 0.208589
Element [1,1]: 0.959946, 1.397831
Element [1,2]: -0.085928, 0.249617
Element [1,3]: 0.150864, 0.621429
Element [2,0]: 0.010115, 0.354467
Element [2,1]: -0.085928, 0.249617
Element [2,2]: 0.980277, 1.328272
Element [2,3]: -0.135418, 0.294856
Element [3,0]: 0.084711, 0.571427
Element [3,1]: 0.150864, 0.621429
Element [3,2]: -0.135418, 0.294856
Element [3,3]: 1.198734, 1.677422

Covariance Matrix:
1.352254 -0.054119 0.010823 0.109403
-0.054119 1.111335 -0.078029 -0.085998
0.010823 -0.078029 1.337669 -0.457985
0.109403 -0.085998 -0.457985 1.312486
Bootstrap Confidence Intervals for Covariance Matrix:
Element [0,0]: 1.064219, 1.617107
Element [0,1]: -0.239793, 0.140568
Element [0,2]: -0.204298, 0.210669
Element [0,3]: -0.071322, 0.322369
Element [1,0]: -0.239793, 0.140568
Element [1,1]: 0.843786, 1.393697
Element [1,2]: -0.278962, 0.122823
Element [1,3]: -0.251936, 0.080750
Element [2,0]: -0.204298, 0.210669
Element [2,1]: -0.278962, 0.122823
Element [2,2]: 1.073849, 1.607893
Element [2,3]: -0.691370, -0.255608
Element [3,0]: -0.071322, 0.322369
Element [3,1]: -0.251936, 0.080750
Element [3,2]: -0.691370, -0.255608
Element [3,3]: 1.014473, 1.563609

Covariance Matrix:
0.659586 0.017583 -0.043897 0.029248
0.017583 0.792326 0.139969 -0.017968
-0.043897 0.139969 0.636785 0.135729
0.029248 -0.017968 0.135729 0.615808
Bootstrap Confidence Intervals for Covariance Matrix:
Element [0,0]: 0.525350, 0.792414
Element [0,1]: -0.084589, 0.109851
Element [0,2]: -0.130748, 0.060854
Element [0,3]: -0.077474, 0.131470
Element [1,0]: -0.084589, 0.109851
Element [1,1]: 0.644483, 0.917273
Element [1,2]: 0.043340, 0.230966
Element [1,3]: -0.116823, 0.092676
Element [2,0]: -0.130748, 0.060854
Element [2,1]: 0.043340, 0.230966
Element [2,2]: 0.528924, 0.764187
Element [2,3]: 0.030359, 0.219584
Element [3,0]: -0.077474, 0.131470
Element [3,1]: -0.116823, 0.092676
Element [3,2]: 0.030359, 0.219584
Element [3,3]: 0.514401, 0.726460

Covariance Matrix:
0.772388 0.036142 -0.105375 0.103185
0.036142 0.785439 0.192479 0.040488
-0.105375 0.192479 0.958380 0.106480
0.103185 0.040488 0.106480 0.630614
Bootstrap Confidence Intervals for Covariance Matrix:
Element [0,0]: 0.590308, 0.939427
Element [0,1]: -0.067631, 0.142080
Element [0,2]: -0.251163, 0.021361
Element [0,3]: -0.011679, 0.191297
Element [1,0]: -0.067631, 0.142080
Element [1,1]: 0.603522, 1.037744
Element [1,2]: 0.061477, 0.308749
Element [1,3]: -0.021414, 0.110840
Element [2,0]: -0.251163, 0.021361
Element [2,1]: 0.061477, 0.308749
Element [2,2]: 0.747407, 1.187746
Element [2,3]: 0.021299, 0.183350
Element [3,0]: -0.011679, 0.191297
Element [3,1]: -0.021414, 0.110840
Element [3,2]: 0.021299, 0.183350
Element [3,3]: 0.455088, 0.834531

Covariance Matrix:
0.981148 -0.039724 0.026460 -0.041819
-0.039724 1.130412 -0.147678 -0.034800
0.026460 -0.147678 1.243430 0.045903
-0.041819 -0.034800 0.045903 1.246167
Bootstrap Confidence Intervals for Covariance Matrix:
Element [0,0]: 0.776674, 1.160836
Element [0,1]: -0.171169, 0.103395
Element [0,2]: -0.124922, 0.151322
Element [0,3]: -0.202532, 0.120713
Element [1,0]: -0.171169, 0.103395
Element [1,1]: 0.907828, 1.418647
Element [1,2]: -0.311393, 0.041497
Element [1,3]: -0.188239, 0.165859
Element [2,0]: -0.124922, 0.151322
Element [2,1]: -0.311393, 0.041497
Element [2,2]: 0.958295, 1.533466
Element [2,3]: -0.095793, 0.201722
Element [3,0]: -0.202532, 0.120713
Element [3,1]: -0.188239, 0.165859
Element [3,2]: -0.095793, 0.201722
Element [3,3]: 0.951195, 1.532100

Covariance Matrix:
0.743449 0.009224 0.101264 -0.030342
0.009224 1.129704 -0.181560 0.246044
0.101264 -0.181560 0.948690 -0.388073
-0.030342 0.246044 -0.388073 1.046195
Bootstrap Confidence Intervals for Covariance Matrix:
Element [0,0]: 0.598859, 0.922061
Element [0,1]: -0.137697, 0.132004
Element [0,2]: -0.035406, 0.244279
Element [0,3]: -0.152483, 0.087820
Element [1,0]: -0.137697, 0.132004
Element [1,1]: 0.897203, 1.312494
Element [1,2]: -0.283746, -0.062326
Element [1,3]: 0.092270, 0.373912
Element [2,0]: -0.035406, 0.244279
Element [2,1]: -0.283746, -0.062326
Element [2,2]: 0.756696, 1.130299
Element [2,3]: -0.498049, -0.281475
Element [3,0]: -0.152483, 0.087820
Element [3,1]: 0.092270, 0.373912
Element [3,2]: -0.498049, -0.281475
Element [3,3]: 0.840483, 1.257863

Covariance Matrix:
1.266882 0.032871 -0.132289 -0.163157
0.032871 1.246808 0.123364 0.051366
-0.132289 0.123364 1.162418 0.289503
-0.163157 0.051366 0.289503 1.577933
Bootstrap Confidence Intervals for Covariance Matrix:
Element [0,0]: 0.930922, 1.662232
Element [0,1]: -0.136656, 0.186928
Element [0,2]: -0.256900, -0.005345
Element [0,3]: -0.380259, -0.001442
Element [1,0]: -0.136656, 0.186928
Element [1,1]: 1.022421, 1.476823
Element [1,2]: -0.040643, 0.286449
Element [1,3]: -0.103306, 0.185731
Element [2,0]: -0.256900, -0.005345
Element [2,1]: -0.040643, 0.286449
Element [2,2]: 0.997572, 1.310452
Element [2,3]: 0.112596, 0.458499
Element [3,0]: -0.380259, -0.001442
Element [3,1]: -0.103306, 0.185731
Element [3,2]: 0.112596, 0.458499
Element [3,3]: 1.120183, 2.084746

Covariance Matrix:
0.774887 -0.113092 0.043661 -0.015794
-0.113092 0.777827 0.064207 0.056531
0.043661 0.064207 0.776982 -0.002414
-0.015794 0.056531 -0.002414 0.803287
Bootstrap Confidence Intervals for Covariance Matrix:
Element [0,0]: 0.612549, 0.907876
Element [0,1]: -0.235576, 0.017387
Element [0,2]: -0.046096, 0.137044
Element [0,3]: -0.139219, 0.103666
Element [1,0]: -0.235576, 0.017387
Element [1,1]: 0.620076, 0.920946
Element [1,2]: -0.034294, 0.153457
Element [1,3]: -0.053226, 0.170940
Element [2,0]: -0.046096, 0.137044
Element [2,1]: -0.034294, 0.153457
Element [2,2]: 0.608561, 0.973374
Element [2,3]: -0.108361, 0.110414
Element [3,0]: -0.139219, 0.103666
Element [3,1]: -0.053226, 0.170940
Element [3,2]: -0.108361, 0.110414
Element [3,3]: 0.642969, 0.934617

Covariance Matrix:
1.132165 -0.204573 -0.028663 -0.060352
-0.204573 1.097624 -0.102998 0.047080
-0.028663 -0.102998 0.931058 -0.334856
-0.060352 0.047080 -0.334856 1.031179
Bootstrap Confidence Intervals for Covariance Matrix:
Element [0,0]: 0.846523, 1.393771
Element [0,1]: -0.320856, -0.075360
Element [0,2]: -0.163982, 0.106416
Element [0,3]: -0.170547, 0.063839
Element [1,0]: -0.320856, -0.075360
Element [1,1]: 0.806521, 1.434085
Element [1,2]: -0.215696, 0.028347
Element [1,3]: -0.068963, 0.174170
Element [2,0]: -0.163982, 0.106416
Element [2,1]: -0.215696, 0.028347
Element [2,2]: 0.738603, 1.120603
Element [2,3]: -0.428030, -0.257546
Element [3,0]: -0.170547, 0.063839
Element [3,1]: -0.068963, 0.174170
Element [3,2]: -0.428030, -0.257546
Element [3,3]: 0.785352, 1.290111

Covariance Matrix:
1.293561 0.014588 -0.000351 -0.114782
0.014588 1.044891 0.048243 0.023425
-0.000351 0.048243 0.829869 0.214500
-0.114782 0.023425 0.214500 0.991788
Bootstrap Confidence Intervals for Covariance Matrix:
Element [0,0]: 1.060119, 1.507276
Element [0,1]: -0.156066, 0.198422
Element [0,2]: -0.158691, 0.147476
Element [0,3]: -0.252196, 0.046077
Element [1,0]: -0.156066, 0.198422
Element [1,1]: 0.882014, 1.248051
Element [1,2]: -0.083560, 0.171684
Element [1,3]: -0.098048, 0.118264
Element [2,0]: -0.158691, 0.147476
Element [2,1]: -0.083560, 0.171684
Element [2,2]: 0.650250, 1.028261
Element [2,3]: 0.099507, 0.335109
Element [3,0]: -0.252196, 0.046077
Element [3,1]: -0.098048, 0.118264
Element [3,2]: 0.099507, 0.335109
Element [3,3]: 0.800622, 1.200634

Covariance Matrix:
0.904353 0.032919 -0.097363 0.139656
0.032919 0.893466 0.056942 0.020032
-0.097363 0.056942 0.779149 0.003310
0.139656 0.020032 0.003310 0.626399
Bootstrap Confidence Intervals for Covariance Matrix:
Element [0,0]: 0.713643, 1.095400
Element [0,1]: -0.073867, 0.157516
Element [0,2]: -0.213273, 0.024131
Element [0,3]: 0.048091, 0.245151
Element [1,0]: -0.073867, 0.157516
Element [1,1]: 0.737990, 1.042939
Element [1,2]: -0.057782, 0.151048
Element [1,3]: -0.085924, 0.135826
Element [2,0]: -0.213273, 0.024131
Element [2,1]: -0.057782, 0.151048
Element [2,2]: 0.601376, 0.944750
Element [2,3]: -0.097001, 0.119097
Element [3,0]: 0.048091, 0.245151
Element [3,1]: -0.085924, 0.135826
Element [3,2]: -0.097001, 0.119097
Element [3,3]: 0.531695, 0.747728

Covariance Matrix:
1.003091 0.096219 -0.180426 -0.050257
0.096219 0.726274 -0.114441 -0.032580
-0.180426 -0.114441 1.363079 -0.057328
-0.050257 -0.032580 -0.057328 0.773916
Bootstrap Confidence Intervals for Covariance Matrix:
Element [0,0]: 0.821994, 1.183122
Element [0,1]: -0.018620, 0.223178
Element [0,2]: -0.370142, -0.030544
Element [0,3]: -0.193858, 0.077102
Element [1,0]: -0.018620, 0.223178
Element [1,1]: 0.603129, 0.872697
Element [1,2]: -0.269014, -0.000082
Element [1,3]: -0.131728, 0.064217
Element [2,0]: -0.370142, -0.030544
Element [2,1]: -0.269014, -0.000082
Element [2,2]: 1.153848, 1.606217
Element [2,3]: -0.192038, 0.095517
Element [3,0]: -0.193858, 0.077102
Element [3,1]: -0.131728, 0.064217
Element [3,2]: -0.192038, 0.095517
Element [3,3]: 0.633851, 0.910330

Covariance Matrix:
0.794493 -0.025995 0.134684 0.004646
-0.025995 0.618066 -0.023682 -0.035504
0.134684 -0.023682 0.712150 -0.006445
0.004646 -0.035504 -0.006445 0.792961
Bootstrap Confidence Intervals for Covariance Matrix:
Element [0,0]: 0.655675, 0.929593
Element [0,1]: -0.116770, 0.055163
Element [0,2]: 0.035653, 0.241432
Element [0,3]: -0.084169, 0.101911
Element [1,0]: -0.116770, 0.055163
Element [1,1]: 0.489766, 0.751506
Element [1,2]: -0.085315, 0.045416
Element [1,3]: -0.120238, 0.040957
Element [2,0]: 0.035653, 0.241432
Element [2,1]: -0.085315, 0.045416
Element [2,2]: 0.530959, 0.873458
Element [2,3]: -0.073584, 0.055207
Element [3,0]: -0.084169, 0.101911
Element [3,1]: -0.120238, 0.040957
Element [3,2]: -0.073584, 0.055207
Element [3,3]: 0.629053, 0.973828

Covariance Matrix:
0.936348 0.030224 -0.007009 0.096172
0.030224 1.058787 0.036009 0.022663
-0.007009 0.036009 1.074886 0.011959
0.096172 0.022663 0.011959 0.942666
Bootstrap Confidence Intervals for Covariance Matrix:
Element [0,0]: 0.729602, 1.131732
Element [0,1]: -0.093882, 0.169033
Element [0,2]: -0.138435, 0.117749
Element [0,3]: -0.029156, 0.208811
Element [1,0]: -0.093882, 0.169033
Element [1,1]: 0.876267, 1.239920
Element [1,2]: -0.088978, 0.168195
Element [1,3]: -0.105825, 0.164133
Element [2,0]: -0.138435, 0.117749
Element [2,1]: -0.088978, 0.168195
Element [2,2]: 0.866521, 1.264221
Element [2,3]: -0.107885, 0.146420
Element [3,0]: -0.029156, 0.208811
Element [3,1]: -0.105825, 0.164133
Element [3,2]: -0.107885, 0.146420
Element [3,3]: 0.760211, 1.095396

Covariance Matrix:
0.597302 -0.148173 0.088990 0.028898
-0.148173 0.877383 -0.007798 0.002803
0.088990 -0.007798 0.984019 -0.148292
0.028898 0.002803 -0.148292 0.785714
Bootstrap Confidence Intervals for Covariance Matrix:
Element [0,0]: 0.466211, 0.722827
Element [0,1]: -0.230211, -0.052469
Element [0,2]: -0.009553, 0.214561
Element [0,3]: -0.083287, 0.114374
Element [1,0]: -0.230211, -0.052469
Element [1,1]: 0.711139, 1.039438
Element [1,2]: -0.162491, 0.124302
Element [1,3]: -0.108157, 0.093055
Element [2,0]: -0.009553, 0.214561
Element [2,1]: -0.162491, 0.124302
Element [2,2]: 0.813360, 1.138235
Element [2,3]: -0.275160, -0.050995
Element [3,0]: -0.083287, 0.114374
Element [3,1]: -0.108157, 0.093055
Element [3,2]: -0.275160, -0.050995
Element [3,3]: 0.635898, 0.935967

Covariance Matrix:
1.007545 -0.064309 0.116546 0.034181
-0.064309 0.845490 -0.014720 0.013922
0.116546 -0.014720 0.915514 -0.173746
0.034181 0.013922 -0.173746 0.663098
Bootstrap Confidence Intervals for Covariance Matrix:
Element [0,0]: 0.790980, 1.258683
Element [0,1]: -0.204152, 0.065501
Element [0,2]: -0.026180, 0.274528
Element [0,3]: -0.094339, 0.186570
Element [1,0]: -0.204152, 0.065501
Element [1,1]: 0.681170, 1.019420
Element [1,2]: -0.144362, 0.121071
Element [1,3]: -0.089383, 0.118147
Element [2,0]: -0.026180, 0.274528
Element [2,1]: -0.144362, 0.121071
Element [2,2]: 0.707286, 1.091724
Element [2,3]: -0.297099, -0.060754
Element [3,0]: -0.094339, 0.186570
Element [3,1]: -0.089383, 0.118147
Element [3,2]: -0.297099, -0.060754
Element [3,3]: 0.523762, 0.796904

Covariance Matrix:
1.321565 -0.045350 -0.078444 -0.121358
-0.045350 1.379216 -0.033163 0.464992
-0.078444 -0.033163 1.068433 0.135953
-0.121358 0.464992 0.135953 1.545326
Bootstrap Confidence Intervals for Covariance Matrix:
Element [0,0]: 1.041875, 1.586665
Element [0,1]: -0.228055, 0.145643
Element [0,2]: -0.215705, 0.080994
Element [0,3]: -0.300084, 0.063706
Element [1,0]: -0.228055, 0.145643
Element [1,1]: 1.134405, 1.615106
Element [1,2]: -0.179935, 0.141584
Element [1,3]: 0.209352, 0.694669
Element [2,0]: -0.215705, 0.080994
Element [2,1]: -0.179935, 0.141584
Element [2,2]: 0.827578, 1.308879
Element [2,3]: -0.032051, 0.295119
Element [3,0]: -0.300084, 0.063706
Element [3,1]: 0.209352, 0.694669
Element [3,2]: -0.032051, 0.295119
Element [3,3]: 1.306279, 1.811986

Covariance Matrix:
0.627041 -0.053914 -0.055024 0.078541
-0.053914 0.804260 -0.027460 -0.064883
-0.055024 -0.027460 0.832097 -0.181307
0.078541 -0.064883 -0.181307 0.785619
Bootstrap Confidence Intervals for Covariance Matrix:
Element [0,0]: 0.495221, 0.781365
Element [0,1]: -0.159143, 0.036867
Element [0,2]: -0.142728, 0.053210
Element [0,3]: -0.029133, 0.189716
Element [1,0]: -0.159143, 0.036867
Element [1,1]: 0.652740, 0.982098
Element [1,2]: -0.188917, 0.092680
Element [1,3]: -0.188813, 0.043715
Element [2,0]: -0.142728, 0.053210
Element [2,1]: -0.188917, 0.092680
Element [2,2]: 0.671151, 1.013345
Element [2,3]: -0.299656, -0.059559
Element [3,0]: -0.029133, 0.189716
Element [3,1]: -0.188813, 0.043715
Element [3,2]: -0.299656, -0.059559
Element [3,3]: 0.620908, 0.928650

