Covariance Matrix:
0.990815 -0.000882 -0.040110 -0.004125
-0.000882 0.920570 -0.026335 -0.030225
-0.040110 -0.026335 0.894515 -0.024543
-0.004125 -0.030225 -0.024543 0.920130
Bootstrap Confidence Intervals for Covariance Matrix:
Element [0,0]: 0.946205, 1.036897
Element [0,1]: -0.025133, 0.026824
Element [0,2]: -0.066570, -0.010940
Element [0,3]: -0.030775, 0.021895
Element [1,0]: -0.025133, 0.026824
Element [1,1]: 0.884644, 0.955979
Element [1,2]: -0.053143, 0.004968
Element [1,3]: -0.059785, -0.003155
Element [2,0]: -0.066570, -0.010940
Element [2,1]: -0.053143, 0.004968
Element [2,2]: 0.858290, 0.926131
Element [2,3]: -0.048650, -0.001718
Element [3,0]: -0.030775, 0.021895
Element [3,1]: -0.059785, -0.003155
Element [3,2]: -0.048650, -0.001718
Element [3,3]: 0.889077, 0.959021

Covariance Matrix:
1.160168 -0.052883 0.030653 -0.009307
-0.052883 1.224485 -0.019429 0.069690
0.030653 -0.019429 1.221896 -0.036670
-0.009307 0.069690 -0.036670 1.277234
Bootstrap Confidence Intervals for Covariance Matrix:
Element [0,0]: 1.109054, 1.201558
Element [0,1]: -0.086164, -0.018413
Element [0,2]: -0.006860, 0.059819
Element [0,3]: -0.047704, 0.026631
Element [1,0]: -0.086164, -0.018413
Element [1,1]: 1.170550, 1.278310
Element [1,2]: -0.058764, 0.019336
Element [1,3]: 0.035403, 0.109605
Element [2,0]: -0.006860, 0.059819
Element [2,1]: -0.058764, 0.019336
Element [2,2]: 1.170656, 1.275918
Element [2,3]: -0.074030, -0.008969
Element [3,0]: -0.047704, 0.026631
Element [3,1]: 0.035403, 0.109605
Element [3,2]: -0.074030, -0.008969
Element [3,3]: 1.225440, 1.334095

Covariance Matrix:
1.029088 -0.025465 -0.014062 -0.016424
-0.025465 1.009845 -0.016188 -0.009859
-0.014062 -0.016188 1.000132 -0.014668
-0.016424 -0.009859 -0.014668 1.031644
Bootstrap Confidence Intervals for Covariance Matrix:
Element [0,0]: 0.984699, 1.068499
Element [0,1]: -0.054101, 0.005147
Element [0,2]: -0.049840, 0.011619
Element [0,3]: -0.051362, 0.015540
Element [1,0]: -0.054101, 0.005147
Element [1,1]: 0.973879, 1.054162
Element [1,2]: -0.050637, 0.010947
Element [1,3]: -0.035869, 0.021532
Element [2,0]: -0.049840, 0.011619
Element [2,1]: -0.050637, 0.010947
Element [2,2]: 0.962941, 1.045240
Element [2,3]: -0.040704, 0.016991
Element [3,0]: -0.051362, 0.015540
Element [3,1]: -0.035869, 0.021532
Element [3,2]: -0.040704, 0.016991
Element [3,3]: 0.988069, 1.069096

Covariance Matrix:
1.011520 -0.026304 0.008239 0.006544
-0.026304 1.007381 0.053750 -0.017181
0.008239 0.053750 0.910598 0.065719
0.006544 -0.017181 0.065719 0.953118
Bootstrap Confidence Intervals for Covariance Matrix:
Element [0,0]: 0.969790, 1.052503
Element [0,1]: -0.063602, 0.006541
Element [0,2]: -0.021828, 0.036884
Element [0,3]: -0.019307, 0.037389
Element [1,0]: -0.063602, 0.006541
Element [1,1]: 0.963737, 1.057933
Element [1,2]: 0.026634, 0.085984
Element [1,3]: -0.042853, 0.012531
Element [2,0]: -0.021828, 0.036884
Element [2,1]: 0.026634, 0.085984
Element [2,2]: 0.868111, 0.950915
Element [2,3]: 0.035585, 0.083204
Element [3,0]: -0.019307, 0.037389
Element [3,1]: -0.042853, 0.012531
Element [3,2]: 0.035585, 0.083204
Element [3,3]: 0.911499, 0.998133

Covariance Matrix:
1.194676 0.016443 -0.064117 -0.041566
0.016443 1.093622 0.017030 -0.093517
-0.064117 0.017030 0.986369 -0.023341
-0.041566 -0.093517 -0.023341 1.092448
Bootstrap Confidence Intervals for Covariance Matrix:
Element [0,0]: 1.153717, 1.263265
Element [0,1]: -0.020272, 0.048142
Element [0,2]: -0.093075, -0.028292
Element [0,3]: -0.083520, -0.003172
Element [1,0]: -0.020272, 0.048142
Element [1,1]: 1.045363, 1.152773
Element [1,2]: -0.016809, 0.046373
Element [1,3]: -0.123895, -0.058838
Element [2,0]: -0.093075, -0.028292
Element [2,1]: -0.016809, 0.046373
Element [2,2]: 0.939529, 1.035661
Element [2,3]: -0.053807, 0.005343
Element [3,0]: -0.083520, -0.003172
Element [3,1]: -0.123895, -0.058838
Element [3,2]: -0.053807, 0.005343
Element [3,3]: 1.050052, 1.142921

Covariance Matrix:
0.921954 0.007777 0.027730 0.021552
0.007777 0.897054 -0.017448 0.039864
0.027730 -0.017448 0.922658 0.035371
0.021552 0.039864 0.035371 0.907769
Bootstrap Confidence Intervals for Covariance Matrix:
Element [0,0]: 0.879370, 0.978501
Element [0,1]: -0.018209, 0.033849
Element [0,2]: 0.002552, 0.051620
Element [0,3]: -0.005629, 0.047674
Element [1,0]: -0.018209, 0.033849
Element [1,1]: 0.855693, 0.942968
Element [1,2]: -0.041824, 0.009294
Element [1,3]: 0.010217, 0.064984
Element [2,0]: 0.002552, 0.051620
Element [2,1]: -0.041824, 0.009294
Element [2,2]: 0.874483, 0.967707
Element [2,3]: 0.009729, 0.058590
Element [3,0]: -0.005629, 0.047674
Element [3,1]: 0.010217, 0.064984
Element [3,2]: 0.009729, 0.058590
Element [3,3]: 0.856858, 0.950896

Covariance Matrix:
1.001948 -0.004803 -0.062099 -0.024730
-0.004803 0.968808 -0.015334 -0.038154
-0.062099 -0.015334 0.853602 -0.007283
-0.024730 -0.038154 -0.007283 0.985572
Bootstrap Confidence Intervals for Covariance Matrix:
Element [0,0]: 0.949219, 1.044004
Element [0,1]: -0.031631, 0.024196
Element [0,2]: -0.089309, -0.030228
Element [0,3]: -0.055333, 0.004942
Element [1,0]: -0.031631, 0.024196
Element [1,1]: 0.932566, 1.020662
Element [1,2]: -0.043168, 0.013049
Element [1,3]: -0.067718, -0.013945
Element [2,0]: -0.089309, -0.030228
Element [2,1]: -0.043168, 0.013049
Element [2,2]: 0.816080, 0.892477
Element [2,3]: -0.034576, 0.018787
Element [3,0]: -0.055333, 0.004942
Element [3,1]: -0.067718, -0.013945
Element [3,2]: -0.034576, 0.018787
Element [3,3]: 0.940860, 1.025940

Covariance Matrix:
0.959029 0.003232 0.003117 -0.010460
0.003232 0.936577 0.016466 0.012803
0.003117 0.016466 0.899158 -0.012849
-0.010460 0.012803 -0.012849 0.970800
Bootstrap Confidence Intervals for Covariance Matrix:
Element [0,0]: 0.917783, 1.006395
Element [0,1]: -0.026783, 0.028766
Element [0,2]: -0.027169, 0.031987
Element [0,3]: -0.042300, 0.016323
Element [1,0]: -0.026783, 0.028766
Element [1,1]: 0.899468, 0.974715
Element [1,2]: -0.011255, 0.038612
Element [1,3]: -0.011663, 0.047843
Element [2,0]: -0.027169, 0.031987
Element [2,1]: -0.011255, 0.038612
Element [2,2]: 0.860600, 0.929387
Element [2,3]: -0.044187, 0.018204
Element [3,0]: -0.042300, 0.016323
Element [3,1]: -0.011663, 0.047843
Element [3,2]: -0.044187, 0.018204
Element [3,3]: 0.928682, 1.019693

Covariance Matrix:
1.066281 0.029518 -0.025317 0.040647
0.029518 0.955482 0.044975 -0.013220
-0.025317 0.044975 0.998614 0.094298
0.040647 -0.013220 0.094298 1.049347
Bootstrap Confidence Intervals for Covariance Matrix:
Element [0,0]: 1.022470, 1.101252
Element [0,1]: 0.002085, 0.060540
Element [0,2]: -0.052700, 0.002516
Element [0,3]: 0.002525, 0.074029
Element [1,0]: 0.002085, 0.060540
Element [1,1]: 0.917811, 0.992172
Element [1,2]: 0.018692, 0.074883
Element [1,3]: -0.045761, 0.014346
Element [2,0]: -0.052700, 0.002516
Element [2,1]: 0.018692, 0.074883
Element [2,2]: 0.964445, 1.035429
Element [2,3]: 0.063928, 0.123667
Element [3,0]: 0.002525, 0.074029
Element [3,1]: -0.045761, 0.014346
Element [3,2]: 0.063928, 0.123667
Element [3,3]: 1.006270, 1.090381

Covariance Matrix:
0.985858 -0.020506 -0.011292 -0.024232
-0.020506 0.954639 -0.076183 -0.029543
-0.011292 -0.076183 1.015837 -0.065567
-0.024232 -0.029543 -0.065567 0.932634
Bootstrap Confidence Intervals for Covariance Matrix:
Element [0,0]: 0.945961, 1.027154
Element [0,1]: -0.047060, 0.009589
Element [0,2]: -0.040474, 0.015583
Element [0,3]: -0.048012, -0.001666
Element [1,0]: -0.047060, 0.009589
Element [1,1]: 0.914413, 0.999474
Element [1,2]: -0.106865, -0.048727
Element [1,3]: -0.055926, 0.002732
Element [2,0]: -0.040474, 0.015583
Element [2,1]: -0.106865, -0.048727
Element [2,2]: 0.980750, 1.060637
Element [2,3]: -0.096530, -0.036429
Element [3,0]: -0.048012, -0.001666
Element [3,1]: -0.055926, 0.002732
Element [3,2]: -0.096530, -0.036429
Element [3,3]: 0.893113, 0.970772

Covariance Matrix:
0.997636 -0.030579 0.002742 0.020646
-0.030579 0.964372 -0.035358 0.007415
0.002742 -0.035358 0.886112 -0.046023
0.020646 0.007415 -0.046023 0.971712
Bootstrap Confidence Intervals for Covariance Matrix:
Element [0,0]: 0.959056, 1.037447
Element [0,1]: -0.062027, -0.000000
Element [0,2]: -0.025229, 0.034673
Element [0,3]: -0.010640, 0.048340
Element [1,0]: -0.062027, -0.000000
Element [1,1]: 0.922202, 1.005257
Element [1,2]: -0.059337, -0.010245
Element [1,3]: -0.021497, 0.036517
Element [2,0]: -0.025229, 0.034673
Element [2,1]: -0.059337, -0.010245
Element [2,2]: 0.849433, 0.926906
Element [2,3]: -0.071705, -0.013958
Element [3,0]: -0.010640, 0.048340
Element [3,1]: -0.021497, 0.036517
Element [3,2]: -0.071705, -0.013958
Element [3,3]: 0.925949, 1.013311

Covariance Matrix:
0.910945 -0.008466 -0.028961 -0.045471
-0.008466 0.941550 -0.027004 -0.024899
-0.028961 -0.027004 0.935759 -0.067053
-0.045471 -0.024899 -0.067053 0.921898
Bootstrap Confidence Intervals for Covariance Matrix:
Element [0,0]: 0.874849, 0.945046
Element [0,1]: -0.038212, 0.018906
Element [0,2]: -0.053784, 0.001753
Element [0,3]: -0.070780, -0.020187
Element [1,0]: -0.038212, 0.018906
Element [1,1]: 0.897495, 1.001991
Element [1,2]: -0.055531, 0.000917
Element [1,3]: -0.061063, 0.004517
Element [2,0]: -0.053784, 0.001753
Element [2,1]: -0.055531, 0.000917
Element [2,2]: 0.890924, 0.976827
Element [2,3]: -0.093140, -0.042540
Element [3,0]: -0.070780, -0.020187
Element [3,1]: -0.061063, 0.004517
Element [3,2]: -0.093140, -0.042540
Element [3,3]: 0.884385, 0.962178

Covariance Matrix:
1.025249 0.016799 0.020514 -0.014354
0.016799 1.008206 0.031490 0.020753
0.020514 0.031490 0.962225 0.035230
-0.014354 0.020753 0.035230 0.919779
Bootstrap Confidence Intervals for Covariance Matrix:
Element [0,0]: 0.978795, 1.076488
Element [0,1]: -0.014560, 0.045816
Element [0,2]: -0.005957, 0.047701
Element [0,3]: -0.048497, 0.016623
Element [1,0]: -0.014560, 0.045816
Element [1,1]: 0.966145, 1.054828
Element [1,2]: 0.005948, 0.060741
Element [1,3]: -0.017263, 0.047944
Element [2,0]: -0.005957, 0.047701
Element [2,1]: 0.005948, 0.060741
Element [2,2]: 0.922992, 1.004623
Element [2,3]: 0.004273, 0.064247
Element [3,0]: -0.048497, 0.016623
Element [3,1]: -0.017263, 0.047944
Element [3,2]: 0.004273, 0.064247
Element [3,3]: 0.879142, 0.963211

Covariance Matrix:
1.040762 -0.014204 0.034056 0.015210
-0.014204 1.059379 0.028041 0.040467
0.034056 0.028041 1.055250 0.025561
0.015210 0.040467 0.025561 1.132867
Bootstrap Confidence Intervals for Covariance Matrix:
Element [0,0]: 0.992649, 1.094349
Element [0,1]: -0.047918, 0.019496
Element [0,2]: 0.004749, 0.066456
Element [0,3]: -0.009576, 0.042153
Element [1,0]: -0.047918, 0.019496
Element [1,1]: 1.021085, 1.099150
Element [1,2]: -0.002442, 0.059323
Element [1,3]: 0.013261, 0.074811
Element [2,0]: 0.004749, 0.066456
Element [2,1]: -0.002442, 0.059323
Element [2,2]: 1.010088, 1.094345
Element [2,3]: -0.005208, 0.055005
Element [3,0]: -0.009576, 0.042153
Element [3,1]: 0.013261, 0.074811
Element [3,2]: -0.005208, 0.055005
Element [3,3]: 1.088092, 1.181315

Covariance Matrix:
1.007713 0.033782 -0.026159 0.024060
0.033782 1.039960 0.042052 -0.035531
-0.026159 0.042052 1.034408 0.073599
0.024060 -0.035531 0.073599 1.096889
Bootstrap Confidence Intervals for Covariance Matrix:
Element [0,0]: 0.964284, 1.048319
Element [0,1]: 0.006853, 0.067415
Element [0,2]: -0.057674, 0.004728
Element [0,3]: -0.007476, 0.059421
Element [1,0]: 0.006853, 0.067415
Element [1,1]: 0.996896, 1.077969
Element [1,2]: 0.012548, 0.078548
Element [1,3]: -0.072907, 0.004384
Element [2,0]: -0.057674, 0.004728
Element [2,1]: 0.012548, 0.078548
Element [2,2]: 0.994206, 1.081188
Element [2,3]: 0.045271, 0.103773
Element [3,0]: -0.007476, 0.059421
Element [3,1]: -0.072907, 0.004384
Element [3,2]: 0.045271, 0.103773
Element [3,3]: 1.045522, 1.138884

Covariance Matrix:
0.883735 0.019834 -0.000438 0.023740
0.019834 0.858138 0.029862 0.045615
-0.000438 0.029862 0.847366 -0.002344
0.023740 0.045615 -0.002344 0.912662
Bootstrap Confidence Intervals for Covariance Matrix:
Element [0,0]: 0.849822, 0.915383
Element [0,1]: -0.001208, 0.048820
Element [0,2]: -0.024846, 0.027460
Element [0,3]: 0.000064, 0.052685
Element [1,0]: -0.001208, 0.048820
Element [1,1]: 0.825356, 0.893592
Element [1,2]: 0.006746, 0.055775
Element [1,3]: 0.019308, 0.077492
Element [2,0]: -0.024846, 0.027460
Element [2,1]: 0.006746, 0.055775
Element [2,2]: 0.820609, 0.877826
Element [2,3]: -0.028441, 0.032876
Element [3,0]: 0.000064, 0.052685
Element [3,1]: 0.019308, 0.077492
Element [3,2]: -0.028441, 0.032876
Element [3,3]: 0.879986, 0.949662

Covariance Matrix:
0.837043 -0.004773 0.005198 0.005773
-0.004773 0.817267 0.017170 -0.000097
0.005198 0.017170 0.908659 -0.007100
0.005773 -0.000097 -0.007100 0.827464
Bootstrap Confidence Intervals for Covariance Matrix:
Element [0,0]: 0.802324, 0.875576
Element [0,1]: -0.028552, 0.019332
Element [0,2]: -0.025095, 0.033241
Element [0,3]: -0.016701, 0.028293
Element [1,0]: -0.028552, 0.019332
Element [1,1]: 0.775631, 0.865904
Element [1,2]: -0.006163, 0.041050
Element [1,3]: -0.029346, 0.027841
Element [2,0]: -0.025095, 0.033241
Element [2,1]: -0.006163, 0.041050
Element [2,2]: 0.872212, 0.946921
Element [2,3]: -0.032896, 0.021706
Element [3,0]: -0.016701, 0.028293
Element [3,1]: -0.029346, 0.027841
Element [3,2]: -0.032896, 0.021706
Element [3,3]: 0.789718, 0.864469

Covariance Matrix:
0.859420 -0.005170 -0.015992 -0.011741
-0.005170 0.845996 -0.023333 0.025132
-0.015992 -0.023333 0.830595 -0.009871
-0.011741 0.025132 -0.009871 0.758628
Bootstrap Confidence Intervals for Covariance Matrix:
Element [0,0]: 0.824360, 0.890647
Element [0,1]: -0.028813, 0.023930
Element [0,2]: -0.043781, 0.012376
Element [0,3]: -0.039752, 0.013685
Element [1,0]: -0.028813, 0.023930
Element [1,1]: 0.811335, 0.879649
Element [1,2]: -0.044033, -0.000573
Element [1,3]: 0.004565, 0.047523
Element [2,0]: -0.043781, 0.012376
Element [2,1]: -0.044033, -0.000573
Element [2,2]: 0.790852, 0.863896
Element [2,3]: -0.038600, 0.011937
Element [3,0]: -0.039752, 0.013685
Element [3,1]: 0.004565, 0.047523
Element [3,2]: -0.038600, 0.011937
Element [3,3]: 0.726181, 0.789380

Covariance Matrix:
0.998524 -0.047161 0.008160 0.012125
-0.047161 1.006688 0.044018 0.046367
0.008160 0.044018 1.026140 -0.032042
0.012125 0.046367 -0.032042 1.014735
Bootstrap Confidence Intervals for Covariance Matrix:
Element [0,0]: 0.962222, 1.033554
Element [0,1]: -0.078088, -0.011357
Element [0,2]: -0.025067, 0.034225
Element [0,3]: -0.018774, 0.041431
Element [1,0]: -0.078088, -0.011357
Element [1,1]: 0.964078, 1.051676
Element [1,2]: 0.013439, 0.077961
Element [1,3]: 0.016092, 0.077064
Element [2,0]: -0.025067, 0.034225
Element [2,1]: 0.013439, 0.077961
Element [2,2]: 0.976929, 1.064480
Element [2,3]: -0.064559, -0.001633
Element [3,0]: -0.018774, 0.041431
Element [3,1]: 0.016092, 0.077064
Element [3,2]: -0.064559, -0.001633
Element [3,3]: 0.973122, 1.055039

Covariance Matrix:
0.955096 -0.005138 -0.017480 0.009480
-0.005138 1.002547 -0.043124 -0.029470
-0.017480 -0.043124 0.880375 -0.061834
0.009480 -0.029470 -0.061834 0.966824
Bootstrap Confidence Intervals for Covariance Matrix:
Element [0,0]: 0.917333, 0.992581
Element [0,1]: -0.034888, 0.026877
Element [0,2]: -0.042880, 0.006707
Element [0,3]: -0.018594, 0.033892
Element [1,0]: -0.034888, 0.026877
Element [1,1]: 0.960242, 1.047524
Element [1,2]: -0.070545, -0.016687
Element [1,3]: -0.054978, 0.000756
Element [2,0]: -0.042880, 0.006707
Element [2,1]: -0.070545, -0.016687
Element [2,2]: 0.841632, 0.917995
Element [2,3]: -0.086392, -0.033538
Element [3,0]: -0.018594, 0.033892
Element [3,1]: -0.054978, 0.000756
Element [3,2]: -0.086392, -0.033538
Element [3,3]: 0.926985, 1.011285

