Covariance Matrix:
0.969939 0.003466 -0.003316 0.005014
0.003466 0.950894 0.000710 0.004622
-0.003316 0.000710 0.978495 -0.011218
0.005014 0.004622 -0.011218 0.953615
Bootstrap Confidence Intervals for Covariance Matrix:
Element [0,0]: 0.960021, 0.980546
Element [0,1]: -0.003132, 0.010812
Element [0,2]: -0.011426, 0.003128
Element [0,3]: -0.002988, 0.012388
Element [1,0]: -0.003132, 0.010812
Element [1,1]: 0.941103, 0.960507
Element [1,2]: -0.006452, 0.007340
Element [1,3]: -0.001916, 0.011350
Element [2,0]: -0.011426, 0.003128
Element [2,1]: -0.006452, 0.007340
Element [2,2]: 0.968079, 0.988404
Element [2,3]: -0.017773, -0.003600
Element [3,0]: -0.002988, 0.012388
Element [3,1]: -0.001916, 0.011350
Element [3,2]: -0.017773, -0.003600
Element [3,3]: 0.943055, 0.963716

Covariance Matrix:
0.996557 0.005206 0.002380 0.008964
0.005206 1.008484 0.005064 0.002990
0.002380 0.005064 1.032609 -0.008958
0.008964 0.002990 -0.008958 1.005590
Bootstrap Confidence Intervals for Covariance Matrix:
Element [0,0]: 0.986377, 1.007524
Element [0,1]: -0.002574, 0.011482
Element [0,2]: -0.005946, 0.010953
Element [0,3]: 0.001804, 0.017440
Element [1,0]: -0.002574, 0.011482
Element [1,1]: 0.997070, 1.018169
Element [1,2]: -0.003637, 0.011435
Element [1,3]: -0.004778, 0.009442
Element [2,0]: -0.005946, 0.010953
Element [2,1]: -0.003637, 0.011435
Element [2,2]: 1.022525, 1.044786
Element [2,3]: -0.016293, -0.000273
Element [3,0]: 0.001804, 0.017440
Element [3,1]: -0.004778, 0.009442
Element [3,2]: -0.016293, -0.000273
Element [3,3]: 0.993673, 1.016102

Covariance Matrix:
0.983168 -0.004406 -0.003322 -0.000638
-0.004406 0.989637 -0.002800 0.012524
-0.003322 -0.002800 1.029152 -0.017786
-0.000638 0.012524 -0.017786 1.009085
Bootstrap Confidence Intervals for Covariance Matrix:
Element [0,0]: 0.971708, 0.991980
Element [0,1]: -0.014056, 0.004229
Element [0,2]: -0.011038, 0.004852
Element [0,3]: -0.008153, 0.005891
Element [1,0]: -0.014056, 0.004229
Element [1,1]: 0.980016, 0.999228
Element [1,2]: -0.010430, 0.004820
Element [1,3]: 0.005241, 0.019328
Element [2,0]: -0.011038, 0.004852
Element [2,1]: -0.010430, 0.004820
Element [2,2]: 1.018697, 1.039467
Element [2,3]: -0.024386, -0.009831
Element [3,0]: -0.008153, 0.005891
Element [3,1]: 0.005241, 0.019328
Element [3,2]: -0.024386, -0.009831
Element [3,3]: 0.998595, 1.019648

Covariance Matrix:
0.993471 -0.001689 -0.024144 -0.006514
-0.001689 1.048355 -0.013301 -0.021572
-0.024144 -0.013301 1.023173 -0.013129
-0.006514 -0.021572 -0.013129 1.044227
Bootstrap Confidence Intervals for Covariance Matrix:
Element [0,0]: 0.983412, 1.003850
Element [0,1]: -0.009732, 0.007008
Element [0,2]: -0.031532, -0.017127
Element [0,3]: -0.013885, -0.000069
Element [1,0]: -0.009732, 0.007008
Element [1,1]: 1.037489, 1.057167
Element [1,2]: -0.021366, -0.005905
Element [1,3]: -0.028883, -0.014639
Element [2,0]: -0.031532, -0.017127
Element [2,1]: -0.021366, -0.005905
Element [2,2]: 1.013070, 1.034368
Element [2,3]: -0.021419, -0.005686
Element [3,0]: -0.013885, -0.000069
Element [3,1]: -0.028883, -0.014639
Element [3,2]: -0.021419, -0.005686
Element [3,3]: 1.032175, 1.055270

Covariance Matrix:
1.026528 -0.000111 -0.017990 -0.013646
-0.000111 1.024276 -0.017580 -0.026906
-0.017990 -0.017580 1.007795 -0.014914
-0.013646 -0.026906 -0.014914 1.020875
Bootstrap Confidence Intervals for Covariance Matrix:
Element [0,0]: 1.014913, 1.035240
Element [0,1]: -0.007370, 0.007587
Element [0,2]: -0.024677, -0.009644
Element [0,3]: -0.020483, -0.006085
Element [1,0]: -0.007370, 0.007587
Element [1,1]: 1.012531, 1.034992
Element [1,2]: -0.025840, -0.011494
Element [1,3]: -0.035325, -0.019870
Element [2,0]: -0.024677, -0.009644
Element [2,1]: -0.025840, -0.011494
Element [2,2]: 0.997365, 1.018369
Element [2,3]: -0.021483, -0.008534
Element [3,0]: -0.020483, -0.006085
Element [3,1]: -0.035325, -0.019870
Element [3,2]: -0.021483, -0.008534
Element [3,3]: 1.011445, 1.029993

Covariance Matrix:
0.991850 -0.002468 -0.016688 -0.005974
-0.002468 0.974393 0.010844 -0.001455
-0.016688 0.010844 0.969616 0.005195
-0.005974 -0.001455 0.005195 0.963430
Bootstrap Confidence Intervals for Covariance Matrix:
Element [0,0]: 0.981904, 1.002014
Element [0,1]: -0.009256, 0.005299
Element [0,2]: -0.023915, -0.010848
Element [0,3]: -0.012679, 0.001992
Element [1,0]: -0.009256, 0.005299
Element [1,1]: 0.964875, 0.984020
Element [1,2]: 0.003476, 0.018227
Element [1,3]: -0.007578, 0.006136
Element [2,0]: -0.023915, -0.010848
Element [2,1]: 0.003476, 0.018227
Element [2,2]: 0.958222, 0.979224
Element [2,3]: -0.000751, 0.011917
Element [3,0]: -0.012679, 0.001992
Element [3,1]: -0.007578, 0.006136
Element [3,2]: -0.000751, 0.011917
Element [3,3]: 0.953555, 0.972962

Covariance Matrix:
1.070578 -0.009728 -0.006625 -0.005928
-0.009728 1.044040 -0.014042 -0.003164
-0.006625 -0.014042 1.040543 -0.018825
-0.005928 -0.003164 -0.018825 1.058560
Bootstrap Confidence Intervals for Covariance Matrix:
Element [0,0]: 1.058877, 1.082246
Element [0,1]: -0.017414, -0.001935
Element [0,2]: -0.014160, 0.002099
Element [0,3]: -0.014638, 0.001637
Element [1,0]: -0.017414, -0.001935
Element [1,1]: 1.034029, 1.054672
Element [1,2]: -0.021419, -0.007678
Element [1,3]: -0.010436, 0.004820
Element [2,0]: -0.014160, 0.002099
Element [2,1]: -0.021419, -0.007678
Element [2,2]: 1.030103, 1.051523
Element [2,3]: -0.026434, -0.011842
Element [3,0]: -0.014638, 0.001637
Element [3,1]: -0.010436, 0.004820
Element [3,2]: -0.026434, -0.011842
Element [3,3]: 1.048664, 1.070713

Covariance Matrix:
1.009061 0.001959 -0.004478 0.003373
0.001959 1.009203 -0.002838 -0.000649
-0.004478 -0.002838 0.978479 -0.005838
0.003373 -0.000649 -0.005838 0.991428
Bootstrap Confidence Intervals for Covariance Matrix:
Element [0,0]: 0.998287, 1.020965
Element [0,1]: -0.005963, 0.009063
Element [0,2]: -0.011619, 0.002573
Element [0,3]: -0.004292, 0.010097
Element [1,0]: -0.005963, 0.009063
Element [1,1]: 0.998254, 1.020152
Element [1,2]: -0.010836, 0.003213
Element [1,3]: -0.007644, 0.006167
Element [2,0]: -0.011619, 0.002573
Element [2,1]: -0.010836, 0.003213
Element [2,2]: 0.968967, 0.987399
Element [2,3]: -0.013284, 0.001152
Element [3,0]: -0.004292, 0.010097
Element [3,1]: -0.007644, 0.006167
Element [3,2]: -0.013284, 0.001152
Element [3,3]: 0.980708, 1.001442

Covariance Matrix:
1.062178 -0.009271 0.009007 0.017844
-0.009271 1.015234 0.003089 0.018516
0.009007 0.003089 1.043341 -0.026173
0.017844 0.018516 -0.026173 1.031315
Bootstrap Confidence Intervals for Covariance Matrix:
Element [0,0]: 1.051241, 1.072572
Element [0,1]: -0.016653, -0.001445
Element [0,2]: 0.001684, 0.017397
Element [0,3]: 0.009629, 0.025781
Element [1,0]: -0.016653, -0.001445
Element [1,1]: 1.005207, 1.025266
Element [1,2]: -0.002310, 0.010994
Element [1,3]: 0.010031, 0.026386
Element [2,0]: 0.001684, 0.017397
Element [2,1]: -0.002310, 0.010994
Element [2,2]: 1.032330, 1.054119
Element [2,3]: -0.033825, -0.017724
Element [3,0]: 0.009629, 0.025781
Element [3,1]: 0.010031, 0.026386
Element [3,2]: -0.033825, -0.017724
Element [3,3]: 1.018241, 1.041731

Covariance Matrix:
1.002931 -0.000104 0.018804 0.000316
-0.000104 0.994649 -0.000509 -0.002044
0.018804 -0.000509 1.048816 0.011871
0.000316 -0.002044 0.011871 1.001671
Bootstrap Confidence Intervals for Covariance Matrix:
Element [0,0]: 0.992288, 1.014474
Element [0,1]: -0.006205, 0.006927
Element [0,2]: 0.011512, 0.028139
Element [0,3]: -0.005726, 0.008320
Element [1,0]: -0.006205, 0.006927
Element [1,1]: 0.982908, 1.005075
Element [1,2]: -0.008399, 0.007221
Element [1,3]: -0.009792, 0.006084
Element [2,0]: 0.011512, 0.028139
Element [2,1]: -0.008399, 0.007221
Element [2,2]: 1.038606, 1.061355
Element [2,3]: 0.004406, 0.017749
Element [3,0]: -0.005726, 0.008320
Element [3,1]: -0.009792, 0.006084
Element [3,2]: 0.004406, 0.017749
Element [3,3]: 0.992894, 1.011892

Covariance Matrix:
1.069474 -0.009009 -0.005754 0.006160
-0.009009 1.113368 0.000618 -0.005273
-0.005754 0.000618 1.054263 -0.003698
0.006160 -0.005273 -0.003698 1.074370
Bootstrap Confidence Intervals for Covariance Matrix:
Element [0,0]: 1.060625, 1.079848
Element [0,1]: -0.017115, -0.001453
Element [0,2]: -0.014068, 0.000555
Element [0,3]: -0.002330, 0.014635
Element [1,0]: -0.017115, -0.001453
Element [1,1]: 1.101102, 1.124031
Element [1,2]: -0.006976, 0.009226
Element [1,3]: -0.013772, 0.004452
Element [2,0]: -0.014068, 0.000555
Element [2,1]: -0.006976, 0.009226
Element [2,2]: 1.043542, 1.064580
Element [2,3]: -0.012198, 0.003067
Element [3,0]: -0.002330, 0.014635
Element [3,1]: -0.013772, 0.004452
Element [3,2]: -0.012198, 0.003067
Element [3,3]: 1.063989, 1.084823

Covariance Matrix:
1.003982 -0.000167 0.000136 -0.010263
-0.000167 0.976939 -0.001990 0.003570
0.000136 -0.001990 0.996612 -0.014690
-0.010263 0.003570 -0.014690 0.984278
Bootstrap Confidence Intervals for Covariance Matrix:
Element [0,0]: 0.993494, 1.016041
Element [0,1]: -0.007402, 0.007318
Element [0,2]: -0.006385, 0.007748
Element [0,3]: -0.018252, -0.003216
Element [1,0]: -0.007402, 0.007318
Element [1,1]: 0.967242, 0.986831
Element [1,2]: -0.010317, 0.004749
Element [1,3]: -0.003707, 0.009771
Element [2,0]: -0.006385, 0.007748
Element [2,1]: -0.010317, 0.004749
Element [2,2]: 0.985245, 1.007958
Element [2,3]: -0.021851, -0.008470
Element [3,0]: -0.018252, -0.003216
Element [3,1]: -0.003707, 0.009771
Element [3,2]: -0.021851, -0.008470
Element [3,3]: 0.971522, 0.995691

Covariance Matrix:
0.992606 0.000602 -0.007585 -0.009038
0.000602 0.999039 -0.001370 -0.012401
-0.007585 -0.001370 1.051698 -0.001317
-0.009038 -0.012401 -0.001317 1.028667
Bootstrap Confidence Intervals for Covariance Matrix:
Element [0,0]: 0.979987, 1.004157
Element [0,1]: -0.007510, 0.008255
Element [0,2]: -0.014768, -0.000020
Element [0,3]: -0.016166, -0.002211
Element [1,0]: -0.007510, 0.008255
Element [1,1]: 0.989189, 1.008908
Element [1,2]: -0.009932, 0.006250
Element [1,3]: -0.020641, -0.005550
Element [2,0]: -0.014768, -0.000020
Element [2,1]: -0.009932, 0.006250
Element [2,2]: 1.039574, 1.064421
Element [2,3]: -0.007590, 0.006423
Element [3,0]: -0.016166, -0.002211
Element [3,1]: -0.020641, -0.005550
Element [3,2]: -0.007590, 0.006423
Element [3,3]: 1.019424, 1.039053

Covariance Matrix:
0.978241 0.006336 0.012939 0.002770
0.006336 0.994095 0.000682 -0.000648
0.012939 0.000682 1.005441 -0.000894
0.002770 -0.000648 -0.000894 0.980977
Bootstrap Confidence Intervals for Covariance Matrix:
Element [0,0]: 0.967565, 0.988255
Element [0,1]: -0.000389, 0.012621
Element [0,2]: 0.004890, 0.018783
Element [0,3]: -0.003134, 0.009704
Element [1,0]: -0.000389, 0.012621
Element [1,1]: 0.982229, 1.004989
Element [1,2]: -0.007063, 0.007194
Element [1,3]: -0.008077, 0.006655
Element [2,0]: 0.004890, 0.018783
Element [2,1]: -0.007063, 0.007194
Element [2,2]: 0.993986, 1.014855
Element [2,3]: -0.007896, 0.005600
Element [3,0]: -0.003134, 0.009704
Element [3,1]: -0.008077, 0.006655
Element [3,2]: -0.007896, 0.005600
Element [3,3]: 0.970113, 0.990916

Covariance Matrix:
1.010355 -0.003310 -0.005776 0.006127
-0.003310 1.000289 -0.000312 -0.001134
-0.005776 -0.000312 1.006938 0.007065
0.006127 -0.001134 0.007065 0.999804
Bootstrap Confidence Intervals for Covariance Matrix:
Element [0,0]: 1.000355, 1.019321
Element [0,1]: -0.009612, 0.004497
Element [0,2]: -0.013248, 0.001039
Element [0,3]: -0.002514, 0.013380
Element [1,0]: -0.009612, 0.004497
Element [1,1]: 0.990941, 1.009780
Element [1,2]: -0.007218, 0.006321
Element [1,3]: -0.008149, 0.006952
Element [2,0]: -0.013248, 0.001039
Element [2,1]: -0.007218, 0.006321
Element [2,2]: 0.996149, 1.017642
Element [2,3]: -0.001095, 0.014502
Element [3,0]: -0.002514, 0.013380
Element [3,1]: -0.008149, 0.006952
Element [3,2]: -0.001095, 0.014502
Element [3,3]: 0.987855, 1.008505

Covariance Matrix:
1.001834 0.008978 0.008391 0.012463
0.008978 0.996867 0.013309 0.024618
0.008391 0.013309 0.979630 0.019877
0.012463 0.024618 0.019877 0.999701
Bootstrap Confidence Intervals for Covariance Matrix:
Element [0,0]: 0.991683, 1.013371
Element [0,1]: 0.001531, 0.015294
Element [0,2]: 0.000740, 0.016038
Element [0,3]: 0.005551, 0.019708
Element [1,0]: 0.001531, 0.015294
Element [1,1]: 0.986373, 1.007505
Element [1,2]: 0.005936, 0.020547
Element [1,3]: 0.016361, 0.031912
Element [2,0]: 0.000740, 0.016038
Element [2,1]: 0.005936, 0.020547
Element [2,2]: 0.970201, 0.989393
Element [2,3]: 0.012861, 0.026447
Element [3,0]: 0.005551, 0.019708
Element [3,1]: 0.016361, 0.031912
Element [3,2]: 0.012861, 0.026447
Element [3,3]: 0.987764, 1.010077

Covariance Matrix:
1.010637 0.005881 0.008771 0.006977
0.005881 1.011150 0.014499 0.008809
0.008771 0.014499 1.016067 0.012979
0.006977 0.008809 0.012979 1.026066
Bootstrap Confidence Intervals for Covariance Matrix:
Element [0,0]: 0.998760, 1.019681
Element [0,1]: -0.000358, 0.012981
Element [0,2]: 0.001207, 0.017247
Element [0,3]: -0.000041, 0.016932
Element [1,0]: -0.000358, 0.012981
Element [1,1]: 1.001061, 1.023020
Element [1,2]: 0.006234, 0.023226
Element [1,3]: 0.001947, 0.016494
Element [2,0]: 0.001207, 0.017247
Element [2,1]: 0.006234, 0.023226
Element [2,2]: 1.005551, 1.024339
Element [2,3]: 0.004839, 0.020373
Element [3,0]: -0.000041, 0.016932
Element [3,1]: 0.001947, 0.016494
Element [3,2]: 0.004839, 0.020373
Element [3,3]: 1.015189, 1.038341

Covariance Matrix:
1.013585 0.001679 -0.001420 -0.012730
0.001679 1.027086 -0.010277 -0.008340
-0.001420 -0.010277 0.983184 0.003421
-0.012730 -0.008340 0.003421 1.010146
Bootstrap Confidence Intervals for Covariance Matrix:
Element [0,0]: 1.003504, 1.023574
Element [0,1]: -0.005307, 0.009146
Element [0,2]: -0.008623, 0.005082
Element [0,3]: -0.019666, -0.004787
Element [1,0]: -0.005307, 0.009146
Element [1,1]: 1.017125, 1.037922
Element [1,2]: -0.018827, -0.003434
Element [1,3]: -0.015623, -0.002577
Element [2,0]: -0.008623, 0.005082
Element [2,1]: -0.018827, -0.003434
Element [2,2]: 0.973833, 0.993233
Element [2,3]: -0.004218, 0.010311
Element [3,0]: -0.019666, -0.004787
Element [3,1]: -0.015623, -0.002577
Element [3,2]: -0.004218, 0.010311
Element [3,3]: 0.999413, 1.019612

Covariance Matrix:
1.064887 0.003010 -0.003984 0.011034
0.003010 1.021548 0.008831 0.002283
-0.003984 0.008831 1.020348 0.007138
0.011034 0.002283 0.007138 1.050822
Bootstrap Confidence Intervals for Covariance Matrix:
Element [0,0]: 1.053488, 1.074821
Element [0,1]: -0.004940, 0.012494
Element [0,2]: -0.011703, 0.003185
Element [0,3]: 0.003783, 0.018815
Element [1,0]: -0.004940, 0.012494
Element [1,1]: 1.012553, 1.030670
Element [1,2]: 0.000701, 0.015665
Element [1,3]: -0.004852, 0.008833
Element [2,0]: -0.011703, 0.003185
Element [2,1]: 0.000701, 0.015665
Element [2,2]: 1.009850, 1.030381
Element [2,3]: -0.000433, 0.013176
Element [3,0]: 0.003783, 0.018815
Element [3,1]: -0.004852, 0.008833
Element [3,2]: -0.000433, 0.013176
Element [3,3]: 1.042197, 1.059457

Covariance Matrix:
0.994365 -0.003539 0.008663 0.007897
-0.003539 0.984196 -0.016224 0.023279
0.008663 -0.016224 0.965774 -0.038429
0.007897 0.023279 -0.038429 1.002414
Bootstrap Confidence Intervals for Covariance Matrix:
Element [0,0]: 0.984037, 1.003863
Element [0,1]: -0.010887, 0.003912
Element [0,2]: 0.001309, 0.016709
Element [0,3]: -0.000981, 0.015140
Element [1,0]: -0.010887, 0.003912
Element [1,1]: 0.973420, 0.993996
Element [1,2]: -0.023293, -0.009370
Element [1,3]: 0.016002, 0.030757
Element [2,0]: 0.001309, 0.016709
Element [2,1]: -0.023293, -0.009370
Element [2,2]: 0.955190, 0.976355
Element [2,3]: -0.046270, -0.030383
Element [3,0]: -0.000981, 0.015140
Element [3,1]: 0.016002, 0.030757
Element [3,2]: -0.046270, -0.030383
Element [3,3]: 0.992920, 1.012332

