node1,node2,flow
1,2,0.0075986780833395
1,9,0.0354948954111932
1,14,0.0271997427412793
1,24,-0.0262848694278246
1,26,-0.0064824636720045
1,34,-0.044029329716523
1,43,-0.0034418488053427
1,44,0.023352738721021
1,50,0.0450543942068851
1,51,0.0325753597593221
1,53,-0.0195245308065219
1,68,-0.0078594768502677
1,84,0.0233021110706476
1,86,0.0295185450303637
1,93,0.057725211266449
1,135,0.0099043193639577
1,138,-0.0114721033937958
1,159,-0.0361268602817803
1,167,0.0422550556040782
1,173,0.03479259523524
1,190,0.039851324993507
1,197,-0.0315924270366841
1,202,-0.0034833119501996
1,211,-0.0106897499161395
1,222,-0.0111202627265597
1,232,-0.0200411241569065
1,233,0.0248510684684512
1,239,-0.0648607805122541
1,245,-0.042782074037375
1,246,0.0094891992447046
1,248,0.0072989554120016
2,6,-0.0086428161221375
2,7,0.0084420883427447
2,10,0.015464982610815
2,14,0.0238305572931864
2,28,0.0319947108567682
2,34,-0.0374567575631964
2,46,-0.0262302566095847
2,51,0.0311032157327463
2,63,-0.0185866450215531
2,64,-0.0006757624459576
2,65,-0.0035466118892175
2,85,0.0326612868691839
2,87,0.0053998814435563
2,112,0.013252631924216
2,130,-0.008251754217604
2,132,-0.0119706451618624
2,160,-0.001061999082494
2,170,0.0099422336827361
2,190,0.0348469875637822
2,213,-0.0271593927195626
2,220,0.0014374265615536
2,231,-0.01143051429812
2,234,-0.0202425873577643
2,239,-0.047966918956816
2,241,-0.0255775129894668
2,242,-0.0116787869311778
2,244,0.0385073632589188
2,247,-0.002542823920628
3,6,-0.0556113215131859
3,7,-0.0490108061358334
3,8,-0.0487511404396286
3,9,-0.0505690760799595
3,11,-0.0412097193248148
3,13,-0.0402518458646727
3,16,-0.070138321013028
3,94,-0.0442990365287107
3,132,-0.0649331613615708
3,141,-0.0581946222899707
3,156,-0.0535074370847957
3,172,-0.0425948832235102
3,203,-0.0553139266053904
3,208,-0.0530772331538138
3,212,-0.05771093178843
3,219,-0.0186645519052414
3,224,-0.0692558639527415
3,225,-0.0485973641486659
3,240,-0.0805199999359083
3,248,-0.0767407309661096
4,5,-0.0234704540803666
4,7,-0.0136936626235507
4,10,-0.0091641627371287
4,14,0.0010681015606312
4,15,-0.0153285898501765
4,16,0.0250616268757526
4,17,0.0030268851056519
4,22,0.0033918300271665
4,29,0.001607862451729
4,42,-0.0066856549037998
4,51,0.0089674647664509
4,58,-0.0185616579494321
4,75,-0.0454525355658544
4,97,-0.0290389564172566
4,116,0.0038179275577102
4,138,-0.0409421226864247
4,143,-0.0195652905136152
4,149,-0.0600759587772555
4,156,-0.0382819387376144
4,190,0.012391905789593
4,219,0.0411503867132952
4,234,-0.0435865090613817
4,241,-0.0466761238274908
4,242,-0.034441242663733
4,243,-0.0379046222601044
4,247,-0.0249979056948172
4,248,-0.0237350420139612
4,249,0.0004793422438303
4,250,-0.007462643483768
5,8,0.0352168532961569
5,9,0.0253252322279122
5,10,0.0226784333755741
5,18,-0.0100133812896932
5,20,0.0173916633108529
5,21,-0.0068805293529999
5,28,0.0240389267063426
5,50,0.0365103797085247
5,62,0.0224442569028642
5,81,0.003562406949393
5,107,-0.0132049303742909
5,120,-0.0246307941017554
5,132,-0.007753842500216
5,135,0.0040855513956091
5,140,-0.0166492406755431
5,151,-0.0117480649864698
5,156,-0.0217624125554376
5,159,-0.0339880270591677
5,177,0.0030606796957768
5,178,0.0017966646317966
5,187,-0.0117735569723579
5,194,-0.0229916691551094
5,216,-0.0230981723347219
5,236,-0.0036190042538451
5,242,-0.0120038264450562
5,249,0.0163181454053971
5,250,-0.0021544220801459
6,7,0.0090933888854974
6,9,0.0299377230178307
6,10,0.0344166007713491
6,14,0.0288297645965449
6,18,-0.0039531496775446
6,19,0.0231863043602084
6,21,-0.0020881948085275
6,24,-0.0159244291526741
6,25,-0.0122011341332108
6,33,-0.0129254463403624
6,88,0.000168221847673
6,97,0.0109732322262801
6,119,0.0068985315078987
6,154,-0.0090768786858248
6,168,0.0115302784223177
6,176,0.0224225817168066
6,177,0.0108845158545482
6,178,0.0056870354120368
6,183,0.0095767809797666
6,200,0.0116578549318764
6,211,-0.0022059654511064
6,221,0.0092925287910164
6,229,-0.029739159329656
6,246,0.0057897578323076
6,247,0.0024502825918202
7,12,-0.0069825602704663
7,13,-0.0103072436270749
7,14,0.0157863325550205
7,15,-0.0002547174811741
7,22,0.0163511219523501
7,65,-0.0100653419504489
7,120,-0.0219466163516425
7,127,-0.0265132894300513
7,130,-0.0126585806949503
7,131,-0.0203639381379494
7,142,0.0253159189162921
7,145,-0.0045219655691409
7,169,-0.0179643376988356
7,199,0.0167572104524677
7,210,-0.0073765906706598
7,211,-0.0073345625345088
7,213,-0.0253734776292985
7,218,-0.003976636353397
7,241,-0.0270451625468217
7,248,-0.0090381663280081
7,250,-0.001846571825911
8,11,-0.0214050737272673
8,13,-0.0388086696992875
8,16,0.0030126779301852
8,23,-0.0121896585032391
8,45,-0.0100343280493936
8,60,0.0274536653607329
8,75,-0.0584218641720173
8,77,-0.0432057409564115
8,86,-0.0375941477799482
8,88,-0.0432836962990226
8,101,-0.0462273115798898
8,138,-0.0542088041232242
8,142,0.0160324438244867
8,148,-0.0420547240498558
8,168,-0.0201261534341408
8,171,-0.0137474552636003
8,175,-0.040226237797787
8,203,-0.0108559672677959
8,205,-0.0360609697685647
8,209,-0.0352548243282093
8,212,-0.0443310572703483
8,215,-0.0286906265485616
8,232,-0.0595068509162777
8,245,-0.0547053257367257
8,246,-0.0172316670290389
8,249,-0.0101634637364883
9,12,-0.0167713984263096
9,13,-0.025439396653288
9,16,0.0032846242762105
9,18,-0.0225840994798258
9,19,-0.0117576551467152
9,22,-0.0086479005284513
9,26,-0.0175996755254021
9,35,-0.0044567590769218
9,71,-0.0299594069972351
9,81,-0.0151799075806922
9,115,-0.0225450031531842
9,131,-0.0413974826732043
9,145,-0.0276394323420727
9,166,-0.0394064813696546
9,180,-0.0297270657761124
9,185,-0.0251801827857593
9,187,-0.0209625604305127
9,197,-0.0575308468171015
9,207,-0.0178095233106501
9,217,-0.0086330688624577
9,242,-0.0327978842475065
9,249,-0.0042120864211936
10,14,0.0060382089653335
10,15,-0.0140785229449938
10,16,0.0491121222938249
10,17,0.0086330627882713
10,21,-0.0221662012875216
10,23,0.0029263087197553
10,35,0.0036761186196146
10,47,0.018431548635585
10,52,-0.0499686074513798
10,73,-0.0554861918955183
10,83,-0.010792213786879
10,93,0.0454145182257358
10,104,0.0088101147317089
10,117,0.0180578673625513
10,137,-0.0072920215670133
10,139,-0.0463213660158798
10,140,-0.0345313538592827
10,143,-0.0212809762407211
10,173,0.0197679181303742
10,178,-0.0088013403364133
10,185,-0.0276245220793425
10,198,-0.0222049479075216
10,211,-0.0338795285853302
10,215,-0.0327595397044841
10,217,-0.0167748361270146
10,227,-0.0340321628556652
10,233,-0.0058709332186897
10,240,-0.0445256858941749
10,249,0.0082516006421056
10,250,-0.006086413956451
11,12,-0.0238160291671308
11,13,-0.0256041020268166
11,15,-0.0100252795069786
11,16,0.0404376103346007
11,18,-0.0214125697141506
11,20,0.0041619812265364
11,21,-0.0188327802534649
11,32,-0.0029711113685135
11,37,-0.0368840226450351
11,55,0.0004498533493595
11,58,-0.0157442469210255
11,78,-0.0174793291577077
11,83,-0.0164087143562882
11,178,-0.0110575500329005
11,179,0.0218962754846646
11,181,-0.012652579604016
11,184,-0.0074296864088329
11,193,-0.0441792246707772
11,200,-0.0071440820478103
11,201,-0.0122630512972773
11,220,-0.0067896568693314
11,237,0.0056606550939123
11,238,-0.0027829333691477
11,248,-0.0124696529934732
11,250,-0.0159853970608432
12,13,0.0030040734909729
12,16,0.0445685531550562
12,17,0.0091705296398115
12,20,0.0160515335740167
12,25,-0.0141347563629277
12,61,0.0259603997771655
12,86,0.0169210459388518
12,88,-0.0004305413472093
12,101,0.0133998172924762
12,116,0.0100352221283492
12,130,0.0047963176546662
12,136,-0.0275007284411857
12,166,0.0123015450924787
12,176,0.0115388944730811
12,178,0.0017433443505829
12,188,0.0004336604322383
12,197,-0.0042495938582652
12,201,-0.0038460397846195
12,214,-0.0076560688790238
13,16,0.0605129841037336
13,20,0.0267565081366244
13,21,-0.0003066948876451
13,23,0.0189196693487063
13,26,-0.0008421676063571
13,56,0.0243991173260165
13,87,0.0035551075892768
13,109,-0.0044370475468043
13,124,-0.0084162630208599
13,147,-0.0025407846961349
13,166,0.0125741025991362
13,172,-0.0244192930378081
13,175,0.0099230920812176
13,183,0.0163837727298797
13,186,-0.0032022757390099
13,218,0.0169922176140929
13,235,-0.0056764403541975
13,236,0.0122103174971002
14,15,-0.016760399079339
14,16,0.0222544738997753
14,19,-0.0075012996196125
14,23,-0.0053425231023044
14,25,-0.0327840978228716
14,26,-0.0235741525197404
14,32,-0.006809489613237
14,51,0.004377758822732
14,60,0.0204461907774497
14,83,-0.0153881766793073
14,90,-0.0358977312672662
14,97,-0.0248715965104433
14,110,-0.0338930402112298
14,111,-0.01894062859675
14,123,-0.0084153960192104
14,136,-0.0467010551062839
14,180,-0.0250816046398219
14,190,0.0068215010884059
14,217,-0.0208789553849697
14,249,-0.0039476485549196
14,250,-0.0149648593838623
15,20,0.0049626514599935
15,21,-0.0064025573685394
15,24,-0.0197367787559764
15,26,-0.0070659941922701
15,28,0.0180338125304821
15,59,-0.002292709750458
15,70,-0.0431587079187999
15,104,0.0106655910008811
15,109,-0.0235451358813895
15,117,0.008899537021239
15,131,-0.019389871613631
15,155,0.0006426788802841
15,166,-0.0102162539489842
15,167,0.0191628590807973
15,176,0.0058855006473212
15,211,-0.0070798450533347
15,213,-0.0237385504026727
15,224,-0.0176777707288538
15,233,0.0001665403400308
15,246,-0.0023783430282354
16,18,-0.047410630006655
16,19,-0.0369326555551481
16,20,-0.037711762781893
16,22,-0.0235549558118829
16,24,-0.074024640667566
16,28,6.38993242892197e-05
16,44,-0.0276652117050904
16,45,-0.0241305381616502
16,51,-0.0034617491802819
16,60,0.0398693649141316
16,66,-0.0464041129592265
16,67,-0.0164402954826467
16,95,-0.0532446260309611
16,96,0.0040116313165778
16,98,-0.0128526262608459
16,107,-0.0524924498552545
16,135,-0.0443089761585637
16,179,-0.0032883315685185
16,184,-0.0493876111984535
16,186,-0.0462709644353883
16,193,-0.0758419875026697
16,209,-0.0534831193544541
16,215,-0.0400080529256968
16,222,-0.0832010272274553
16,245,-0.0756761569790604
16,249,-0.0123708380280155
17,18,-0.0155272053021328
17,21,-0.0122122930833746
17,23,-0.0024740853363354
17,25,-0.0247993346149541
17,27,0.009970569746747
17,29,0.0032445216291577
17,41,-0.0044688975565272
17,45,0.0028082071724518
17,55,-0.0125944008549437
17,58,-0.0139336858454367
17,63,-0.0244730135879042
17,79,-0.0157251861138596
17,84,-0.0172299544110538
17,100,-0.0058158375022962
17,110,-0.0257806366137318
17,131,-0.0287905786565456
17,173,-0.0101113672677809
17,198,-0.0216268514243868
17,202,-0.028004589818082
17,239,-0.0377113235940377
18,24,-0.0084596460954343
18,25,-0.010696507994532
18,26,0.0006920467907532
18,27,0.0173215889770902
18,29,0.0228160023939023
18,30,-0.012369300273107
18,31,0.0085320969538363
18,48,0.0348740975135939
18,66,0.0007814536338003
18,95,0.0094533912362992
18,152,0.0143755651110627
18,154,-0.0025462864165474
18,155,0.0073795030056836
18,170,0.0105184446615089
18,197,-0.0126684956989502
18,199,0.0222777088339378
18,204,-0.0164321948981206
18,227,-0.0012454614333739
19,22,0.0132519018139007
19,28,0.0117355824780903
19,30,-0.0443908068543018
19,32,-0.0006209801366049
19,43,-0.0161144411076302
19,64,-0.0230146977785503
19,75,-0.0317562669178603
19,89,0.0187133020219798
19,91,0.0025728858350421
19,96,0.0232346920627322
19,107,-0.0255082746025432
19,118,-0.0345868375226687
19,143,-0.0102679237617592
19,146,-0.0120663609175081
19,179,0.0209209831036295
19,187,-0.0234041375002105
19,191,-0.0005792509795407
19,200,-0.0086226749868158
19,211,-0.0228188701174394
19,226,-0.0257039449610262
19,233,-0.005544156887434
19,238,-0.0039211556708003
19,241,-0.0448535583839239
19,242,-0.026166078061545
20,21,-0.008977508293448
20,22,0.0133711941437815
20,24,-0.038335056477553
20,25,-0.0165580629768367
20,31,-0.0263962497526795
20,51,0.0236184071194843
20,67,0.016633176267435
20,74,-0.0467010564950488
20,79,-0.0111992048363888
20,86,-0.0085147265898803
20,88,-0.022590761474086
20,104,0.0120871861288645
20,110,-0.0356414644421826
20,111,-0.0084945949957437
20,120,-0.0489777851166395
20,132,-0.0339063258613397
20,147,-0.0412489550192528
20,158,-0.0381071551585681
20,171,0.0141196485366346
20,185,-0.0176680853044861
20,205,-0.0188038961443015
20,210,-0.0090049686490906
20,216,-0.0559812676012516
20,220,-0.015905643435608
20,223,0.0061840690995833
20,236,-0.0213045752194432
21,23,0.013817035967231
21,27,0.0152703812422834
21,32,0.006765475201691
21,33,-0.0073055877324587
21,34,-0.0196273011287173
21,120,-0.0073666902458064
21,145,0.0045379515665258
21,146,0.002924896280649
21,177,-0.0006256524400414
21,192,0.0013385520971314
21,194,-0.017168981046983
21,198,-0.0034337967891089
21,208,0.0097561828319809
21,227,-0.0043680484503634
21,237,0.014238598231303
22,23,-0.0037981169687435
22,27,0.0166763695720401
22,29,-0.0005871702729069
22,31,-0.0377604712085442
22,33,-0.045837386234206
22,35,-0.0024326731976415
22,55,-0.0258503424185136
22,61,-0.0096157002836532
22,62,0.0069131322256056
22,65,-0.0270589749742582
22,72,0.0165751829526241
22,98,0.004622948217472
22,99,-0.0248272316853348
22,101,-0.0398899724568444
22,111,-0.0218218292522795
22,132,-0.0446311789518261
22,152,-0.0334426538653367
22,183,-0.0316264049217835
22,192,-0.0151629722640298
22,202,-0.0432441030331949
22,209,-0.031246047852288
22,214,-0.0385468484564788
22,231,-0.0396150884325406
22,232,-0.0549165077073519
22,236,-0.0334187634626446
23,29,0.0050073027564248
23,33,-0.0270421010388639
23,35,-0.0014769027810922
23,51,0.0081977150887482
23,59,-0.0154687628588992
23,80,-0.0305541841681611
23,81,-0.0099663001586718
23,91,0.0015040478056707
23,92,0.0038253543093785
23,98,0.0081103069388561
23,112,-0.0081230751643581
23,121,-0.0361319675550065
23,148,-0.0239595073654656
23,161,-0.0264451636446351
23,195,-0.0130862975054273
23,213,-0.0369146035111138
23,228,-0.0149268512161761
23,230,-0.0288635386639183
24,25,-0.0026617314967653
24,26,0.0079668876300114
24,30,-0.0016957285603221
24,31,0.0231414578085797
24,33,0.0021991774255419
24,49,0.0360524198122446
24,78,0.0150278150373988
24,99,-0.0015822286681301
24,107,0.0062646031736489
24,111,0.0239817492162303
24,131,0.0046538799002221
24,135,0.0246907509458078
24,136,-0.0208881099477921
24,177,0.0225727788509114
24,191,0.0155730106545881
24,219,0.0441337603578773
24,224,0.0063659807849992
24,236,0.0207211460511817
24,243,-0.0016928817085943
25,30,-0.0027664928788386
25,33,0.0039864682180488
25,46,0.0016645151787279
25,71,-0.0004861588527731
25,72,0.0354602369284774
25,75,0.0075523657437079
25,104,0.0242369933188178
25,147,-0.0007127321133721
25,149,-0.0138349968579862
25,160,0.0081055169781264
25,186,0.0069923455482626
25,225,0.0171949520932062
25,230,-0.0038795391326592
25,231,0.0093438691311928
25,248,0.007256420740335
25,250,0.0128660346075583
26,28,0.0210764915549704
26,29,0.020199079756455
26,34,-0.0189638643049865
26,39,0.0273554359151003
26,55,0.0168490870738988
26,68,-0.0038705609133754
26,85,0.0214990565571384
26,110,0.0004619844907982
26,142,0.0221411529633287
26,148,-0.004253533507046
26,154,-0.0027377995332385
26,166,0.0036231256683751
26,180,0.0002865927597335
26,186,-0.0043962092370226
26,224,-0.0080929233662282
26,237,0.0144998193216231
27,31,-0.0190728165298212
27,32,-0.0165732991920263
27,40,-0.0071174688852875
27,86,-0.0426431794515615
27,129,-0.0232440059713662
27,152,-0.0232443937616575
27,166,-0.0213817607535798
27,172,-0.022092814254917
27,195,-0.0147163195524315
27,197,-0.0370444305501228
27,200,-0.0164835311426149
27,207,-0.0196901076268014
27,209,-0.0170250781877414
27,210,-0.0365620835717771
27,227,-0.0295820601184193
27,233,-0.0414556327145096
28,31,-0.0276741228447447
28,33,-0.0336996806889136
28,40,0.0017525232709671
28,70,-0.053097832830631
28,87,-0.0287616903164705
28,93,0.0069814607823886
28,100,-0.0117819827781925
28,102,-0.0048407864372544
28,106,-0.0378665743590121
28,110,-0.0359248216026767
28,118,-0.0417096168829061
28,137,-0.0276778021695125
28,142,0.0041791246055206
28,165,-0.0344310846095464
28,175,-0.0296002356024267
28,196,-0.0266094707696026
28,211,-0.023381050484616
28,237,-0.0011208471253764
29,35,-0.0068317000213374
29,39,0.0066851953631516
29,40,0.0079417567159144
29,42,-0.0106548307046652
29,59,-0.0192291620523636
29,68,-0.0309044716922495
29,96,0.0086760616949524
29,123,-0.0082365426475166
29,140,-0.0299411961442839
29,143,-0.0120552197965182
29,190,0.0037275185018401
29,205,-0.0240903413653154
29,211,-0.0215916475181888
29,218,-0.0192781614286768
29,220,-0.0200458238568029
29,221,-0.0059135709830143
29,222,-0.0255627975180876
29,232,-0.0394433099929479
29,250,-0.0145143652330774
30,35,0.0325474349277577
30,37,-0.0031021526577774
30,38,-0.0045716730232434
30,55,0.0480645782497123
30,56,0.0490778306980736
30,71,0.0061530461352244
30,73,-0.0031451963863378
30,84,0.045165052328584
30,108,0.0361938734455738
30,109,0.005561666919554
30,119,0.0312847979924434
30,135,0.0331997735426088
30,136,-0.0187383200623198
30,138,0.0204413148787368
30,141,0.0391345683621145
30,150,0.0125928808891098
30,162,0.0158417424171834
30,180,0.0268105018340925
30,197,0.0052947737703723
30,198,0.0193158271863794
30,202,0.0281025469903724
30,220,0.0393214185653642
30,233,0.0555408850814442
31,32,0.0141042645144873
31,33,-0.0194081653736725
31,37,-0.0243735909316491
31,40,0.0369031362766456
31,43,-0.0035687877358202
31,54,0.0255215326026988
31,71,-0.0125748069954716
31,74,-0.0074890733585584
31,84,0.0212152334506196
31,96,0.0455542516362819
31,111,0.0095497291777609
31,122,-0.014083672123449
31,124,-0.0156055394775124
31,125,-0.0382068400212396
31,135,0.0093724371568691
31,139,-0.0184934116444033
31,174,0.0002370511603939
31,177,0.0096936092721859
31,210,0.0101510361043062
31,218,0.0052578236384369
31,238,0.0175092063332971
31,243,-0.0151172904036623
31,245,-0.039798108822859
32,36,-0.0027110985342557
32,39,0.0176191888268522
32,42,0.0030371732137019
32,45,0.0056335235516222
32,46,-0.0227660991450499
32,115,-0.0172268612878313
32,119,-0.0241921939798233
32,120,-0.025256819990054
32,125,-0.026674907442759
32,126,-0.0251092832260574
32,130,-0.0243703095694362
32,168,-0.0060265441539621
32,182,-0.026356429058835
32,187,-0.00966203695743
32,189,-0.0195651527051873
32,200,-0.0058592562739141
32,231,-0.0134718076826726
33,38,-0.0106907705076475
33,45,0.0538150759088276
33,46,-0.0023612369982059
33,59,0.0219759176582506
33,97,0.0240775161512565
33,119,0.0181488145932959
33,142,0.0408524220131552
33,154,0.0069009941327714
33,155,0.0143508239812824
33,164,0.0164340199766844
33,169,-0.0001720188872269
33,171,0.0295772313689783
33,176,0.0285754262362172
33,202,0.0161379777808003
33,222,0.0177048588643473
33,229,-0.0153721509424427
33,232,0.0017617697176663
34,41,0.0142029781708906
34,43,0.0228011073694472
34,52,0.0307077548772945
34,61,0.05266599200412
34,88,0.0290289688170391
34,99,0.0083928183671386
34,116,0.0426939338211204
34,119,0.040303090251826
34,133,0.0277854028646898
34,136,-0.0119841880318803
34,144,0.0077027676188568
34,156,0.0103769313911425
34,174,0.0361423338801691
34,178,0.0254737181957044
34,210,0.0385222552352813
34,218,0.0419222095525441
34,223,-0.0027523916386806
34,224,0.0210206971669259
34,233,0.0628144118825675
34,249,0.0421960098171072
34,250,0.0111809433855404
35,36,-0.0060053581821633
35,45,0.008446798652049
35,47,0.0100703728626949
35,48,0.0188897951410291
35,63,-0.0236976457453607
35,78,-0.026335973913579
35,97,-0.0163945822182202
35,103,-0.0242628585375472
35,120,-0.0286285652117246
35,132,-0.0189765399528741
35,139,-0.0291744596085565
35,178,-0.0053542852661249
35,179,0.0160550999889195
35,186,-0.0169417712846033
35,189,-0.0200414028275487
35,195,-0.0099002206030277
35,204,-0.0366103295527713
35,218,-0.0137308643076864
36,39,0.0195222535666524
36,41,-0.0100094484159372
36,42,-0.0044664428539534
36,47,0.0217907694016989
36,50,0.0256262586843394
36,52,-0.009900095953569
36,65,-0.014903472162823
36,67,0.0214054896992433
36,72,0.0209703614879848
36,79,-0.0154179652574087
36,84,0.0097650460363041
36,89,0.0189824505678119
36,98,0.0223960244510958
36,103,-0.0306786208645465
36,116,0.0103968804496087
36,134,-0.0242431490624833
36,135,0.0026771826512566
36,140,-0.0171041379407831
36,149,-0.0400605510954549
36,163,-0.0004137735681788
36,207,0.0176779489246683
36,229,-0.0325638397911997
36,237,0.0099915280785247
37,38,-0.0017301882666608
37,50,0.0476043466048647
37,83,0.015169413450981
37,88,0.0142484552394255
37,111,0.0240646111042168
37,118,0.0055679223404601
37,128,-0.0133256867234962
37,140,0.0075506514154977
37,146,0.0195518139157342
37,152,0.030719248529555
37,154,0.0132952075612653
37,158,0.0289831795357383
37,163,0.0232238024034556
37,174,0.0201467740104421
37,175,0.0201123612381313
37,191,0.0234060011398996
37,196,0.0154713635994682
37,201,0.0169597448137625
37,213,0.0059434884589412
37,216,0.0104320692735853
37,240,0.0168473280640371
38,40,0.0312126419921819
38,42,0.023146281146591
38,47,0.0319068681064147
38,49,0.0350988203124618
38,56,0.0004049719453803
38,75,0.0116858918242885
38,107,0.0152465019855598
38,109,0.0038335795833291
38,110,0.0101114508198205
38,120,0.0089333458215578
38,138,0.0049587933053639
38,147,0.0030726808840679
38,163,0.0240763387355386
38,172,0.0065966545856111
38,174,0.0102045631509305
38,213,0.0006149174865401
38,216,0.0023291954145697
38,232,-0.000470905388913
39,42,-0.020708214359805
39,45,0.0039577050178951
39,47,-0.0019839638906388
39,48,0.00537289975654
39,51,-0.0046547861636838
39,60,0.0046554954624468
39,69,-0.0388545657189356
39,86,-0.0201300802663997
39,92,-0.0142177429647955
39,102,-0.0055609628612068
39,115,-0.0381733358520791
39,139,-0.0398301373670129
39,152,-0.0193498799929265
39,173,-0.0139417950236443
39,196,-0.0290987115025804
39,206,-0.0110342141448312
39,233,-0.0208905145573361
39,234,-0.0290063134383285
39,246,-0.0248594529921589
39,249,-0.0127102306714586
40,41,-0.015587559059461
40,44,-0.011695378328528
40,45,-0.013102387167754
40,47,-0.0048492916899285
40,50,0.015437667967824
40,53,-0.0371002253487228
40,80,-0.0544524788861242
40,86,-0.0438271240125986
40,119,-0.0453707527445541
40,122,-0.0300853747976837
40,150,-0.0190579609360511
40,153,-0.0571833077891421
40,155,-0.0163535632182124
40,161,-0.0377484387860213
40,190,-0.0061214238099253
40,193,-0.0445260449767618
40,199,-0.00315849041055
40,205,-0.0320320980812298
40,218,-0.0343843833683806
40,228,-0.0262301263575624
41,44,0.022926640387778
41,45,0.0322473501389091
41,47,0.0186829936873231
41,48,0.0192925849747314
41,54,0.0233096192018977
41,56,0.0061149235223945
41,66,-0.0015640421847164
41,81,0.0009191709520388
41,106,0.0013085358474632
41,130,0.0002905901412916
41,135,0.0048490058845832
41,137,-0.0014020285166158
41,138,0.000296364749545
41,174,0.0035444174290646
41,184,0.0110891604277374
41,192,-0.0048588368592174
41,235,-0.0136008429356893
42,43,-0.0001639276143855
42,45,0.0146483093602264
42,47,0.0111731242537674
42,53,-0.002221631293579
42,78,-0.021718866101681
42,110,-0.0090778874335653
42,114,0.0141807105312496
42,119,-0.0129432841692705
42,132,-0.0032803553598133
42,144,-0.0167219437397575
42,158,0.0003592367417532
42,182,-0.0225062097531109
42,184,-8.78114349518316e-05
42,203,0.0042616317628977
42,216,-0.0161865685082096
43,44,0.0201361206019008
43,45,0.0293245877378482
43,48,0.0255698735872253
43,52,-0.0053148623176354
43,54,0.0225072810215256
43,56,0.0013456578456305
43,62,0.0137441299011001
43,78,-0.0101182475766512
43,87,-0.0071842242156216
43,99,-0.0136842701549647
43,110,-0.0026970509522563
43,116,0.0081017979609238
43,145,0.0023782129835118
43,151,-0.013436471161754
43,158,0.0078072243385974
43,184,0.0067176206485277
43,196,-0.0054049623896638
43,232,-0.0142729303619876
44,49,-0.0024499768436433
44,50,0.0187892311284722
44,54,0.004482002463896
44,55,-0.0104825977710968
44,56,-0.0173824653784784
44,57,0.0058556055190804
44,64,-0.0275599307429791
44,74,-0.0372985792831245
44,101,-0.024007272273344
44,102,0.0018603859070913
44,112,-0.0099332609470006
44,121,-0.0407747878631987
44,128,-0.0457966180012495
44,154,-0.0385766026477262
44,157,-0.0277103412916789
44,181,-0.0222408953786095
44,188,-0.0263154497431728
44,195,-0.0206248878889024
44,199,0.0055624364392635
44,207,-0.0037810321500501
44,219,0.0273572486519044
44,233,-0.0127314935438927
45,46,-0.0654419955818737
45,48,0.0242821108757662
45,49,-0.014897128261083
45,51,0.0034098955026865
45,53,-0.0544904804647185
45,55,-0.0298187272267503
45,57,0.0003547040861665
45,62,0.0018890996929621
45,66,-0.0367305670699782
45,72,0.0111446195657274
45,85,0.0052502334147254
45,95,-0.0340502549366736
45,111,-0.026461096395337
45,114,0.0124961763981967
45,152,-0.0376009813450763
45,156,-0.0513815410576385
45,157,-0.041472074459433
45,177,-0.027240204750864
45,209,-0.0381050478528171
45,225,-0.0234885851691462
45,240,-0.0588565752075575
46,47,0.0462810419466279
46,51,0.0411472987252154
46,52,0.0160363519526189
46,53,0.0098133311016938
46,57,0.0518210038158793
46,59,0.0290452614328168
46,61,0.0408258987603405
46,78,0.0204038327546462
46,100,0.027211277790908
46,103,-0.0178002950901995
46,112,0.0317292573787617
46,127,0.0155364624608378
46,165,0.0004560891020396
46,177,0.0280487052001991
46,183,0.0286173212902712
46,184,0.0302737098229758
46,185,0.011940119945262
46,207,0.0479894225999906
46,217,-0.0017603944178443
46,229,-0.0137471130427495
46,234,0.0169817482309356
47,48,0.0123898324681457
47,49,-0.008104527512094
47,51,-0.0006993628540291
47,54,-0.0001444654580825
47,55,-0.0247074338984047
47,56,-0.0380713423483011
47,57,-0.0067082280608061
47,59,-0.0294839704438687
47,72,0.0056412535846838
47,108,-0.0161189446699291
47,113,-0.0435042911833304
47,123,-0.0093252093119238
47,153,-0.0528634301488603
47,191,-0.0052799791941363
47,193,-0.0466391372369018
47,196,-0.0286243916071756
47,231,-0.0337706922463104
48,50,0.010893455509717
48,53,-0.0446407661269399
48,54,-0.009516602203934
48,56,-0.0630167909284927
48,61,-0.0216937723860944
48,67,-0.025291851590056
48,80,-0.066159417390544
48,117,-0.0169964159987608
48,134,-0.0491383023856758
48,153,-0.0672459905137066
48,154,-0.0588806395476114
48,183,-0.044420666798886
48,187,-0.032494350902898
48,192,-0.0185443325007654
48,201,-0.0257341227079367
48,203,-0.0235546088268223
48,207,-0.0365509995446143
48,220,-0.0489472181480799
49,50,0.0166116214668592
49,51,0.0053414430734392
49,52,-0.0307050136589006
49,57,0.0070940382852028
49,58,-0.0195951417911654
49,61,0.0003761538238621
49,76,-0.00568911533814
49,89,0.0093579956104458
49,98,0.0075326296738054
49,108,-0.008014417157835
49,119,-0.0210925571605814
49,152,-0.0123853940084205
49,158,-0.0178175194436673
49,177,-0.0166782603304774
49,182,-0.0435048615721069
49,191,-0.0084719314001834
49,201,-0.0168917177222609
49,231,-0.027729886318842
49,237,0.0007266406690779
49,246,-0.0157269951435693
49,248,-0.0190385032777833
50,52,-0.049926744109863
50,53,-0.0357697571725365
50,54,-0.0104999727636945
50,56,-0.0612346860336056
50,57,-0.0281739398354584
50,58,-0.03275829112328
50,62,-0.0212692029924773
50,86,-0.0578196883946192
50,94,-0.0235045385950961
50,114,-0.003371404381645
50,119,-0.0520593464149454
50,126,-0.0517470037125062
50,179,-0.0122124234105511
50,241,-0.0426246683075542
51,52,-0.0419543664086034
51,53,-0.0315515708047651
51,54,0.0020755264902516
51,58,-0.0211239089842578
51,64,-0.0221256742591493
51,88,-0.0352594060855415
51,102,-0.0036410859455636
51,158,-0.0342064181055561
51,159,-0.0452865830448958
51,163,-0.0048154678686985
51,187,-0.0241031266930884
51,230,-0.0325984398139004
51,250,-0.0113290368268674
52,53,-0.0054353700686628
52,54,0.0370343980060232
52,55,0.034828750194648
52,56,0.0396253757327471
52,58,0.0094612275112285
52,61,0.0333758612770744
52,62,0.0400681643191245
52,63,-0.0139826204884399
52,97,0.0207322117263107
52,99,-0.0036191074937931
52,106,-0.0054437489153649
52,112,0.0299790171801397
52,185,0.0043750164372062
52,186,0.0005743402168912
52,208,0.0230726869748296
52,213,-0.0073103995086799
52,221,0.0165655227094089
52,231,-0.0034830793007928
52,243,-0.0023860361860692
52,244,0.0226757307910245
52,247,0.00939554343041
52,249,0.0333894799427874
53,55,0.0337430122751363
53,61,0.0308037411107422
53,62,0.0288386398809219
53,68,0.0071333120823823
53,73,-0.0146937099217657
53,86,0.0392976160731997
53,87,0.0092265218905439
53,88,0.0071054616371774
53,129,-0.006802982434818
53,139,-0.0051930751764107
53,149,-0.0336062977796659
53,175,0.011508592364975
53,183,0.0182017999246593
53,210,0.0175247245866776
53,216,0.0031863177077018
53,238,0.0223301376626616
53,248,0.0152729408872813
54,55,-0.0151019352359931
54,57,-0.0030444373439552
54,59,-0.0229537803181207
54,62,-0.0050182393389931
54,63,-0.0394302694861777
54,67,-0.0044399158860444
54,69,-0.0418266504411766
54,74,-0.0412521054983745
54,99,-0.0331091096906648
54,137,-0.0238111149701276
54,155,-0.0186358510134319
54,160,-0.029306122523884
54,167,-0.0008492217303912
54,177,-0.0260902115603671
54,210,-0.0264027340116967
54,219,0.0155250849010008
55,59,-0.0119576437168431
55,60,0.0348963983936522
55,62,0.0209228794047016
55,68,-0.0225171133808994
55,78,-0.0098876903606865
55,85,0.0225037112217941
55,127,-0.0384824011346224
55,143,-0.009023173467078
55,151,-0.0189900159949304
55,161,-0.0369185147792773
55,179,0.0315053177710316
55,180,-0.0104036559402132
55,183,-0.0114008677866744
55,197,-0.0484171879810633
55,201,-0.0011992489348563
55,209,-0.0173575796632349
55,215,-0.0265218192029669
55,218,-0.0110889366385425
55,219,0.0539936203631197
55,238,0.0088288764936258
55,244,0.0184463595411641
56,58,0.0023231547766174
56,59,-0.0107852050881906
56,67,0.0346219545944565
56,69,-0.0367803710596059
56,84,0.0168637529150496
56,90,-0.0294968250121547
56,91,0.0123458627507613
56,113,-0.0402959169908565
56,118,-0.0276272912626817
56,127,-0.0464106885757315
56,130,-0.013557942568643
56,132,-0.0269697845504242
56,141,0.0191783034657952
56,148,-0.0124801352421774
56,167,0.049854676654198
56,169,-0.0246391193470663
56,175,-0.0123870782615233
56,181,-0.0113781989814052
56,190,0.0460233316451647
56,194,-0.0169351637210203
56,207,0.0147616214048102
56,209,-0.0114938253749256
56,212,-0.0228910448558869
56,216,-0.0498844355725075
56,218,-0.0094852951764803
56,239,-0.0691716227586129
57,59,-0.0307298962049147
57,60,0.0346273747040076
57,61,-0.0087216898074061
57,68,-0.0417308651525962
57,76,0.0034461715009692
57,77,-0.0363442812385461
57,82,-0.012934647501481
57,84,-0.0172201409016622
57,113,-0.0477513576477801
57,123,-0.0020708511010567
57,126,-0.0456638763379397
57,132,-0.0418021119999353
57,163,0.001423892148974
57,174,-0.0352466058359101
57,178,-0.0113349935041723
57,182,-0.0445761680689374
57,185,-0.02893387427147
57,188,-0.0307196279161116
57,221,0.0012057523732145
57,236,-0.0319003838340483
57,242,-0.0383913002900221
57,249,-0.0018087011297006
58,65,-0.0044632319452064
58,69,-0.0154521154803152
58,74,-0.0150110725760848
58,93,0.0317261602782846
58,111,0.0018245574576987
58,132,-0.0014357488190318
58,145,0.0015027588594976
58,152,0.0045041893793215
58,153,-0.0164799649790304
58,159,-0.0218361023328781
58,180,-0.0030610830494335
58,229,-0.0250132780364556
58,234,-0.0044000679740018
58,235,-0.010857407158359
58,237,0.0173852430838122
58,245,-0.0212759396396844
59,61,0.0168087627048224
59,63,-0.0248711826862224
59,65,-0.0136015761007518
59,66,-0.0096025670220768
59,67,0.0295759655205
59,72,0.0312993979714194
59,75,-0.0168106979761745
59,90,-0.0174765025028871
59,91,0.0177489559806004
59,108,0.0146559168825084
59,116,0.0214392271583448
59,129,-0.0132411291980748
59,135,0.0051334515884364
59,143,0.0038814428202524
59,148,-0.0092634245371597
59,165,-0.0171533478340021
59,216,-0.024360132339736
59,220,0.0061943887112943
59,227,-0.0113318842133649
60,66,-0.0287108272810604
60,68,-0.0474876246128507
60,70,-0.0354804102569306
60,71,-0.0465503645943821
60,72,-0.0188855316379932
60,73,-0.0377504097300611
60,96,-0.0322888366928395
60,129,-0.0355086998334846
60,163,-0.0215911013286794
60,214,-0.0364365579357296
60,224,-0.0457768560938061
60,234,-0.0285788692840968
60,238,-0.0495721039714303
61,62,0.0046776537022169
61,69,-0.0341260896741984
61,84,-0.0058635259224356
61,86,-0.005387615375843
61,91,0.0002825824924789
61,93,0.0243866866616725
61,100,-0.00400627080024
61,114,0.0090272344526229
61,122,-0.0291607148032657
61,157,-0.025361775157131
61,162,-0.021309094957332
61,167,0.0114695300907148
61,178,-0.0138278016560417
61,191,-0.0060278263409726
61,206,0.0030136409216815
61,219,0.0278682229358648
61,234,-0.031047343871964
62,68,-0.0361839153718229
62,69,-0.0502282049284321
62,72,0.0092858917212749
62,75,-0.0395150339894283
62,97,-0.0286730023085553
62,105,-0.031174094376182
62,142,0.0125012843912063
62,146,-0.0124881538827803
62,166,-0.034111107898163
62,176,-0.0145819678491863
62,200,-0.0151212710375712
62,202,-0.0366125406790114
62,220,-0.0275461263553155
62,221,-0.0001523087912412
62,222,-0.0319748099403736
63,67,0.0403337445886787
63,68,0.0130094019885026
63,70,-0.0223834861991358
63,74,0.0142883995239864
63,75,0.0177609743244849
63,96,0.0466418450602991
63,111,0.0219700668099967
63,117,0.0238831244548909
63,121,0.0071424547940994
63,132,0.0220080991806367
63,138,0.0133709460908814
63,156,0.0005158594506899
63,161,0.0022425036848272
63,165,-2.58475186899077e-05
63,167,0.0375741537971337
63,188,0.011882718186502
63,210,0.0189808877164504
63,240,0.0171178440766637
64,67,0.0182433980610607
64,68,0.0002693828907673
64,69,-0.0050821721580903
64,70,-0.0108234639032361
64,72,0.0250714857433951
64,74,-0.0050736526860141
64,76,0.0135778869286191
64,94,0.0231710483183845
64,116,0.0114840395361656
64,134,-0.0096042800215588
64,138,0.0008082943851887
64,169,0.0001362303979332
64,181,0.0071494795889091
64,220,0.0072525092182926
64,230,-0.0075536923831066
64,239,-0.0119547503572841
64,245,-0.0047865897485745
65,66,0.004742293454133
65,67,0.022566955284708
65,74,-0.0011381154698841
65,75,0.0084046739262216
65,78,-0.0037309709181904
65,83,0.0032787850021844
65,87,-0.0014305464103257
65,91,0.0271638334534477
65,95,0.011945031214044
65,104,0.0173511793964209
65,156,-0.0041051247757004
65,192,0.0048624521065158
65,197,-0.0058064383754373
65,207,0.0218263703314022
65,227,0.0018356168972989
65,234,0.0111802284078089
66,67,0.0250651289245331
66,68,-0.0022592136756429
66,69,-0.0051087242756938
66,71,-0.0106361498878925
66,73,-0.0141397660688954
66,74,-0.0046676813714634
66,75,0.0009299951850472
66,77,0.0091602520516169
66,93,0.0356144828182034
66,104,0.0185854678564368
66,147,-0.0088843116082714
66,177,0.0042373785341389
66,182,-0.0198850887575893
66,194,-0.0164655136947813
66,195,0.0052787238256603
66,202,0.0019388918450855
66,247,0.0039664689097312
67,72,0.0158368360689632
67,76,0.0050486320056579
67,77,-0.0352454504248465
67,80,-0.0565745410530617
67,84,-0.0161213100879626
67,92,0.0062405329350445
67,98,0.0041197704646389
67,109,-0.0545223534117842
67,114,0.0206955114449152
67,144,-0.057224966347852
67,154,-0.0520165860323303
67,158,-0.0439058048448828
67,168,-0.010913936550961
67,189,-0.0348283914819667
67,191,0.0055443170404311
67,194,-0.0352730717051166
67,233,-0.0311926939508256
67,242,-0.0371210597479895
68,71,-0.0026769759503975
68,77,0.0076900001364561
68,78,0.0080181075351555
68,81,0.0161805059764454
68,90,-0.0061518190436195
68,99,-0.0007267441814939
68,106,-0.0104767789385408
68,109,-0.0163938591604227
68,123,0.0207564873334896
68,124,-0.0064979821222045
68,127,-0.0122236369847782
68,161,-0.0121747096490964
68,179,0.0482773085341459
68,182,-0.0187066196852765
68,185,0.0026507783425813
68,202,0.0036798466906228
68,225,0.0150115957579271
68,250,0.011397031437057
69,70,-0.0582230289002313
69,72,0.0571986730666888
69,74,0.0015853823246847
69,79,0.0035245987843879
69,80,-0.0097889040433534
69,88,0.0118669227299655
69,100,0.0402714536302008
69,101,0.0121886263765823
69,115,0.0078468999490443
69,134,-0.0060019231992468
69,139,-0.0091930970773332
69,163,0.0305751797887191
69,165,0.0001619598625472
69,174,0.0124822704652308
69,175,0.0114565829057464
69,178,0.0224852760515488
69,182,-0.0172900546443498
69,183,0.0164520161255779
69,197,-0.0229947920901152
69,204,-0.0426809682104232
69,222,-0.0022723932054236
69,224,-0.0013288022742041
69,226,0.0047770926528489
69,227,0.0044300606607768
69,236,0.0117396548750666
69,246,0.0281619260882671
70,71,0.0201466276376021
70,74,0.0585254382045941
70,77,0.0620221601770721
70,78,0.0438250248705141
70,79,0.0178321645835341
70,80,0.0651486690796379
70,86,0.0791731638979364
70,129,0.0208667831317109
70,133,0.0436516296913543
70,139,0.0336072925841394
70,146,0.0310798191426939
70,166,0.0575493917110219
70,169,0.0280991957840334
70,173,0.0545005249901482
70,180,0.0475406869168883
70,198,0.0373327737508923
70,243,0.0225798509386454
71,73,-0.0047475017319487
71,74,-0.0043532609512308
71,75,0.0039062091557078
71,76,0.0252961684188981
71,80,0.0034709873326004
71,82,0.0084996314454173
71,104,0.0256525727425992
71,121,-0.0049869345804999
71,126,0.0042077138322591
71,142,0.0384840798380552
71,197,-0.0096461507388572
71,203,0.0295540815214471
71,211,0.0122178129325301
71,240,0.001605104533388
71,245,-0.0082486615395864
71,247,0.012170255123611
72,77,-0.0341599272743016
72,78,-0.0441056272451946
72,80,-0.0477191365820503
72,84,-0.0299001636263964
72,89,0.0008192856880604
72,153,-0.0524218283310374
72,159,-0.0470809412582237
72,162,-0.0273666208178677
72,177,-0.0366645864593573
72,208,-0.0234199760881033
72,221,-0.0079506040898065
72,224,-0.042956367260112
72,233,-0.043664833468979
73,74,0.0217465893414743
73,78,0.0198497952302752
73,80,0.0255616062541498
73,81,0.0241376516947561
73,91,0.0447140797544199
73,98,0.0484128593764038
73,100,0.0288265895049082
73,105,0.020188243836785
73,109,0.0073497338350699
73,111,0.0288128806177322
73,124,0.0053963619157475
73,135,0.0295218823473096
73,137,0.0275369712465082
73,160,0.0098930515005748
73,180,0.0234915652508995
73,204,-0.0025962635599039
73,223,-0.0044007815435272
73,224,0.0112069057316592
73,237,0.0312938851912512
74,75,-0.0089464346464188
74,76,0.0375245003185989
74,77,0.009186833775966
74,79,0.0033662556385904
74,80,-0.0112764644196349
74,85,0.0502753898507428
74,86,0.0473774520741972
74,90,-0.0070465692845069
74,95,0.0165309945485263
74,109,-0.0189802414290479
74,112,0.0347893332813201
74,116,0.0482918940031821
74,157,0.0070926765207605
74,163,0.0305666603166429
74,193,-0.0287628467512028
74,212,-0.0033551767655473
74,219,0.0840607161817953
74,224,-0.0021560535622994
74,227,0.0034831045074935
74,240,-0.0025463396883598
74,245,-0.0338371536160813
75,78,0.0172575838902799
75,82,0.0006421418537104
75,84,0.0384848699715303
75,86,0.0511638856483834
75,87,0.0189649760967624
75,88,0.0095569818289716
75,107,-0.0059306930214938
75,118,-0.0070442863104329
75,123,0.0167276405425277
75,126,0.0089456104212559
75,156,-0.0151036386021497
75,157,0.0055431607024637
75,184,0.0201721455602262
75,214,-0.0104092927186555
75,221,0.0143025621673993
75,237,0.0321279996955693
75,245,-0.038720090895829
75,247,0.0068543211830915
75,249,0.0325761151757291
76,77,-0.0152388111704519
76,80,-0.0243128838954715
76,81,-0.010896998272177
76,82,-0.0145799685851339
76,84,-0.0178066587063929
76,85,0.006611650500094
76,89,0.0071457474180602
76,99,-0.017955409349556
76,123,-0.0025411308461908
76,180,-0.0213294375317398
76,187,-0.0122581053773342
76,193,-0.0238375442490259
76,204,-0.0286676383065142
76,208,-0.0086036749277124
76,230,-0.0205877165576449
76,236,-0.0156345037902103
77,81,0.0067920606509535
77,84,0.0217737603573889
77,85,0.0289004135766422
77,86,0.0287637666163351
77,87,0.0063518322098917
77,88,-0.0038680775311694
77,97,0.0035265924662411
77,126,-0.0063129214595296
77,130,-0.0006032119267716
77,136,-0.0365407327465255
77,146,0.0007801615948884
77,153,-0.0223141804357827
77,181,0.0029728919032776
77,184,0.0071775443147761
77,185,-0.0078205543229556
77,198,-0.0031363086455149
77,202,-0.0027982979518698
77,203,0.0314769661609628
77,208,0.0090805459913079
77,215,-0.0187887995612009
77,226,-0.0130331392471399
78,88,-0.002535479783503
78,89,0.048060917003521
78,91,0.0225455390622285
78,128,-0.0092097356899345
78,143,0.0086780259018805
78,145,0.0058163277224474
78,158,-0.0084463619040895
78,172,-0.0156949520983402
78,183,0.0030745400253533
78,186,0.0013258427270935
78,189,-0.0022695645489406
78,218,0.0034869242595735
78,227,-0.0065353011317368
78,235,-0.0002678510535334
78,240,-0.0160362973315843
78,243,-0.0096231166309768
79,81,0.0087310236239431
79,84,0.0105725302124615
79,90,0.0033456068989551
79,91,0.0266428228566873
79,95,0.0114240206172836
79,114,0.0250458020926675
79,118,-0.0065271585267112
79,145,0.0092128230266773
79,174,0.0058039816852307
79,181,0.0080884140564426
79,202,0.003962471905397
79,203,0.0213679783623951
79,208,0.0147603852150637
79,209,0.0092384440942471
79,214,-0.0026161498746472
79,240,0.0032613655269674
80,81,0.0187413677362476
80,83,-0.0016009629210999
80,84,0.043487672767343
80,87,0.0223963387386414
80,89,0.0498194692746005
80,90,-0.0071159074959272
80,96,0.0694841942627373
80,98,0.0488178701465545
80,115,-0.0050107879726165
80,117,0.04077246425651
80,128,-0.0299468438370799
80,129,-0.0062579997095253
80,132,0.0073376677940961
80,134,-0.0137854606917619
80,139,-0.0104135063171552
80,151,0.0091786058648984
80,217,-0.0075216176996186
80,227,0.0045157229092874
80,229,-0.0362302715045316
80,230,-0.0330639853289593
80,232,-0.0061704719397513
80,235,0.0029179958454095
81,86,-0.00425190162525
81,93,0.0303890147512494
81,94,0.0092109096221259
81,107,-0.0099670215229546
81,108,0.0033190590940917
81,136,-0.0271063371548097
81,144,-0.0282834358774186
81,179,0.026371818895632
81,183,-0.0051201471133134
81,190,0.0186341343089187
81,197,-0.0307846193918732
81,203,0.0135073469864542
81,211,-0.0066180446030921
81,218,-0.0045541957128727
81,239,-0.0399615588250801
82,88,-0.0075262860994761
82,91,0.0202916258611946
82,94,0.0182032642082295
82,95,0.0053881287223674
82,105,0.0042011400553626
82,127,-0.0154634006164353
82,153,-0.01037664112475
82,154,-0.0006493954786085
82,158,0.0057646391438413
82,170,0.0065894235415778
82,181,-0.0007799865343907
82,182,-0.0104008230478487
82,189,-0.001644125892022
82,222,0.0062273777032052
82,231,0.0051187646680913
82,243,-0.0181555971661198
82,248,-0.0071472471175961
83,88,-0.0121366141631543
83,90,-0.0025887824172357
83,93,0.0110328067318886
83,94,0.0133193971523922
83,95,0.0015253340440599
83,109,-0.0093039474523614
83,130,-0.0100037977081268
83,169,-0.0079653863821839
83,187,-0.0022574972065078
83,196,-0.0061990293889542
83,199,0.0059982802923248
83,210,-0.0136789869635163
83,233,-0.0103221203754369
83,240,-0.0061903205850049
84,89,0.0350751494728017
84,93,0.0429564664985516
84,95,-0.0127713734162667
84,105,-0.028743637147333
84,106,-0.0366589313052452
84,108,0.008160936068705
84,112,0.0024666818255009
84,118,-0.0321142174234217
84,120,-0.0419032814259212
84,136,-0.030337462711917
84,137,-0.0050296099414061
84,150,-0.0011677101292741
84,158,-0.0301983599363877
84,159,-0.0404265987276976
84,240,-0.0369037440313082
85,89,0.003391911274114
85,90,-0.0345447026904817
85,91,-0.0094186230952919
85,93,0.0064282127724026
85,94,-0.0114543708970313
85,96,-0.0016067200646478
85,97,-0.0298192658509297
85,98,-0.0037212838794422
85,117,-0.0109904037216556
85,122,-0.0271837336793107
85,137,-0.0283083147481215
85,157,-0.032546731609972
85,166,-0.0342739509218602
85,193,-0.0398322889219724
85,195,-0.0214396755012754
85,201,-0.0198606411212663
85,234,-0.0338192607799645
86,91,0.0039987920488505
86,94,0.0016746069422566
86,95,-0.0145487996351611
86,98,0.0254948835964378
86,107,-0.0208556371911711
86,139,-0.0394525583037535
86,146,0.0043279709009496
86,158,-0.0425869367566045
86,165,-0.0185581472139029
86,168,0.0091626666031492
86,196,-0.0097763175514141
86,197,-0.0638288074949959
86,198,-0.0113335779972708
86,203,0.0235989493560588
86,204,-0.0770756817030602
86,205,-0.0175251404147917
86,222,-0.0429521599615383
86,225,0.0007061476358155
86,228,0.0007070606244978
86,234,-0.0504186413489902
86,244,0.0484064052126158
87,91,0.0157211585942677
87,94,0.0136029550397281
87,95,-0.0006352212341859
87,119,-0.0116338304386168
87,123,0.0184564520114749
87,138,-0.0177638349475496
87,140,-0.0076546930871587
87,154,-0.0196113606127563
87,164,0.0155734676254313
87,174,-0.0080662039413716
87,175,-0.0058724494786139
87,185,-0.0025401346603686
87,189,-0.0085630388559549
87,198,-0.0039579641687743
87,212,-0.0095740913189145
87,232,-0.0232875025846009
87,236,-0.0040521167389468
88,94,0.0216064207799919
88,100,0.0246616224102284
88,106,-0.0121101581327862
88,107,-0.0017797154795008
88,120,-0.0165639510988898
88,153,-0.0171953849516951
88,175,0.0030574585012355
88,176,0.0240713783488265
88,192,0.0090148164482187
88,205,0.0009535440340241
88,208,0.014697105592756
88,216,-0.0178990741714887
88,248,0.0072808329929211
88,249,0.0268510500661005
89,91,-0.0156612327380062
89,94,-0.0164667481224341
89,98,-0.0104585496250208
89,101,-0.041618391089191
89,103,-0.0294022076300988
89,105,-0.0361502285122041
89,148,-0.0393761942143136
89,149,-0.0471720513848969
89,154,-0.0439631616628798
89,161,-0.0319635260289852
89,164,-0.0162623635458611
89,188,-0.0337751185336427
89,203,-0.0186586229869907
89,221,-0.0046504793178251
90,92,0.0133838646269835
90,95,0.0165989316404869
90,96,0.0508538269671124
90,97,0.0191651340251918
90,98,0.0402074078771236
90,102,0.0339860174491615
90,103,-0.0222958122045971
90,110,0.0082250195720323
90,111,0.0191125140805568
90,119,0.0150904333068104
90,122,-0.0038980693657681
90,131,-0.0045734198730287
90,137,0.0192542322903395
90,151,0.0035062073066903
90,170,0.0191566517139311
90,212,7.963212492794e-05
90,229,-0.0233036706438526
90,248,0.0158048227547849
91,93,0.0279381895995901
91,96,0.0206618062276901
91,99,-0.0274106004511605
91,101,-0.0218924783449992
91,104,0.0020564859129598
91,133,-0.0326577597049775
91,143,-0.0128408095968013
91,145,-0.0157234318831431
91,167,0.0143442055275648
91,194,-0.0376743189669357
91,210,-0.0144359267861666
91,220,-0.0136881968978227
91,232,-0.0393731318742868
91,236,-0.0209257855874679
92,93,0.0004577805270199
92,95,-0.0094799520821912
92,96,-0.0023246960453092
92,97,-0.0088809066650308
92,98,0.0028694397556643
92,100,-0.0114415933936846
92,103,-0.0190884714204176
92,105,-0.0086458687773719
92,151,-0.0300459204595872
92,158,-0.0044006683236222
92,179,0.0094439376002686
92,192,-0.0075878188392112
92,232,-0.0255689423364553
92,235,-0.0266502254708619
92,243,-0.0355318026229803
92,245,-0.0196860335679463
93,95,-0.0442945694280438
93,96,-0.0134399535994463
93,97,-0.0554586858576057
93,100,-0.0182511193123855
93,102,-0.0176973213646619
93,105,-0.0543604587209212
93,106,-0.0613887352315646
93,109,-0.067406602987151
93,127,-0.0826428200760929
93,135,-0.0424461791617072
93,140,-0.043397844186018
93,208,-0.0355152690269634
93,244,0.0214242955981282
93,248,-0.0513851329118997
94,95,-0.012541249684664
94,96,0.0217136456419614
94,102,0.0077466213672426
94,106,-0.0314348335534621
94,109,-0.0374174782022042
94,127,-0.0355949589700492
94,142,0.0235755087910354
94,153,-0.0360180246439267
94,160,-0.0205969349289634
94,176,0.0006479390891416
94,185,-0.0204374305167199
94,200,-0.0078233365831891
94,203,0.0092763684274514
94,215,-0.0246962171530064
94,231,-0.0253634613938348
94,245,-0.0463181846147463
95,97,-0.0014393565173581
95,106,-0.0206230050103785
95,108,0.0124025869388321
95,113,-0.0281805031828287
95,120,-0.025076797976482
95,151,-0.0121940688611964
95,155,0.0034524213297883
95,156,-0.0212024225020437
95,209,-0.00570681415644
95,229,-0.0379102217165818
95,233,0.0112600429270514
95,243,-0.019174055089781
95,248,-0.0007012212614849
96,97,-0.0480426075981552
96,99,-0.0279441328851374
96,101,-0.0509459124593784
96,102,-0.0096559355446626
96,104,-0.0155849806234234
96,132,-0.0523367997711101
96,147,-0.0591359393030928
96,167,-0.0001540304725789
96,185,-0.0358600441050907
96,192,-0.0154503659524452
96,202,-0.0549773112966164
96,207,-0.0290414585498131
96,228,-0.0261714632226502
96,234,-0.0576455346470776
96,247,-0.0359507184362016
97,99,-0.0122289925544111
97,101,-0.0026819749326735
97,102,0.0250390585425184
97,104,0.0250228097200612
97,105,-0.0158737849710812
97,109,-0.0298477987184927
97,110,-0.0118075715825144
97,117,0.0271100347199177
97,119,-0.0007567359058269
97,131,-0.0232737246948504
97,160,-0.0086950292123906
97,181,0.0002881847854586
97,194,-0.0228076411819653
97,207,0.0239062193989255
97,212,-0.0166947204723279
97,223,-0.0085778625528523
97,224,-0.0166449013337896
98,105,-0.0381192740179778
98,108,-0.0131204874528289
98,109,-0.0513651387016272
98,111,-0.0239753277440169
98,112,-0.0162723585373589
98,116,-0.0047371162902733
98,117,-0.00341142534402
98,129,-0.0302766543160867
98,150,-0.0194433100274597
98,180,-0.0301163037870888
98,187,-0.0282902313499829
98,207,-0.0146747289944376
98,238,-0.0184656494765872
98,239,-0.0651678898972558
99,101,0.0087995560033324
99,104,0.0184992339612663
99,144,-0.0048767199986327
99,149,-0.0142146092200843
99,159,-0.0082676982480377
99,184,0.0151791202855244
99,186,0.0038933801964811
99,222,0.0123022921957154
99,233,0.0056896309339713
99,239,-0.0143557518371962
99,244,0.0308740391066551
100,101,-0.0221507751905074
100,102,0.0064288720927425
100,106,-0.0270640551681079
100,107,-0.0144998895329842
100,110,-0.0255499450601963
100,112,-0.008310828658145
100,139,-0.0297715912550742
100,158,-0.0217219531632284
100,166,-0.0231980005463683
100,174,-0.0213168613466777
100,199,0.0096094326336877
100,201,-0.0073809055732112
100,202,-0.027212221486264
100,224,-0.0271268375651976
100,246,-0.0065233380861419
101,103,-0.0329215170742814
101,104,0.0280054895032202
101,105,-0.0129704801098579
101,107,-0.0120010359772888
101,109,-0.0269444938572695
101,110,-0.0090544687730001
101,136,-0.0329422394397456
101,137,0.0136545574746489
101,145,0.0075858768554583
101,152,0.0086444212453348
101,163,0.0141220947491745
101,165,-0.0134468209560339
101,169,-0.018108895410985
101,174,-0.0007076768194835
101,183,0.0036312126743731
101,186,-0.0081543809471954
101,205,-0.0069878442943522
101,211,-0.0097413942212306
101,220,0.0117191328941115
101,223,-0.0048324661248262
102,104,-0.005277708490242
102,105,-0.0312645695768123
102,108,-0.0110474183833105
102,113,-0.0399272922127623
102,115,-0.0281123599231231
102,116,-0.0033438902084773
102,118,-0.0398048116168235
102,126,-0.0343456570204631
102,138,-0.0368488892498613
102,141,-0.0108619962581662
102,176,-0.0104752253098657
102,190,0.0048148623637681
102,214,-0.0326450313981248
102,229,-0.0512533258224013
102,236,-0.0246155757886957
102,247,-0.0231964111835381
103,106,0.0233211411788471
103,108,0.0211338903840706
103,109,0.0170975340007999
103,114,0.0293541022277627
103,116,0.0244386804420824
103,152,0.0390690042557577
103,182,-0.0015341942651388
103,183,0.0318943726144533
103,186,0.0131210384838297
103,187,0.0144563177263009
103,195,0.0246142036927043
103,222,0.0364590253076
103,246,0.0115501877098368
103,249,0.027331529007078
104,105,-0.0303002785370931
104,106,-0.0375634985720001
104,110,-0.0331034172488738
104,112,-0.0081199436360005
104,114,0.0210702332978698
104,117,0.005829834282409
104,174,-0.0260283962976502
104,176,-0.0054807259293964
104,198,-0.0214985582987105
104,200,-0.0102922494601898
104,213,-0.04430808234387
104,222,-0.0313751330031666
104,234,-0.0351196889451735
104,244,0.024994396138503
105,107,-0.0059059640164418
105,109,-0.0134381151138188
105,110,0.0043091531212483
105,113,-0.0214415268783736
105,114,0.0273386442227177
105,117,0.026012172069047
105,121,-0.0059737377286259
105,165,-0.009980186109747
105,173,0.0338041668228205
105,174,0.0091042239847294
105,181,0.0135625615659468
105,205,-0.0008495231533614
105,220,0.0211747615570344
105,226,-0.008267018470802
105,227,0.001389383654866
105,239,-0.0537706082028182
106,109,-0.0059490856112013
106,113,-0.0149128455835531
106,115,-0.0036413108422984
106,116,0.0345041524318208
106,117,0.0325408533638675
106,118,-0.001740342236663
106,128,-0.0253803078000501
106,151,0.0084289361491821
106,158,0.0230112917796821
106,169,-0.003784534308981
106,176,0.0361815364816127
106,187,0.0002955419235089
106,194,-0.0109225702592426
106,202,0.0170557607872912
106,206,0.0302211243287865
106,224,0.002161648101093
107,108,0.0136632717463014
107,110,0.0061359368856634
107,116,0.0186936194572073
107,118,-0.0070295463275773
107,119,0.0083297323595305
107,131,-0.004246136927973
107,136,-0.0238721645391057
107,150,0.0020420111940382
107,175,0.0076436214782066
107,206,0.0172866723653297
107,222,0.0108997670476717
107,248,0.0070546446146921
108,109,-0.0355146204979391
108,110,-0.0266135520520878
108,114,0.0284108168144239
108,120,-0.0330957420860741
108,131,-0.0287893520079237
108,143,-0.0067092219360498
108,144,-0.0366096176409833
108,155,0.0021320302217219
108,180,-0.0167676033604833
108,183,-0.015083857025054
108,184,-0.0090974254930168
108,199,0.0176667869050278
108,200,-0.0038485006968942
108,232,-0.0353585428467851
108,243,-0.0287194947013763
109,111,0.030180270679122
109,118,0.004242302412079
109,121,0.0078280837825734
109,123,0.0238190625110692
109,137,0.0309892281572937
109,147,0.0049587350050731
109,157,0.015711590798563
109,168,0.0279238031827775
109,225,0.0243580919175495
109,240,0.0179956271270688
110,112,0.0239674435750284
110,113,-0.0242182258514488
110,118,-0.0106134556738942
110,124,-0.008959833618087
110,126,0.0019680576567435
110,149,-0.0408125418857824
110,180,0.0100810817402412
110,186,-0.0029433415129966
110,189,0.0062660073589281
110,190,0.0444556681893442
110,203,0.0395365919375984
110,222,-0.0009755749066695
110,240,-0.0017589235689652
110,247,0.0041829751059311
111,112,0.0076842088460867
111,118,-0.0231475085455312
111,124,-0.0180873165467928
111,136,-0.0276898473987481
111,142,0.0409657715764709
111,148,-0.012357038686011
111,149,-0.0414136911070417
111,154,-0.0260158611808771
111,173,0.0196602205488596
111,175,-0.0090635684338989
111,189,-0.010795900355508
111,220,-0.0027875054401776
111,228,-0.0014996849723478
111,237,0.0249724947469445
111,247,-0.0064704997046848
112,115,-0.0134512683297121
112,116,0.0114962658129409
112,119,-0.0196483451515056
112,145,-0.0108843924420111
112,152,-0.0128106954050059
112,158,-0.0210794449306735
112,171,0.0072975168744384
112,175,-0.0155461907071629
112,215,-0.0108667899164991
112,216,-0.038596380933271
112,227,-0.0216959947773435
112,229,-0.0411532825035114
112,231,-0.0185152267781775
112,233,-0.0128648143645799
112,238,-0.002174530578657
113,119,0.0276095683327029
113,121,0.0138603784272205
113,124,0.0036055806790249
113,125,-0.0256054697801021
113,129,0.0037146161722933
113,151,0.0121600831296446
113,164,0.0176585936266518
113,174,0.0246362562209275
113,189,0.0243153646070353
113,198,0.0151810979801671
113,199,0.0338472745199902
113,201,0.0118988304302206
113,207,0.0460729099616009
113,214,0.003786071126925
113,226,0.0012494705184411
113,250,0.0023522715976531
114,119,-0.0391552718789761
114,121,-0.0447413026957167
114,122,-0.0263083099321323
114,124,-0.0383535111650483
114,143,-0.0156109783874711
114,173,-0.0288876043079249
114,204,-0.0363672814315571
114,207,-0.0239059254421569
114,225,-0.0217630525225906
114,238,-0.034420779486012
114,244,0.0066391223341666
115,119,0.0023576243690593
115,120,0.0019786827155631
115,126,0.0026699670714985
115,127,-0.0080987268706333
115,134,-0.0051471821351586
115,145,0.0094917042000906
115,151,-0.0054456868450336
115,152,0.0123199459757513
115,197,-0.0076642122310025
115,204,-0.002892137212117
115,209,0.0127903366752853
115,230,-0.0003549135797231
115,238,0.0074927258486349
115,245,-0.0016683255144964
116,119,-0.0322555417002001
116,122,-0.0179621795323015
116,123,0.0020582328922657
116,126,-0.0354874002006706
116,135,-0.0183868796317761
116,139,-0.035733926854545
116,198,-0.022107638955762
116,207,-0.0128037455855342
116,217,-0.0040919506505822
116,218,-0.021488226534658
116,219,0.0350651961094254
117,120,-0.0352126475638237
117,121,-0.0432363728757515
117,122,-0.0147850275865906
117,126,-0.036118830365328
117,129,-0.0156461492864735
117,130,-0.0332645195132469
117,135,-0.0193683561543612
117,141,-0.0107191313443203
117,152,-0.0268459905107734
117,161,-0.0216406207700638
117,183,-0.0223575283582243
117,200,-0.0104922325395492
117,240,-0.0407179109762912
118,119,0.0167022099599792
118,120,-0.0022945585025046
118,121,0.0003130294203173
118,129,0.0059358182770974
118,137,0.0232892267553138
118,138,0.0073904799735745
118,150,0.0142947667125153
118,180,0.0170065325024593
118,183,0.0204239736328303
118,198,0.013028544827871
118,209,0.0146309525030055
118,215,0.0041346371779888
118,224,0.0038194792913488
118,231,0.0061020061009312
119,121,-0.0205002038289905
119,123,0.019670609609042
119,124,-0.0119323467513051
119,126,-0.0092045213591292
119,150,0.0058717948758202
119,164,0.0215082998633612
119,165,-0.0097755173382756
119,195,0.0019494088576153
119,196,0.0008547138592663
119,214,-0.0128083320566921
119,222,-0.012078119805065
119,228,0.0064936285460675
120,121,0.0071859065499623
120,125,-0.0299758083029598
120,126,0.0200254732462556
120,127,0.0111297575860782
120,130,0.0226109734287006
120,131,0.0018792152694271
120,132,0.0204851021831969
120,157,0.0137638468889886
120,170,0.0268393582171433
120,190,0.0499872500658416
120,193,-0.0199532030211024
120,237,0.0320519799123696
120,241,-0.0220295555134126
120,246,0.0170464854670197
121,123,0.0273081255974199
121,124,0.0013780182513453
121,125,-0.021626861248494
121,126,0.012202504270695
121,128,-0.0148197682808399
121,130,0.017856427910255
121,131,-0.0021427769516789
121,143,0.0244186428004762
121,147,-0.0015094906742423
121,155,0.0221023958062654
121,160,0.0093495475561174
121,164,0.0301967498984344
121,169,-0.0012868407103262
121,176,0.0419757625695071
121,201,0.0224990275096583
121,202,0.0157171277783549
121,228,0.0175334271896977
121,235,0.0093917777528887
122,124,-0.005397876267173
122,125,-0.0238666638158205
122,126,0.0074601875258797
122,127,-0.0014024358260882
122,132,0.0128844869373102
122,133,-0.0056457798235344
122,135,0.012876957433558
122,140,-0.0024973300677397
122,153,-0.0018913776163745
122,165,-0.0057472011112071
122,169,-0.0019703794355793
122,198,0.0036981596682419
122,200,0.0150143100130128
122,215,0.0013631533539083
122,233,0.0175153335113026
123,124,-0.0222632124171024
123,128,-0.0297246005251552
123,129,-0.0142961406310131
123,132,-0.0115581828138362
123,134,-0.0252770875250396
123,148,-0.0186262188365799
123,150,-0.0062847681857729
123,155,-0.0025575701136474
123,175,-0.0132822273965574
123,225,-0.0049581272198636
124,130,0.0100382584138535
124,131,0.0004705702935568
124,157,0.0087489323752605
124,159,-0.0105654442356165
124,160,0.0084594163361921
124,162,0.0114496634724267
124,167,0.0387015055481812
124,170,0.0209998725356348
124,171,0.0283929045746247
124,202,0.0099215099388095
124,207,0.031384142865971
124,229,-0.0137066620436263
124,232,-0.0020408561784937
125,129,0.0200042006634191
125,131,0.0245159497746947
125,133,0.0108542120483064
125,136,0.0052354865668335
125,137,0.0231283843203297
125,138,0.0265509792875508
125,147,0.0225363358827483
125,148,0.022728851448906
125,159,0.0152026844253742
125,164,0.0245992543910116
125,182,0.0109183078208327
125,218,0.0366034552787038
125,243,0.0068358924740943
125,246,0.0206048705370104
126,134,-0.0135011891261632
126,135,0.01709960352465
126,137,0.0203339980076225
126,138,-0.0041322609140055
126,139,-0.0137000660569875
126,141,0.0273776281818355
126,157,0.0012577650203253
126,162,0.0046511456373775
126,165,-0.0076779826767903
126,175,0.0052686067626096
126,189,0.005298502665552
126,192,0.0026391082103307
126,204,-0.0404014168955796
126,206,0.0355116115969235
126,215,-0.0105674933690553
126,227,-0.0014089734625035
127,128,-0.0141414553189927
127,133,0.0164288243592057
127,134,-0.0031639302995474
127,135,0.0311028415576815
127,136,-0.0205563511469851
127,138,0.0083957392855128
127,139,-0.0031837789715609
127,140,0.0014018301628002
127,151,0.0153587211301879
127,175,0.0176100510159477
127,191,0.0335849152673773
127,194,-0.0041031556134794
127,200,0.0286922273589628
127,208,0.0295693330588325
127,212,0.0025734661604464
127,213,-0.0058974226784707
127,223,0.0091099677022207
127,225,0.0255853734301856
127,232,-0.001003029086379
127,234,-0.0030444433372891
127,242,0.0055674535531234
127,248,0.0298461035583166
128,131,0.0202450421482321
128,133,0.0032752945823736
128,136,0.0073050726879178
128,138,0.0197438863198967
128,145,0.0257330199229533
128,158,0.0358745529113304
128,169,0.0205058646466772
128,195,0.0312983189686985
128,204,0.0233623986101376
128,216,0.0195424812328452
128,224,0.0167927113219192
128,228,0.0209920357216344
129,130,0.0033448539982213
129,133,-0.0088651886334537
129,136,-0.0164020353836141
129,140,-0.0016362083678568
129,142,0.0286869517853838
129,175,0.0075094672411293
129,188,0.0040000996053361
129,210,0.0048059046365345
129,220,0.0111531116595491
129,227,0.0019752277613502
129,230,-0.0106928238343371
130,131,-0.0162825701642525
130,133,-0.0077335267958725
130,134,-0.0137368210204064
130,136,-0.0239425276597982
130,138,-0.0100210711849067
130,139,-0.0164087158181788
130,142,0.0565187560055917
130,147,-0.0169345575529805
130,149,-0.0389015413519092
130,160,0.0008817718291876
130,170,0.0153766014711619
130,179,0.0452086361093156
130,188,-0.0005066605927205
130,189,-0.0001310091310351
130,215,-0.0061905944744736
130,233,0.0185439735814955
130,250,0.0124254146977562
131,132,0.0158107621860238
131,133,0.0080727008763363
131,138,0.0092202275049361
131,140,0.0003281948593166
131,141,0.0307178887162038
131,142,0.0516401211954119
131,188,0.0105117368874176
131,195,0.0145200371200916
131,198,0.0119113057487293
131,206,0.0318085011675833
131,226,0.0010373114671045
131,236,0.0173018875262651
132,133,-0.000998712806913
132,136,-0.0348984918562602
132,138,-0.004766891765067
132,144,-0.0318056572100114
132,181,0.008830283249889
132,191,0.013323439783889
132,198,0.001029664527125
132,207,0.0320986097984801
132,208,0.0136935543889503
132,214,-0.0153060055146872
132,220,0.0176054878026386
132,226,-0.0103189405748766
132,240,-0.0034940621498082
133,135,0.0211854443516547
133,136,-0.0107060561354869
133,137,0.0244198388346272
133,139,-0.0079462709242626
133,140,0.002787846801834
133,141,0.0331314233145603
133,143,0.0168498358136582
133,144,-0.0226871840923304
133,146,0.0229494326941105
133,151,0.0054083251834724
133,162,0.0158088765022571
133,166,-0.0035418199759652
133,168,0.0286669583328903
133,170,0.0261599036426277
133,172,-0.0129295405757512
133,179,0.0560466843242267
133,180,0.014157040610178
133,182,-0.0101159638717965
133,191,0.0395718344407332
133,193,-0.0180278741944195
134,138,0.0099934589546837
134,139,0.0042067394447403
134,140,0.0075285310626329
134,143,0.0296687052390039
134,145,0.0211869724643729
134,174,0.0165358906324706
134,187,0.0133204708223048
134,188,0.0137646023987586
134,193,-0.0022144883927266
134,197,-0.0008942485004554
134,198,0.0135963298935625
134,201,0.0177571594079794
134,210,0.0168363622365514
134,216,0.0050037748796145
135,143,0.0003804203412122
135,144,-0.0354605001880933
135,147,-0.0252529031373892
135,173,0.0194119248834151
135,174,-0.0099594388278348
135,179,0.0321120164153226
135,191,0.0143891507401273
135,196,-0.0069968715975024
135,218,-0.0047599581332872
135,233,0.0010383192464933
135,240,-0.0215812246358028
136,145,0.0304042157302281
136,148,0.0204810561005301
136,177,0.0223857476798862
137,139,-0.0243666687004019
137,144,-0.0344338323078986
137,150,0.0042383239969519
137,157,-0.0118199383688299
137,167,0.0298788629698766
137,173,0.0195185023390769
137,174,-0.0115873330476385
137,176,0.0111413939355202
137,184,-0.0009721410433249
137,189,-0.0122465025544199
137,193,-0.0282060899350345
137,213,-0.0311223201043153
137,217,0.0048694675147284
137,224,-0.0193872364175577
138,145,0.0175801046327334
138,149,-0.0363561458357993
138,169,-0.0078094273637228
138,173,0.0425058842983259
138,176,0.03463630910981
138,179,0.052270978768632
138,180,0.0130245191304183
138,182,-0.0190659498392785
138,203,0.0424800293277755
138,205,0.0028626925674757
138,238,0.0293953637910509
139,143,0.0265513339910911
139,146,0.0167958011286108
139,147,0.0010736370382353
139,153,0.0001472071560846
139,164,0.0243539276399795
139,178,0.0187684543537793
139,181,0.0208028150901945
139,193,-0.0143532202840974
139,203,0.0435289861626647
139,234,0.0079587219505264
140,141,0.0213389478743085
140,143,0.0235981053481424
140,144,-0.0082984226903104
140,149,-0.0201741226954322
140,150,0.0086766426906726
140,152,0.0204480087395984
140,171,0.0233973806846306
140,174,0.0107915348960383
140,193,-0.010151225174922
140,207,0.0289307603534288
140,236,0.0133751571953415
141,142,0.0299729784617867
141,146,-0.0038028171326197
141,147,-0.0330839274969423
141,149,-0.045256547761305
141,151,-0.025538920818425
141,152,-0.0152009570161915
141,155,-0.0008913596941065
141,166,-0.0261781542859912
141,184,-0.0090696888168139
141,205,-0.0163461209670562
141,206,0.0168541788066388
141,213,-0.0377834472357087
141,217,-0.0049145900967946
141,220,-0.0139684796415069
141,225,-0.0048488142485005
141,231,-0.0206418376893024
141,243,-0.0292137053195633
141,246,-0.0017274414871803
142,143,-0.032407847873873
142,144,-0.0547096379754983
142,145,-0.0450634608578356
142,146,-0.0179106684254849
142,147,-0.0573818982199091
142,150,-0.0157662451452874
142,170,-0.0289378879523348
142,179,-0.0082867653610218
142,204,-0.0609521949027126
142,214,-0.0364128781430903
142,234,-0.050966287691335
143,145,-0.0018559187227951
143,146,-0.0080731073692486
143,151,-0.0162140367232912
143,163,-0.0015249917614266
143,175,-0.0094753562384515
143,188,-0.0137733528290002
143,199,0.0177873790761807
143,200,-0.000711645781852
143,214,-0.0252078505404198
143,233,0.0133916840309902
143,238,0.0063467680909588
144,145,0.0360944703339643
144,150,0.0139866330388441
144,155,0.0230425488184673
144,167,0.0531424421339145
144,180,0.0292470935001054
144,188,0.0206302504969539
144,189,0.0298027422453141
144,196,0.0195653106991584
144,197,0.0107774774583758
144,210,0.0346758890004176
144,216,0.0211286704059562
144,232,0.0150782785166681
144,239,-0.0325261015475244
144,241,-0.0113616970889186
145,147,-0.0239274521031106
145,148,-0.010449603172749
145,150,-0.0003304100384069
145,151,-0.0127058319177076
145,153,-0.0284701806915077
145,158,-0.0105942148291018
145,171,0.0200811562422306
145,173,0.0245628226275689
145,187,-0.0097794486420065
145,228,-0.0007149866514219
145,244,0.0279843096940145
146,148,-0.010959104523994
146,152,0.0008694146444933
146,157,-0.0089733852397776
146,158,-0.0001694045017922
146,160,-0.0074064208341021
146,173,0.0040974312773979
146,181,-0.0046827769398058
146,206,0.0101180487359387
146,211,-0.0015618484154739
146,218,-0.0003565570107156
146,242,-0.0063746176424087
147,148,0.0107942747663729
147,152,0.02824502862981
147,153,-0.0012114551821123
147,155,0.0197694567447316
147,159,-0.015962841385731
147,190,0.048916904414696
147,201,0.01850904071374
147,209,0.0139159953396563
147,212,0.0048397623975173
147,214,-0.0002338001943837
147,215,-0.0003922951614784
147,243,0.0004487544063153
147,245,-0.0218653024348554
148,150,0.0077926450502745
148,151,-0.0032492680878554
148,152,0.0121168589231579
148,154,-0.0096383311174182
148,156,-0.0093591509374509
148,166,-0.0012786709407126
148,175,0.0044950568249349
148,177,0.0103230634229548
148,182,-0.0172935956176416
148,191,0.0210076877438116
148,194,-0.011146528738207
148,197,-0.0197594694076083
148,216,-0.0136688266051073
148,235,-0.0017745335433196
149,151,0.0266713075718693
149,154,0.0358238223379483
149,155,0.0316377630505694
149,158,0.0559263726649373
149,161,0.0212835716876115
149,162,0.0271627895776429
149,185,0.0296838427641527
149,213,0.0274493722553058
149,236,0.0414133399942987
149,245,0.0049167607883726
149,246,0.0262187994778805
150,154,-0.0048302049750108
150,159,-0.0173855241620914
150,162,-0.002605553091687
150,164,0.0024884330004148
150,216,-0.0117221238278353
150,217,-0.0020807360460351
150,237,0.0125100911348334
150,240,-0.0071252986566622
151,156,-0.0051820024488595
151,160,0.0085610378923626
151,161,-0.0059069741961694
151,163,0.0283670516605986
151,168,0.021651977102198
151,172,-0.0128789585002207
151,203,0.0361089510148307
151,220,0.0135612376236823
151,224,-0.0036392114339085
151,241,-0.0146051859528157
151,250,0.0201609832394104
152,155,0.0026791658881808
152,158,-0.013715243557258
152,160,-0.0107915604800487
152,163,0.0103680370652437
152,168,0.0080421036506665
152,175,-0.0089257375139187
152,182,-0.0350192036713632
152,184,0.0006137173014384
152,186,-0.0142363548074251
152,190,0.0362800325159447
152,207,0.0193980555838513
152,217,-0.0089127912660143
152,235,-0.0116256122965238
152,240,-0.0212555938624812
153,158,0.0230088720028407
153,159,-0.0179049340230566
153,160,0.0088269248776354
153,161,-0.0063755098260282
153,162,0.014218784075707
153,174,0.0206396537408186
153,183,0.0251107780823319
153,187,0.0050450073187605
153,193,-0.0204020321910111
153,198,0.0165802375600582
153,209,0.0149863855091796
153,210,0.0322629226781237
153,222,0.0131289079141231
153,226,0.0044569239788081
153,231,0.0033248308456306
153,233,0.0509326363410612
153,239,-0.0484050485901721
154,155,0.0141031235547056
154,156,-0.0097203913666008
154,161,-0.0109941573237867
154,163,0.0150079351290636
154,165,-0.0041110148109724
154,171,0.0401690905323979
154,176,0.0391921251189939
154,182,-0.0198393810654134
154,185,0.0060503922281746
154,196,0.0090434863088871
154,199,0.0400922568545259
154,201,0.0136889017445641
154,212,0.0014456587605207
154,221,0.0147897953533042
155,156,-0.0161728396624993
155,163,0.0039289704436098
155,164,-0.0007280752115334
155,170,-0.0011610146267855
155,171,0.0018506776138904
155,176,-0.0007670051908492
155,192,-0.001862616941641
155,249,0.0053495638059436
156,160,0.0059776760029944
156,165,-0.0005417069693798
156,167,0.0363793337470402
156,168,0.0192803479244885
156,178,0.0148345388078426
156,186,0.0062400150100673
156,194,-0.0069154479178395
156,196,0.0104582185304904
156,232,0.0030570322065527
156,242,0.0124322957183154
156,243,-0.0038453486516146
157,162,0.0036203116434605
157,164,0.0165315117511463
157,170,0.0143278969368989
157,177,0.0098753224829377
157,181,0.0066180881249236
157,187,-0.0013583060449064
157,190,0.0356463606811421
157,197,-0.0199848949147729
157,201,0.0097405372005693
157,213,-0.0146112909686955
157,225,0.011684107007228
157,227,-0.0023335657722094
157,229,-0.0267469721589078
157,232,-0.0123565961900984
157,244,0.0291470143438687
158,159,-0.0414517414755415
158,162,-0.0041879309893988
158,164,0.0149696942949963
158,166,-0.0110680080082871
158,167,0.0470481478030988
158,168,0.0129777344613438
158,170,0.0127550399638933
158,199,0.035180536479406
158,220,0.0173985405822059
158,230,-0.0389916944032099
158,238,0.0261694374596118
158,242,-0.0130225360542558
159,165,0.0091727944502023
159,166,0.0307932977345743
159,170,0.0321885920825755
159,171,0.039452646986543
159,172,-0.0046813951572223
159,185,0.0208304651279486
159,187,0.0157002805435489
159,200,0.0328311917433535
159,224,0.0164956213693865
159,242,0.0240704876711536
159,243,0.0071796932006751
160,161,-0.0035648507531581
160,164,0.0089691740029233
160,167,0.0225808770123299
160,169,-0.0050319195045985
160,171,0.0134087284134816
160,173,0.012744024638476
160,186,-0.0008885017924481
160,224,-0.006151901022098
160,242,0.0022719757186692
161,164,0.014470736830036
161,165,-0.0022683512035171
161,167,0.035933208275737
161,168,0.0182085741394497
161,169,0.0015477513256819
161,170,0.0207174247589826
161,172,-0.0160769949762925
161,192,0.005236278916866
161,217,-0.0019732151139173
161,221,0.0135365213698495
161,233,0.0359286789944952
161,250,0.0013746058834692
162,163,0.0118591612755068
162,165,-0.0105415259901536
162,166,-0.0013304203641893
162,167,0.0231896695862197
162,171,0.013133012209051
162,173,0.0134195752453863
162,174,-0.0009080298230874
162,179,0.0327607924994938
162,186,-0.0037598040107064
162,190,0.0233208396073239
162,204,-0.019904637042197
162,216,-0.0134824196099264
162,225,0.0071897304039128
163,165,-0.0214472942940886
163,168,-0.0083961566870395
163,170,-0.0079131556854001
163,172,-0.0174796841499274
163,176,-0.012295339865997
163,208,-0.004753645798728
164,166,-0.0166568324600545
164,169,-0.0177853870104527
164,170,-0.0045548328043671
164,171,-0.002795991458965
164,176,-0.0066124835023121
164,212,-0.0153897618893705
164,221,0.0089638048765377
164,233,-0.0233923335565553
164,250,0.0014576961782879
165,171,0.0245059944345775
165,175,0.0117178435715119
165,176,0.02219750776553
165,177,0.0117881593460641
165,194,-0.004968953132029
165,197,-0.0065949634488218
165,238,0.0171149211138596
166,167,0.045711246196338
166,169,-0.0131998393803534
166,172,-0.0353234590422271
166,173,0.0391716269397947
166,174,0.0083194282252237
166,177,0.0193106471542743
166,181,0.0130672271121073
166,182,-0.0266834870668385
166,209,0.0023396267804351
166,219,0.0552739770637117
166,222,0.0009090626871699
166,246,0.0106624877774019
166,249,0.0274324235218259
167,170,-0.0200824313351954
167,174,-0.039265582397877
167,179,0.0036739547774858
167,180,-0.0350656017776698
167,181,-0.0393663413456353
167,190,-0.0006705437458526
167,221,0.0013055688163533
167,242,-0.0376232952758264
167,244,0.0267139204075729
168,175,-0.0117701308389125
168,181,-0.0119184445232776
168,185,-0.0105294114929825
168,197,-0.0341692328525077
168,198,-0.0120369904772753
168,203,0.0107142982281027
168,208,-0.000800959832581
168,209,-0.0080726849844437
168,220,-0.0090936934345536
168,235,-0.0168348545051973
168,247,-0.0081327752040675
168,248,-0.0127104572320395
169,170,0.0204103810571935
169,171,0.0286689337272843
169,173,0.0298661630842087
169,176,0.027160295125497
169,179,0.0474404157616872
169,180,0.0138714900126156
169,221,0.0178625664283938
169,224,0.0024587003309934
169,248,0.014963852219718
170,171,0.0080874251936638
170,179,0.0260386416765586
170,180,-0.0105112194915526
170,189,-0.0131053910951347
170,200,-0.00029889385463
170,211,-0.0101988423938119
170,238,-0.0005618860166426
170,240,-0.0224243930105429
171,177,-0.0202076959920248
171,178,-0.002789481827235
171,181,-0.0258258843243719
171,182,-0.0330148351940392
171,183,-0.0215154308668063
171,203,0.003353805571801
171,217,-0.0022646763393955
171,220,-0.0225651760724136
171,222,-0.032331066309677
171,235,-0.0228486275991877
171,247,-0.0180355897489214
172,175,0.0276211937820314
172,176,0.0289506702948223
172,182,5.30852884341685e-05
172,184,0.0351289467558156
172,185,0.0203867123950915
172,219,0.0321969068085026
172,234,0.035697078411494
172,236,0.0306891070117638
172,245,0.0028787844390468
172,248,0.0225386703620344
173,174,-0.0308962897827765
173,179,0.0142580587137709
173,185,-0.0200240871127475
173,204,-0.0560235360917955
173,211,-0.0200549798366468
173,212,-0.0292342777585665
173,218,-0.0255110140649615
173,236,-0.0259211848012031
173,244,0.0388735216159432
173,247,-0.020105422724821
174,176,0.0233129947868435
174,179,0.0420999135944966
174,180,0.0032384672867342
174,184,0.0089867741332762
174,186,-0.0052896199728288
174,215,-0.0095266230398795
175,184,0.0089003848687458
175,203,0.0293702705299911
175,210,0.0082214644798181
175,217,-0.0026287516741694
175,220,0.0096151152175404
175,243,-0.0139368268453531
176,178,-5.04306885248159e-05
176,179,0.0216847057470314
176,183,-0.0185620219877144
176,184,-0.0121135349788451
176,186,-0.0163219507294303
176,207,-0.0045797153533285
176,224,-0.0299211245415107
177,179,0.0358929861890832
177,180,-0.004624478901942
177,183,-0.0048481698679691
177,185,-0.0058881000550581
177,186,-0.0061151980587437
177,187,-0.0046158446354392
177,189,-0.0101922744422631
177,205,-0.0067329246261389
177,216,-0.0346017772771092
177,224,-0.0177502331152134
177,226,-0.0060415625885393
177,242,-0.0139204866635885
178,182,-0.0233219546058337
178,183,-0.003490476878469
178,184,0.0004370954369534
178,188,-0.0095280639487464
178,191,0.0053903683303584
178,200,0.0010497788485319
178,207,0.0055608496169509
178,211,-0.0029784832234113
178,218,-0.0028376841025796
179,183,-0.0372007210638648
179,198,-0.0379855427302807
179,222,-0.0473197188226051
179,226,-0.0388291328275203
179,237,-0.003912108080387
180,185,-0.0034130535599868
180,188,-0.0037149714045666
180,189,-0.0038976367935156
180,190,0.0336591113402509
180,193,-0.0265912156776927
180,196,-0.0009665545010922
180,220,0.0048125221969767
181,183,0.0013107725765969
181,186,-0.0078686707640074
181,190,0.0372819184140504
181,191,0.0179324441683772
181,194,-0.0187192969825393
181,195,-0.0008898707722852
181,205,-0.0070244633766657
181,211,-0.0089899259539176
181,214,-0.0157235378033891
181,220,0.0075479144784153
181,228,0.0022502505144585
181,236,-0.0022548641409845
181,247,-0.0029907746693627
182,192,0.0192842935911685
182,193,0.0030896332761488
182,194,0.0024219728101609
182,243,0.0035965082891709
183,184,0.004235801334147
183,195,-0.0031454561863639
183,200,0.005983546258542
183,210,0.0053055967000893
183,216,-0.0249169082699046
183,217,-0.0070549541697644
183,248,0.0014165173608429
184,185,-0.011777295405488
184,186,-0.0139967595489636
184,187,-0.014007317041108
184,190,0.0259889334727844
184,191,0.0081489961969732
184,195,-0.0064346938236039
184,228,-0.0057019081198137
184,237,0.0182977899348922
184,248,-0.0042120167660878
185,189,0.0027849874524329
185,194,-0.0151507587995916
185,202,0.0011565239704319
185,207,0.0226191568975933
185,216,-0.0096465051282682
186,198,0.0021296746537013
186,209,0.0073534415547662
186,233,0.0134802065979981
186,234,0.0040378749712317
187,188,0.0014532207588457
187,190,0.0240633563495023
187,193,-0.0136047588252561
187,197,-0.0089960748753998
187,243,-0.0140380096008934
188,189,0.0019657232974183
188,191,0.0162643581491671
188,192,0.0048461795692222
188,194,-0.0138086149666656
188,195,0.0057726982457372
188,196,0.0015446119005765
188,199,0.028745123625679
188,201,0.0075254052009359
188,210,0.0068388700525218
188,240,-0.0050078293267328
188,241,-0.0208316841230547
188,248,0.0045870863531254
189,195,0.0024791368817537
189,197,-0.0266650272235407
189,200,0.0115337683516272
189,202,-0.0022093076307974
189,206,0.0294103860443542
189,213,-0.020007650474082
189,219,0.0572080682295079
189,229,-0.0338757324565176
189,236,0.0017646385771868
189,241,-0.0285416390632525
189,250,0.0064247949946828
190,195,-0.0231241731420182
190,199,0.0029225179939431
190,200,-0.0197107814439728
190,202,-0.0451764515337875
190,237,0.0060493352427886
190,239,-0.0546084691437553
191,195,-0.0063289231555143
191,197,-0.0303520922805383
191,198,-0.0182239780041711
191,201,-0.0119911940142497
191,223,-0.0141859498590691
192,198,-0.0068057994242263
192,201,-0.0065387700884384
192,203,0.0111476635732858
192,204,-0.0080888327977556
192,208,0.0068681479890476
192,220,0.000612643363327
192,226,-0.0129678565246275
192,228,-0.0060174113560157
193,194,-0.0006676604659879
193,199,0.0364339466084963
193,202,0.0313066984668851
193,204,0.0101568317936022
193,205,0.019421230174183
193,222,0.0361183124983069
194,196,0.0144837886528577
194,201,0.0162727928338797
194,204,0.0011134436430948
194,205,0.0150089294662488
194,207,0.0323088818915799
194,216,0.0067436666875226
195,199,0.0195219081149563
195,200,0.0058627404465714
195,201,-0.0012185086291573
195,208,0.007479830722097
195,223,-0.0146155247893393
195,242,-0.0060459197449301
195,245,-0.0286114828875889
195,246,-0.0002038514088719
196,200,0.0100908267917321
196,204,-0.0230632317820009
196,206,0.0213541461629302
196,207,0.0185970822553995
196,208,0.0110277044669737
196,209,0.0027967191361749
196,227,-0.0048759137674717
196,232,-0.0141827107239922
196,237,0.022572365313168
196,240,-0.0068813274483594
197,203,0.0589398698333694
197,204,-0.0184654968371241
197,205,0.0152263249525643
197,213,0.0055670346580139
197,217,0.0072530394032946
197,224,0.0118141589294247
197,228,0.0221926433480549
197,243,0.0096969160123075
198,206,0.0257817932836608
198,209,0.002758293761376
198,211,0.0008978153690001
198,213,-0.0168525375580784
199,202,-0.039933762152344
199,203,-0.0103019522664777
199,206,0.0010958779799695
199,208,-0.0186480958236928
199,210,-0.0329402188012683
199,211,-0.0219750833450332
199,227,-0.035995086471847
199,234,-0.0344924354069463
199,237,0.0026974829457176
200,202,-0.0146196278250789
200,207,0.0083908708157445
200,213,-0.0280116145825575
200,225,-0.0013011095675708
200,239,-0.0482976546230483
201,202,-0.0142764030822322
201,204,-0.0217593415798977
201,207,0.0039029427914868
201,211,-0.0001416232764428
202,203,0.0381175470424606
202,204,-0.0425916938609165
202,206,0.0358954949105761
202,210,0.0163601607335985
202,213,-0.0199397737686072
202,231,-0.0099156799791348
202,232,-0.0158614939972616
202,234,-0.0151289613466394
202,243,-0.0085689432819432
203,208,-0.0161856836146874
203,211,-0.026940170436115
203,216,-0.0559519712116958
203,229,-0.0552730259519306
203,233,-0.0284013285736004
203,247,-0.0247314497071061
204,208,0.0424947691368084
204,210,0.0450792852454257
204,211,0.0211556522081316
204,213,0.0205050876638388
204,220,0.0538105654359082
204,233,0.0770056125616136
204,240,0.0401663649138664
205,206,0.0199810425733086
205,207,0.02366175663923
205,209,0.0045949757785894
205,212,-0.0034060185106157
205,213,-0.0115764847838292
205,215,-0.004431168335228
205,216,-0.0085106942884528
205,232,-0.0103447920721988
205,238,0.0123302744200129
205,247,0.0045348855589656
206,207,-0.0194592888276679
206,209,-0.0178639249386899
206,210,-0.0334100094205125
206,213,-0.0404744487665648
206,216,-0.0434353718271941
206,233,-0.0429635281015736
206,247,-0.0186872902836646
206,249,-0.0085737050476672
207,210,-0.0109593110005227
207,212,-0.0321135671640277
207,231,-0.0313783129062963
207,241,-0.0460703325818604
208,209,-0.0101110678216545
208,211,-0.012935284040843
208,217,-0.0100319792329516
208,218,-0.0060737191205008
208,219,0.0402512891279956
208,220,-0.003600916453706
208,230,-0.0294854225861097
208,241,-0.0345706982047608
209,212,-0.0083744209115162
209,213,-0.0162815745423299
209,214,-0.0131226040665946
209,216,-0.0131991149041996
209,218,0.0062716927340233
210,215,-0.0030352561168327
210,216,-0.0355643166633433
210,218,-0.0048932124658691
210,219,0.0636719552359209
210,222,-0.0188064199932193
210,226,-0.0052948077412517
210,234,-0.0237405463866671
211,215,-0.0112819253290579
211,223,-0.0181824644392873
211,235,-0.0084072811448759
212,214,-0.0055113609322928
212,215,-0.0044603184093219
212,218,0.0156780840417037
212,219,0.0464869656692065
212,224,-0.00216466003467
212,225,0.0139939923771916
212,227,0.0035408706594359
212,231,5.79745138954216e-05
212,237,0.0254945087231589
212,239,-0.039945403729166
212,241,-0.0206364584396859
213,214,0.001548355025838
213,216,0.0034063624707455
213,219,0.0667702339772646
213,220,0.0331555085731452
213,230,-0.0146795469388849
213,242,0.0105661267880448
213,248,0.0267682724092189
214,215,0.0031912495396496
214,216,0.0027267523951358
214,219,0.0423337369022563
214,221,0.0173990072736452
214,222,0.0155620387143865
214,238,0.018094754514084
214,240,0.0091420111855876
214,241,-0.0120556528444785
215,218,0.0162021725394356
215,228,-0.0001098960750037
215,238,0.0059896796869506
216,217,0.0029580440384344
216,227,0.0117622027811894
216,230,-0.0216761560668845
216,243,0.0049280654687543
216,246,0.0248493690217715
217,223,-0.0125875337644165
217,240,-0.0003341212225398
217,245,-0.005071424476808
218,221,0.0090814963505278
218,222,-0.0120319054354156
218,223,-0.0095322938659617
218,224,-0.0169285814276152
218,225,0.0033852854943543
218,227,-0.0117053776685141
218,249,0.018149641220778
219,221,-0.0129307890317365
219,222,-0.0519632529166039
219,225,-0.0353725815030782
219,226,-0.0411054395776712
220,222,-0.0214560334364143
220,225,0.0035156049631004
220,243,-0.0187321484835748
220,248,-0.0017371492328915
221,227,-0.0188046259435028
221,229,-0.0272933361471379
221,231,-0.0101263729894052
221,233,-0.0223006677116592
221,234,-0.008129238942832
222,223,-0.0149981722777898
222,225,0.0093449934970603
222,230,-0.034744951065609
222,233,0.039794688805266
222,235,-0.0046575188749278
222,248,0.0144119200223768
223,226,-7.02005190230046e-05
223,228,0.0037006898557251
223,229,-0.001519695142205
223,230,0.0045371807741314
223,235,-0.0061859957602294
223,236,0.0089482264163772
223,245,0.0084505214744697
224,230,-0.0133067917871819
224,238,0.0247551964752048
225,226,-0.0148197500061774
225,228,-0.0062303127229494
225,229,-0.0329698475277487
225,232,-0.0235504340586254
225,234,-0.0131362747175372
225,242,-0.0114883517137703
225,246,-0.0018786818023946
226,227,0.0028247866298102
226,228,0.0075974495825361
226,231,0.006968667044164
226,232,-0.0054459767503928
226,236,0.0108950651140714
226,238,0.0108677450323721
226,239,-0.0183614559785677
226,241,-0.0075927460720532
227,233,0.0248651698283047
227,234,-0.0049983843658635
227,235,-0.0005219559918251
227,238,0.0221113278059486
227,242,-0.0007149631531507
227,249,0.0275871297331645
228,229,-0.0238251293648243
228,231,-0.0037405141631168
228,233,-0.002004661210774
228,234,-0.0051878401820774
228,235,-0.0096692584867277
228,240,-0.0114366973347777
228,241,-0.0171092599991436
229,231,0.0209727200075647
229,232,0.0199011283608049
229,234,0.0303152877018931
229,237,0.0384928606940201
229,238,0.040954185809417
229,241,-0.0033819601437004
229,243,0.0118076671736867
230,233,0.0246622947255387
230,234,0.0334484493951054
230,235,0.0060386675024349
230,242,0.0245204307241388
230,249,0.0249613498081666
231,233,0.0283678966336752
231,235,-0.0035500939328979
231,236,0.0114176661791413
231,240,0.0072513069577836
231,249,0.0214900762292306
232,233,0.0412152032997947
232,235,0.0092649018312918
232,239,-0.0419849826358857
232,240,0.0093065493829907
232,241,-0.01700873460427
232,244,0.0359952555571737
233,236,-0.0177102554898108
233,242,-0.0291706060365534
233,243,-0.019467681089396
233,244,0.0451515776801324
234,235,-0.0011492575097963
234,240,0.0099857823645538
234,244,0.0107894974463947
235,237,0.0313330387191
235,238,0.0145418541129262
235,240,-0.0032924073425944
235,241,-0.0105417821186206
235,242,0.0034004106932812
236,237,0.0232345020008862
236,238,0.0144317440816254
236,239,-0.0534163791275826
236,246,0.0059775651873156
236,248,0.0036692882967829
236,249,0.0196839492628164
237,246,-0.0167130648417271
238,240,-0.0336399212056865
238,245,-0.0317310742431386
238,246,0.0060048852690149
238,248,-0.0133214506370744
239,244,0.0202411808256286
239,247,0.0451762951835352
239,248,0.0471298500335214
239,250,0.010620157024382
240,246,0.0193251723590588
240,247,0.0064905722405246
241,242,0.0259495195210131
241,249,0.0320828966398155
241,250,0.0088045903473915
242,243,-0.0099877274657454
242,246,0.0084499932878481
242,247,0.0053104438214959
242,248,0.0111891680296913
243,247,0.0165705019011486
244,247,-0.0197051220521055
244,249,-0.0230788872300837
245,247,0.0293771846705068
245,248,0.029647293884699
245,249,0.034117932119799
246,247,-0.0034456474394547
247,250,-0.0008632850767278
