node1,node2,flow
1,2,1.25617578179671
1,3,0.811844497164414
1,5,0.0118955970424665
1,7,0.99543177219155
1,10,0.634603630194187
1,11,0.652909633448092
1,13,-0.349085598721557
1,14,0.625619658395589
1,23,-0.216977043008573
1,26,1.00373914296137
1,33,0.907976549339602
1,39,-0.679301461523919
1,44,0.847837677432821
1,53,0.678329275125263
1,73,0.225691849813712
1,86,1.52314282175754
1,97,0.595527179502245
1,99,-0.32223157067369
1,102,-0.231528932267407
1,105,-0.154220753978891
1,109,1.65709610053271
1,113,0.724177876172841
1,114,0.351932624823441
1,115,1.61046906183709
1,117,0.797426547223037
1,119,0.17647736760471
1,124,1.3520103545015
2,3,-0.444331284632295
2,5,-1.24428018475424
2,11,-0.603266148348616
2,16,-0.441076192104714
2,17,-0.700046200537573
2,31,0.266286905650416
2,32,-0.344180993277055
2,33,-0.348199232457106
2,40,-0.808930541814375
2,47,-1.31313015472906
2,55,-0.720077364542732
2,71,-1.32071410277641
2,74,-0.757079527592073
2,75,-0.123818885554545
2,78,-0.66146449803804
2,94,0.0543102079482633
2,100,-0.171116184423826
2,106,-1.00991459545051
2,109,0.400920318735998
2,112,-0.885861582051425
2,114,-0.904243156973267
2,117,-0.458749234573672
2,118,-1.58863697938956
2,121,-0.0661032646869344
2,122,-0.382692184478413
2,124,0.0958345727047909
3,4,0.637304469919507
3,8,-0.0381920576123437
3,9,0.125679692345992
3,11,-0.158934863716322
3,12,-1.61468401773601
3,15,-0.212454703327007
3,16,0.00325509252758
3,23,-1.02882154017299
3,24,-1.05033545858616
3,31,0.71061819028271
3,33,0.0961320521751883
3,36,0.656681517004471
3,42,-0.28837073796317
3,45,-0.0748998837072575
3,50,0.424828756865673
3,52,-0.233735091794135
3,58,-0.527187962569022
3,59,0.738845616367857
3,61,0.101582917796277
3,70,-0.500751939727402
3,79,-0.831150650941413
3,97,-0.216317317662169
3,105,-0.966065251143305
3,117,-0.0144179499413771
3,118,-1.14430569475727
3,122,0.0616391001538816
4,5,-1.43725337004145
4,6,-0.657641585016254
4,7,-0.453717194892371
4,11,-0.796239333635829
4,12,-2.25198848765551
4,24,-1.68763992850567
4,43,-2.26926199363607
4,52,-0.871039561713642
4,57,-1.51575313411762
4,64,-0.131971989178353
4,76,-1.47998792370535
4,80,-0.0478179231231514
4,89,0.440216195215548
4,99,-1.77138053775761
4,100,-0.364089369711038
4,101,-0.585147071695951
4,108,-1.91039612832852
4,112,-1.07883476733864
4,119,-1.27267159947921
4,120,-1.18413095036359
4,122,-0.575665369765625
4,125,-1.3513148135857
5,7,0.983536175149084
5,13,-0.360981195764023
5,14,0.613724061353123
5,15,0.58749419679494
5,16,0.803203992649528
5,18,-0.283149852822882
5,28,0.474642186732986
5,32,0.900099191477187
5,34,-0.544718784451014
5,38,1.91322025578775
5,43,-0.832008623594612
5,44,0.835942080390354
5,47,-0.0688499699748215
5,53,0.666433678082797
5,58,0.272760937552926
5,65,1.20840442273845
5,67,0.350814524527965
5,68,1.27590603450522
5,73,0.213796252771246
5,75,1.1204612991997
5,82,0.0509714788241347
5,87,0.0460353723186451
5,91,0.395697686799929
5,106,0.234365589303734
5,112,0.358418602702818
5,114,0.340037027780975
5,116,0.0424444843215672
5,118,-0.344356794635319
5,119,0.164581770562243
5,123,1.69751717621519
5,125,0.0859385564557561
6,8,-0.0178549425155962
6,9,0.146016807442739
6,11,-0.138597748619574
6,12,-1.59434690263926
6,16,0.0235922076243276
6,18,-1.06276163784808
6,24,-1.02999834348941
6,25,-0.749183389565877
6,26,0.212231760893705
6,28,-0.304969598292214
6,32,0.120487406451987
6,38,1.13360847076255
6,41,-0.922235135617302
6,43,-1.61162040861981
6,44,0.0563302953651542
6,50,0.445165871962421
6,52,-0.213397976697388
6,55,-0.25540896481369
6,62,-0.0713263641712397
6,63,-0.629786891491624
6,75,0.340849514174497
6,97,-0.195980202565421
6,98,-0.975086498507057
6,111,-0.718378234625407
6,118,-1.12396857966052
6,119,-0.615030014462957
6,121,0.398565135042108
6,123,0.917905391189989
7,11,-0.342522138743458
7,12,-1.79827129276314
7,16,-0.180332182499556
7,32,-0.0834369836718963
7,48,-1.4119315429547
7,54,-1.1308715600409
7,60,-1.03169020684623
7,67,-0.632721650621119
7,73,-0.769739922377838
7,74,-0.496335517986915
7,79,-1.01473792596855
7,84,-0.423753279190384
7,95,-0.10599139400511
7,96,1.15940897087529
7,105,-1.14965252617044
7,108,-1.45667893343615
7,112,-0.625117572446266
7,116,-0.941091690827516
7,119,-0.81895440458684
7,124,0.356578582309949
7,125,-0.897597618693328
8,14,-0.148032781156481
8,16,0.0414471501399238
8,18,-1.04490669533249
8,19,0.334401112280848
8,23,-0.990629482560643
8,24,-1.01214340097382
8,39,-1.45295390107599
8,53,-0.0953231644268075
8,55,-0.237554022298093
8,60,-0.809910874206745
8,67,-0.410942317981639
8,72,-0.445870823735432
8,85,0.417299373015033
8,89,1.1157127227474
8,91,-0.366059155709675
8,92,-1.42404356323181
8,94,0.536833550192902
8,97,-0.178125260049825
8,98,-0.95723155599146
8,111,-0.70052329210981
8,113,-0.0494745633792291
8,115,0.836816622285015
8,122,0.0998311577662253
9,10,-0.302920559316218
9,11,-0.284614556062314
9,14,-0.311904531114816
9,15,-0.338134395672999
9,26,0.0662149534509654
9,32,-0.0255294009907518
9,37,-0.858664034005519
9,43,-1.75763721606255
9,47,-0.994478562442761
9,50,0.299149064519682
9,56,-0.713316670928722
9,60,-0.973782624165081
9,85,0.253427623056698
9,89,0.951840972789064
9,91,-0.52993090566801
9,101,-0.073522294122436
9,114,-0.585591564686964
9,122,-0.0640405921921099
10,12,-1.43744315076578
10,13,-0.983689228915744
10,14,-0.0089839717985979
10,17,-0.0784740489350513
10,18,-0.905857885974603
10,20,-0.153107012930155
10,21,0.173992681685768
10,22,0.258120489191803
10,23,-0.85158067320276
10,25,-0.592279637692398
10,26,0.369135512767184
10,33,0.273372919145415
10,53,0.0437256449310758
10,54,-0.77004341804354
10,59,0.916086483338083
10,61,0.278823784766504
10,65,0.585696389586729
10,67,-0.271893508623756
10,108,-1.09585079143878
10,109,1.02249247033852
10,125,-0.536769476695965
11,12,-1.45574915401969
11,15,-0.0535198396106852
11,19,0.455143918384826
11,22,0.239814485937898
11,35,1.78054332087019
11,40,-0.205664393465758
11,41,-0.783637386997728
11,63,-0.491189142872049
11,65,0.567390386332824
11,73,-0.42721778363438
11,74,-0.153813379243457
11,75,0.479447262794071
11,85,0.538042179119012
11,88,0.3305571859317
11,98,-0.836488749887482
11,116,-0.598569552084058
11,121,0.537162883661682
12,16,1.61793911026359
12,18,0.531585264791178
12,19,1.91089307240451
12,22,1.69556363995758
12,34,0.270016333163046
12,43,-0.0172735059805519
12,44,1.65067719800441
12,45,1.53978413402875
12,48,0.386339749808448
12,60,0.766581085916918
12,65,2.02313954035251
12,76,0.77200056395016
12,77,-0.0524424452264103
12,83,1.3737977247386
12,84,1.37451801357276
12,95,1.69227989875803
12,98,0.619260404132203
12,102,0.571310588304186
12,123,2.51225229382925
13,15,0.948475392558964
13,16,1.16418518841355
13,17,0.905215179980693
13,18,0.0778313429411411
13,23,0.132108555712984
13,24,0.11059463729981
13,26,1.35282474168293
13,41,0.218357845171921
13,47,0.292131225789202
13,66,0.590625511907261
13,73,0.574777448535269
13,77,-0.506196367076447
13,94,1.65957158846653
13,97,0.944612778223802
13,100,1.43414519609444
13,105,0.194864844742666
13,109,2.00618169925426
13,110,2.36966533468261
13,112,0.719399798466841
13,115,1.95955466055864
13,125,0.44691975221978
14,18,-0.896873914176005
14,19,0.482433893437329
14,24,-0.864110619817337
14,27,-0.69840482263747
14,33,0.282356890944013
14,47,-0.682574031327944
14,56,-0.401412139813906
14,57,-0.692223825429286
14,58,-0.340963123800197
14,68,0.662181973152101
14,69,-0.870727746915095
14,70,-0.314527100958577
14,81,-0.0597482826284182
14,87,-0.567688689034478
14,89,1.26374550390388
14,91,-0.218026374553193
14,93,-0.289464158051118
14,101,0.23838223699238
14,104,-0.313706054127382
14,112,-0.255305458650305
15,17,-0.043260212578271
15,18,-0.870644049617823
15,19,0.508663757995512
15,26,0.404349349123964
15,27,-0.672174958079288
15,28,-0.112852010061954
15,39,-1.27869125536133
15,41,-0.730117547387043
15,50,0.63728346019268
15,59,0.951300319694864
15,64,0.717787184068161
15,66,-0.357849880651703
15,68,0.688411837710283
15,70,-0.288297236400395
15,71,-0.663928114817104
15,77,-1.45467175963541
15,79,-0.618695947614406
15,81,-0.0335184180702359
15,86,0.923753027920129
15,87,-0.541458824476295
15,100,0.485669803535476
15,104,-0.2874761895692
15,118,-0.93185099143026
15,120,-0.334371777117078
16,17,-0.258970008432858
16,18,-1.08635384547241
16,22,0.0776245296939958
16,23,-1.03207663270057
16,25,-0.772775597190205
16,27,-0.887884753933875
16,31,0.70736309775513
16,37,-0.736239434187108
16,42,-0.29162583049075
16,46,-0.459395533528603
16,49,-1.02950796411065
16,54,-0.950539377541347
16,62,-0.0949185717955673
16,64,0.502077388213574
16,78,-0.220388305933326
16,92,-1.46549071337173
16,93,-0.478944089347523
16,100,0.269960007680889
16,106,-0.568838403345794
16,111,-0.741970442249734
16,117,-0.0176730424689572
16,120,-0.550081572971666
17,22,0.336594538126854
17,25,-0.513805588757347
17,27,-0.628914745501017
17,28,-0.0695917974836833
17,29,0.0335957554333362
17,30,0.270045122822049
17,35,1.87732337305914
17,39,-1.23543104278306
17,41,-0.686857334808772
17,42,-0.0326558220578914
17,44,0.291708096173685
17,64,0.761047396646432
17,67,-0.193419459688704
17,75,0.576227314983027
17,82,-0.493262505392535
17,91,-0.14853629741674
17,92,-1.20652070493888
17,95,0.333310796927304
17,105,-0.710350335238027
17,107,-0.210361523064471
17,108,-1.01737674250373
17,110,1.46445015470191
17,111,-0.483000433816876
17,119,-0.379652213654426
17,122,0.31735401605916
18,19,1.37930780761333
18,23,0.0542772127718432
18,25,0.313578248282205
18,28,0.757792039555868
18,34,-0.261568931628132
18,35,2.70470721009869
18,40,0.71849949576275
18,48,-0.145245514982729
18,49,0.0568458813617554
18,55,0.807352673034393
18,63,0.432974746356459
18,68,1.55905588732811
18,69,0.0261461672609102
18,75,1.40361115202258
18,80,1.67258529974119
18,81,0.837125631547587
18,92,-0.379136867899324
18,95,1.16069463396686
18,97,0.866781435282661
18,100,1.3563138531533
19,22,-0.215329432446929
19,25,-1.06572955933113
19,26,-0.104314408871547
19,27,-1.1808387160748
19,29,-0.518328215140446
19,30,-0.281878847751734
19,32,-0.196058763313265
19,37,-1.02919339632803
19,40,-0.660808311850585
19,43,-1.92816657838506
19,49,-1.32246192625158
19,56,-0.883846033251235
19,62,-0.387872533936492
19,64,0.209123426072649
19,78,-0.51334226807425
19,80,0.293277492127851
19,95,-0.218613173646479
19,100,-0.0229939544600358
19,106,-0.861792365486719
19,107,-0.762285493638254
19,111,-1.03492440439066
19,112,-0.737739352087635
19,114,-0.756120927009477
19,116,-1.05371347046888
19,117,-0.310627004609882
20,22,0.411227502121957
20,23,-0.698473660272605
20,27,-0.554281781505914
20,28,0.0050411665114199
20,29,0.108228719428439
20,30,0.344678086817152
20,31,1.04096607018309
20,35,1.95195633705425
20,46,-0.125792561100641
20,50,0.755176636766055
20,52,0.0966127881062462
20,57,-0.548100784297729
20,59,1.06919349626824
20,74,0.0175996369406025
20,84,0.0901818757371332
20,88,0.501970202115759
20,112,-0.111182417518749
20,115,1.12897244457305
20,116,-0.427156535899999
20,117,0.315929929959004
20,122,0.391986980054263
21,22,0.0841278075060349
21,24,-1.0470872733017
21,29,-0.218870975187483
21,30,0.0175783922012299
21,34,-1.3414194992885
21,36,0.65992970228893
21,54,-0.944036099729308
21,58,-0.523939777284563
21,59,0.742093801652316
21,62,-0.0884152939835282
21,75,0.323760584362208
21,76,-0.839435268501388
21,78,-0.213885028121287
21,96,1.34624443118689
21,100,0.276463285492928
21,104,-0.496682707611748
21,108,-1.26984347312455
21,109,0.848499788652752
21,118,-1.14105750947281
21,124,0.543414042621544
21,125,-0.710762158381733
22,23,-1.10970116239456
22,27,-0.965509283627871
22,30,-0.066549415304805
22,32,0.0192706691336639
22,33,0.0152524299536125
22,34,-1.42554730679454
22,36,0.575801894782895
22,40,-0.445478879403656
22,46,-0.537020063222599
22,47,-0.949678492318345
22,49,-1.10713249380465
22,59,0.657965994146281
22,69,-1.1378322079055
22,72,-0.564942503569352
22,80,0.50860692457478
22,82,-0.829857043519389
22,92,-1.54311524306573
22,100,0.192335477986893
22,117,-0.095297572162953
22,118,-1.22518531697884
22,122,-0.0192405220676942
23,26,1.22071618596994
23,35,2.65042999732685
23,37,0.295837198513459
23,44,1.06481472044139
23,52,0.795086448378851
23,73,0.442668892822285
23,75,1.34933393925074
23,76,0.18613808638714
23,78,0.811688326767241
23,83,0.787935247175583
23,89,2.10634220530804
23,91,0.624570326850968
23,105,0.0627562890296819
23,106,0.463238229354773
23,118,-0.11548415458428
23,119,0.393454410613282
24,28,0.7250287451972
24,31,1.76095364886887
24,32,1.1504857499414
24,35,2.67194391574003
24,36,1.70701697559063
24,37,0.317351116926634
24,49,0.0240825870030871
24,50,1.47516421545183
24,54,0.103051173572395
24,76,0.207652004800314
24,81,0.804362337188918
24,82,0.301358037288349
24,89,2.12785612372122
24,103,0.2001387349856
24,112,0.608805161167031
24,113,0.962668837594589
24,116,0.292831042785781
24,123,1.9479037346794
24,124,1.59050131592325
25,26,0.961415150459582
25,28,0.444213791273663
25,30,0.783850711579396
25,33,0.865652556837813
25,34,-0.575147179910337
25,35,2.39112896181649
25,37,0.0365361630030969
25,38,1.88279186032843
25,42,0.481149766699455
25,48,-0.458823763264935
25,55,0.493774424752188
25,61,0.871103422458902
25,67,0.320386129068642
25,69,-0.287432081021295
25,74,0.456772261702846
25,85,1.14862782006531
25,91,0.365269291340607
25,97,0.553203187000456
25,109,1.61477210803092
25,123,1.66708878075587
26,29,-0.414013806268899
26,31,0.518723544485754
26,33,-0.0957625936217687
26,34,-1.53656233036992
26,39,-1.68304060448529
26,43,-1.82385216951352
26,53,-0.325409867836108
26,67,-0.64102902139094
26,75,0.128617753280792
26,77,-1.85902110875937
26,81,-0.4378677671942
26,86,0.519403678796164
26,98,-1.18731825940076
26,100,0.0813204544115116
26,101,-0.139737247573401
26,102,-1.23526807522878
26,106,-0.757477956615171
26,109,0.653356957571336
26,112,-0.633424943216087
26,120,-0.738721126241043
27,31,1.59524785168901
27,32,0.984779952761535
27,33,0.980761713581484
27,35,2.50623811856016
27,36,1.54131117841077
27,38,1.9979010170721
27,40,0.520030404224215
27,46,0.428489220405272
27,72,0.400566780058519
27,77,-0.782496801556123
27,79,0.0534790104648815
27,109,1.72988126477459
27,113,0.796963040414722
27,120,0.337803180962209
27,125,0.170619317740104
28,34,-1.019360971184
28,39,-1.16583924529937
28,40,-0.0392925437931188
28,43,-1.3066508103276
28,49,-0.700946158194113
28,52,0.0915716215948263
28,63,-0.32481729319941
28,66,-0.244997870589748
28,69,-0.731645872294958
28,92,-1.13692890745519
28,94,0.823948205969519
28,95,0.402902594410987
28,96,1.66830295929139
28,97,0.108989395726793
28,112,-0.116223584030169
28,114,-0.134605158952011
28,121,0.703534733334322
29,32,0.322269451827182
29,36,0.878800677476413
29,37,-0.510865181187586
29,40,-0.142480096710138
29,42,-0.0662515774912276
29,45,0.147219276764685
29,59,0.960964776839799
29,80,0.811605707268298
29,87,-0.531794367331361
29,89,1.299639825607
29,99,-0.911956907366162
29,115,1.02074372514461
29,123,1.11968743656518
29,124,0.762285017809028
29,125,-0.491891183194249
30,31,0.69628798336594
30,33,0.0818018452584175
30,34,-1.35899789148973
30,36,0.6423513100877
30,37,-0.747314548576299
30,39,-1.5054761656051
30,40,-0.378929464098851
30,41,-0.956902457630821
30,43,-1.64628773063333
30,46,-0.470470647917794
30,77,-1.68145666987919
30,94,0.484311285663787
30,98,-1.00975382052058
30,109,0.830921396451522
31,33,-0.614486138107522
31,38,0.402653165383092
31,39,-2.20176414897104
31,43,-2.34257571399927
31,44,-0.674625010014304
31,47,-1.57941706037948
31,58,-1.23780615285173
31,65,-0.302162667666208
31,69,-1.76757077596663
31,73,-1.29677083763341
31,90,-0.750223354767537
31,93,-1.18630718710265
31,96,0.632378055619719
31,97,-0.926935507944879
31,115,0.0880063743899608
31,119,-1.34598531984241
31,120,-1.2574446707268
32,34,-1.4448179759282
32,35,1.52145816579862
32,36,0.556531225649231
32,38,1.01312106431056
32,44,-0.0641571110868331
32,50,0.324678465510434
32,52,-0.333885383149375
32,58,-0.627338253924262
32,65,0.308305231261263
32,66,-0.67045487533395
32,68,0.375806843028036
32,89,0.977370373779816
32,91,-0.504401504677258
32,94,0.398491201225318
32,95,-0.022554410333214
32,117,-0.114568241296617
32,120,-0.646976771799325
33,39,-1.58727801086352
33,40,-0.460731309357269
33,45,-0.171031935882446
33,47,-0.964930922271957
33,51,-0.752462507234613
33,54,-1.04341633718895
33,70,-0.59688399190259
33,71,-0.972514870319299
33,72,-0.580194933522964
33,89,0.981388612959867
33,93,-0.571821048995131
33,95,-0.0185361711531626
33,104,-0.596062945071395
33,115,0.702492512497483
33,125,-0.81014239584138
34,35,2.96627614172683
34,40,0.980068427390882
34,48,0.116323416645402
34,52,1.11093259277883
34,59,2.08351330094082
34,63,0.694543677984591
34,68,1.82062481895624
34,76,0.501984230787115
34,82,0.595690263275149
34,84,1.10450168040971
34,96,2.68766393047539
34,99,0.210591616734858
34,100,1.61788278478143
34,104,0.844736791676755
34,109,2.18991928794125
34,121,1.72289570451832
34,122,1.40630678472684
35,36,-0.964926940149393
35,41,-2.56418070786791
35,45,-1.69650834086112
35,47,-2.49040732725063
35,51,-2.27793891221329
35,55,-1.8973545370643
35,57,-2.50005712135197
35,61,-1.52002553935759
35,66,-2.19191304113257
35,70,-2.12236039688127
35,80,-1.03212191035751
35,82,-2.37058587845168
35,85,-1.24250114175117
35,87,-2.37552198495717
35,90,-1.66121362163869
35,92,-3.08384407799802
35,97,-1.83792577481603
35,108,-2.89470011556288
35,109,-0.776356853785571
35,124,-1.08144259981678
36,40,-1.02128077418655
36,41,-1.59925376771852
36,42,-0.945052254967641
36,43,-2.28863904072103
36,44,-0.620688336736064
36,45,-0.731581400711729
36,49,-1.68293438858755
36,59,0.0821640993633853
36,62,-0.748344996272458
36,64,-0.151349036263318
36,67,-1.10581589259845
36,79,-1.48783216794589
36,87,-1.41059504480777
36,103,-1.50687824060503
36,104,-1.15661240990068
36,116,-1.41418593280485
36,121,-0.278453497059111
36,123,0.24088675908877
37,38,1.84625569732533
37,39,-0.758161617028806
37,41,-0.209587909054522
37,42,0.444613603696358
37,44,0.768977521927935
37,45,0.65808445795227
37,46,0.276843900658505
37,47,-0.135814528437241
37,49,-0.293268529923547
37,51,0.0766538866001035
37,53,0.599469119620377
37,63,0.0828603350711568
37,65,1.14143986427603
37,80,1.32247088845588
37,83,0.492098048662124
37,85,1.11209165706222
37,90,0.693379177174701
37,91,0.32873312833751
37,93,0.257295344839585
37,113,0.645317720667955
38,41,-2.05584360637985
38,42,-1.40164209362897
38,45,-1.18817123937306
38,46,-1.56941179666682
38,47,-1.98207022576257
38,48,-2.34161562359336
38,51,-1.76960181072523
38,65,-0.7048158330493
38,71,-1.98965417380991
38,73,-1.6994240030165
38,78,-1.33040456907155
38,79,-1.94442200660722
38,80,-0.523784808869446
38,85,-0.734164040263112
38,88,-0.941649033450424
38,89,-0.0357506905307468
38,113,-1.20093797665737
38,121,-0.735043335720442
38,123,-0.21570307957256
39,40,1.12654670150625
39,44,1.52713913895674
39,47,0.622347088591564
39,51,0.834815503628909
39,58,0.963957996119312
39,61,1.59272887648461
39,62,1.39948247942035
39,67,1.04201158309435
39,77,-0.175980504274084
39,81,1.24517283729109
39,94,1.98978745126889
39,95,1.56874183971036
39,112,1.0496156612692
39,114,1.03123408634736
39,121,1.86937397863369
40,42,0.0762285192189107
40,43,-1.26735826653448
40,45,0.289699373474823
40,49,-0.661653614400994
40,53,0.231084035142929
40,63,-0.285524749406291
40,69,-0.692353328501839
40,77,-1.30252720578034
40,79,-0.466551393759333
40,87,-0.389314270621222
40,90,0.324994092697253
40,96,1.70759550308451
40,112,-0.0769310402370497
40,117,0.350181307240703
40,118,-0.779706437575187
41,45,0.867672367006792
41,48,-0.28577201721351
41,51,0.286241795654625
41,52,0.708837158919915
41,54,-0.0047120342997167
41,63,0.292448244125679
41,75,1.2630846497918
41,81,0.696599129316807
41,88,1.11419457292943
41,97,0.726254933051881
41,99,-0.191503817124054
41,102,-0.100801178717771
41,107,0.476495811744301
41,109,1.78782385408234
41,111,0.203856900991896
41,124,1.48273810805114
42,43,-1.34358678575339
42,45,0.213470854255912
42,47,-0.580428132133599
42,50,0.713199494828843
42,55,0.0126246580527326
42,59,1.02721635433103
42,69,-0.76858184772075
42,75,0.608883137040919
42,76,-0.554312715822678
42,83,0.0474844449657659
42,84,0.0482047337999214
42,87,-0.465542789840133
42,98,-0.707052875640635
43,45,1.5570576400093
43,48,0.403613255789
43,49,0.605704652133485
43,51,0.975627068657135
43,54,0.684673238702793
43,63,0.981833517128188
43,70,1.13120558398916
43,75,1.95246992279431
43,79,0.800806872775146
43,86,2.34325584830968
43,90,1.59235235923173
43,101,1.68411492194012
43,110,2.84069276251319
43,119,0.996590394156855
44,46,-0.492133621269429
44,51,-0.692323635327831
44,54,-0.983277465282173
44,56,-0.623630158851137
44,60,-0.884096112087496
44,67,-0.485127555862389
44,69,-1.09294576595233
44,74,-0.348741423228186
44,77,-1.70311964323082
44,78,-0.253126393674152
44,82,-0.78497060156622
44,84,-0.276159184431655
44,104,-0.535924073164614
44,106,-0.601576491086621
44,108,-1.30908483867742
44,114,-0.495905052609379
44,125,-0.750003523934598
45,46,-0.381240557293765
45,48,-1.1534443842203
45,51,-0.581430571352167
45,54,-0.872384401306509
45,56,-0.512737094875473
45,57,-0.803548780490853
45,58,-0.452288078861764
45,66,-0.495404700271453
45,67,-0.374234491886725
45,88,0.246522205922636
45,89,1.15242054884231
45,90,0.0352947192224306
45,106,-0.490683427110956
45,114,-0.385011988633715
45,119,-0.560467245852447
45,120,-0.471926596736828
46,49,-0.570112430582052
46,53,0.322625218961872
46,54,-0.491143844012744
46,56,-0.131496537581708
46,58,-0.0710475215679991
46,67,0.0070060654070399
46,68,0.932097575384299
46,69,-0.600812144682897
46,95,0.533736322023048
46,96,1.79913668690345
46,97,0.239823123338854
46,101,0.508297839224578
46,102,-0.587232988430799
46,108,-0.816951217407989
46,110,1.66487567979766
47,48,-0.35954539783079
47,58,0.341610907527747
47,59,1.60764448646463
47,60,0.02069593827768
47,63,0.218674863508398
47,64,1.37413135083792
47,65,1.27725439271327
47,70,0.368046930369367
47,83,0.627912577099365
47,89,1.94631953523182
47,111,0.130083520374615
47,113,0.781132249105196
47,118,-0.275506824660498
48,52,0.994609176133424
48,54,0.281059982913793
48,60,0.38024133610847
48,61,1.32992718572384
48,63,0.578220261339188
48,66,0.658039683948849
48,86,1.93964259252068
48,88,1.39996659014294
48,94,1.72698576050812
48,95,1.30594014894959
48,97,1.01202695026539
48,110,2.43707950672419
48,114,0.768432395586587
48,120,0.681517787483474
48,121,1.60657228787292
48,123,2.1259125440208
48,125,0.514333924261368
49,50,1.45108162844875
49,56,0.438615893000344
49,58,0.499064909014053
49,59,1.76509848795093
49,60,0.178149939763985
49,62,0.934589392315087
49,66,0.455948287604365
49,68,1.50221000596635
49,69,-0.0306997141008452
49,73,0.440100224232373
49,75,1.34676527066082
49,86,1.7375511961762
49,87,0.272339343779772
49,89,2.10377353671813
49,101,1.07841026980663
49,107,0.560176432613325
49,120,0.479426391138989
50,52,-0.658563848659809
50,56,-1.0124657354484
50,57,-1.30327742106378
50,58,-0.952016719434695
50,67,-0.873963132459656
50,72,-0.908891638213449
50,75,-0.104316357787924
50,80,0.164657789930682
50,92,-1.88706437770983
50,103,-1.27502548046623
50,107,-0.890905195835423
50,108,-1.69792041527468
50,114,-0.884740629206646
50,115,0.373795807806998
51,53,0.522815233020273
51,57,-0.222118209138686
51,59,1.39517607142728
51,62,0.564666975791437
51,63,0.0062064484710532
51,71,-0.220052363084687
51,77,-1.01079600790299
51,87,-0.0975830727438781
51,96,1.99932670096185
51,100,0.929545555267893
51,102,-0.387042974372397
51,108,-0.616761203349587
51,110,1.86506569385606
51,116,-0.101173960740956
51,122,0.717969555213306
51,123,1.55389873115267
52,57,-0.644713572403975
52,58,-0.293452870774887
52,59,0.972580708161992
52,64,0.739067572535289
52,66,-0.336569492184575
52,69,-0.823217493889784
52,74,-0.0790131511656437
52,81,-0.0122380296031079
52,83,-0.0071512012032684
52,85,0.612842407196825
52,93,-0.241953905025807
52,95,0.311330972816161
52,108,-1.03935656661488
52,110,1.44247033059077
52,115,1.03235965646681
52,120,-0.31309138864995
52,125,-0.480275251872056
53,56,-0.454121756543579
53,61,0.235098139835428
53,62,0.041851742771164
53,64,0.638847702780305
53,65,0.541970744655654
53,66,-0.436789361939559
53,73,-0.45263742531155
53,76,-0.709168231746696
53,79,-0.697635428902262
53,84,-0.106650782124097
53,86,0.844813546632273
53,94,0.632156714619709
53,98,-0.861908391564653
53,111,-0.605200127683003
53,120,-0.413311258404935
54,57,0.0688356208156562
54,63,0.297160278425395
54,69,-0.109668300670153
54,75,1.26779668409152
54,78,0.730151071608021
54,83,0.706397992016363
54,86,1.65858260960689
54,90,0.90767912052894
54,97,0.730966967351598
54,98,-0.0481393285900376
54,100,1.22049938522224
54,101,0.999441683237322
54,113,0.859617664022194
55,58,-0.251441882658585
55,60,-0.572356851908652
55,61,0.377328997706714
55,62,0.18408260064245
55,65,0.684201602526939
55,66,-0.294558504068273
55,81,0.029772958513194
55,82,-0.473231341387376
55,93,-0.199942916909505
55,97,0.0594287622482684
55,99,-0.858329987927667
55,100,0.548961180118906
55,109,1.12099768327873
55,115,1.07437064458311
56,58,0.0604490160137088
56,60,-0.260465953236359
56,61,0.689219896379007
56,63,-0.0624870280056406
56,66,0.0173323946040205
56,68,1.06359411296601
56,69,-0.469315607101189
56,76,-0.255046475203117
56,82,-0.161340442715082
56,83,0.346750685585327
56,84,0.347470974419482
56,120,0.0408104981386449
56,121,0.965864998528091
57,59,1.61729428056597
57,60,0.0303457323790213
57,63,0.228324657609739
57,65,1.28690418681461
57,67,0.429314288604128
57,68,1.35440579858139
57,70,0.377696724470708
57,79,0.0472980132566968
57,86,1.58974698879123
57,99,-0.255627403639993
57,111,0.139733314475956
57,113,0.790782043206538
57,115,1.67707322887078
58,59,1.26603357893688
58,60,-0.320914969250067
58,61,0.628770880365299
58,68,1.0031450969523
58,70,0.0264360228416197
58,73,-0.0589646847816799
58,80,1.11667450936538
58,84,0.287021958405774
58,85,0.906295277971711
58,87,-0.226725565234281
58,88,0.6988102847844
58,100,0.80040306277749
58,103,-0.32300876103154
58,106,-0.0383953482491922
58,119,-0.108179166990683
59,64,-0.233513135626703
59,65,-0.330390093751354
59,68,-0.262888481984581
59,71,-1.61522843451197
59,75,-0.418333217290107
59,80,-0.149359069571501
59,82,-1.48782303766567
59,86,-0.0275472917747351
59,92,-2.20108123721201
59,93,-1.2145346131878
59,95,-0.661249735345831
59,102,-1.78221904579968
59,107,-1.20492205533761
59,120,-1.28567209681194
59,124,-0.198679759030771
60,61,0.949685849615366
60,62,0.756439452551102
60,67,0.398968556225106
60,68,1.32406006620236
60,69,-0.208849653864831
60,71,-0.028279886325022
60,86,1.55940125641221
60,93,0.372413934999147
60,94,1.34674442439965
60,98,-0.147320681784715
60,103,-0.0020937917814725
60,112,0.406572634399959
60,113,0.760436310827516
60,117,0.833684981877712
61,62,-0.193246397064264
61,63,-0.751706924384648
61,67,-0.550717293390259
61,69,-1.1585355034802
61,72,-0.585645799144052
61,73,-0.687735565146978
61,80,0.487903629000079
61,81,-0.34755603919352
61,99,-1.23565898563438
61,103,-0.951779641396839
61,112,-0.543113215215407
61,117,-0.116000867737654
61,118,-1.24588861255354
61,121,0.276645102149083
61,123,0.795985358296965
61,125,-0.815593261462468
62,64,0.596995960009141
62,67,-0.357470896325995
62,69,-0.965289106415932
62,71,-0.784719338876124
62,72,-0.392399402079789
62,73,-0.494489168082715
62,75,0.412175878345736
62,76,-0.75101997451786
62,84,-0.148502524895261
62,85,0.470770794670677
62,93,-0.384025517551955
62,107,-0.374412959701762
62,115,0.890288043940659
62,117,0.0772455293266101
62,122,0.153302579421869
63,65,1.05857952920487
63,66,0.0798194226096611
63,68,1.12608114097165
63,69,-0.406828579095549
63,74,0.337375763628592
63,76,-0.192559447197476
63,81,0.404150885191128
63,83,0.409237713590967
63,88,0.821746328803749
63,91,0.245872793266353
63,93,0.174435009768429
63,103,-0.200072717012191
63,111,-0.088591343133783
63,120,0.103297526144285
63,125,-0.0638863370778204
64,66,-1.07563706471986
64,67,-0.954466856335136
64,70,-1.00608442046856
64,79,-1.33648313168257
64,82,-1.25430990203897
64,85,-0.126225165338464
64,88,-0.333710158525776
64,94,-0.0066909881605956
64,106,-1.07091579155937
64,107,-0.971408919710903
64,108,-1.77842413915016
64,118,-1.64963817549842
64,123,0.392235795352088
65,66,-0.978760106595212
65,67,-0.857589898210485
65,68,0.0675016117667735
65,70,-0.909207462343904
65,74,-0.721203765576281
65,77,-2.07558198557892
65,79,-1.23960617355792
65,94,0.0901859699640555
65,104,-0.908386415512709
65,105,-1.37452077375981
65,116,-1.16595993841688
65,121,-0.0302275026711421
66,67,0.121170208384727
66,70,0.069552644251308
66,71,-0.306078234165401
66,72,0.0862417026309344
66,76,-0.272378869807137
66,77,-1.09682187898371
66,87,-0.183608943824593
66,88,0.741926906194088
66,91,0.166053370656692
66,96,1.91330082988114
66,109,1.415556187347
66,112,0.12877428655958
66,121,0.94853260392407
66,123,1.46787286007195
67,73,-0.137018271756719
67,74,0.136386132634204
67,75,0.769646774671732
67,76,-0.393549078191865
67,80,1.03862092239034
67,96,1.79213062149641
67,99,-0.684941692244121
67,101,0.501291773817538
67,102,-0.594239053837839
67,123,1.34670265168722
67,124,0.989300232931068
68,74,-0.788705377343055
68,75,-0.155444735305527
68,84,-0.716123138546524
68,89,0.601563530751779
68,95,-0.39836125336125
68,98,-1.47138074798708
68,101,-0.42379973615972
68,111,-1.21467248410543
68,123,0.421611141709966
69,70,0.556200645956518
69,72,0.572889704336144
69,74,0.744204342724141
69,76,0.214269131898073
69,78,0.839819372278174
69,80,1.64643913248028
69,81,0.810979464286677
69,89,2.13447325081898
69,97,0.840635268021751
69,103,0.206755862083358
69,109,1.90220418905221
69,121,1.43518060562928
70,71,-0.375630878416709
70,73,-0.0854007076232996
70,75,0.821264338805151
70,76,-0.341931514058445
70,77,-1.16637452323502
70,78,0.283618726321656
70,80,1.09023848652376
70,89,1.57827260486246
70,90,0.461146775242575
70,92,-0.961483681116752
70,103,-0.34944478387316
70,105,-0.465313311415903
70,109,1.3460035430957
70,120,-0.0460745407166836
70,124,1.04091779706449
71,72,0.392319936796335
71,73,0.290230170793409
71,74,0.563634575184332
71,76,0.0336993643582639
71,79,0.0452321672026975
71,81,0.630409696746868
71,82,0.127405396846298
71,83,0.635496525146707
71,84,0.636216813980863
71,87,0.122469290340809
71,88,1.04800514035949
71,93,0.400693821324169
71,122,0.938021918297993
71,123,1.77395109423735
71,125,0.16237247447792
72,73,-0.102089766002926
72,74,0.171314638387997
72,77,-1.18306358161464
72,79,-0.347087769593638
72,81,0.238089759950533
72,89,1.56158354648283
72,90,0.444457716862949
72,93,0.0083738845278331
72,97,0.267745563685607
72,115,1.28268744602045
72,123,1.38163115744102
73,78,0.369019433944956
73,87,-0.167760880452601
73,91,0.181901434028683
73,93,0.110463650530759
73,110,1.79488788614734
73,121,0.964380667296062
73,123,1.48372092344394
73,124,1.12631850468779
73,125,-0.12785769631549
74,77,-1.35437822000264
74,80,0.902234789756135
74,82,-0.436229178338034
74,83,0.0718619499623752
74,86,1.0240465675529
74,87,-0.441165284843524
74,93,-0.162940753860164
74,99,-0.821327824878325
74,101,0.364905641183334
74,104,-0.187182649936428
74,105,-0.653317008183526
74,112,-0.128782054459351
74,124,0.852914100296864
74,125,-0.401262100706413
75,78,-0.537645612483495
75,79,-1.15166305001916
75,80,0.268974147718606
75,82,-1.06948982037556
75,84,-0.560678403240997
75,85,0.0585949163249406
75,87,-1.07442592688105
76,78,0.625550240380102
76,80,1.4321700005822
76,81,0.596710332388604
76,83,0.601797160788443
76,86,1.55398177837897
76,88,1.01430577600123
76,89,1.9202041189209
76,100,1.11589855399432
76,108,-0.430408204623164
76,110,2.05141869258248
76,115,1.64130801845852
76,125,0.128673110119656
77,79,0.835975812021004
77,81,1.42115334156517
77,82,0.918149041664605
77,86,2.37842478755554
77,87,0.913212935159115
77,88,1.8387487851778
77,98,0.671702849358614
77,103,0.816929739361856
77,109,2.51237806633071
77,121,2.04535448290778
77,123,2.56469473905566
78,85,0.596240528808435
78,89,1.2946538785408
78,90,0.177528048920919
78,92,-1.24510240743841
78,104,-0.282797679490461
78,114,-0.242778658935227
78,124,0.757299070742831
78,125,-0.496877130260446
79,80,1.42063719773777
79,81,0.58517752954417
79,84,0.590984646778165
79,86,1.54244897553453
79,88,1.00277297315679
79,89,1.90867131607647
79,91,0.426899437619395
79,102,-0.212222778490408
79,103,-0.0190460726591481
80,91,-0.993737760118374
80,102,-1.63285997622818
80,105,-1.55555179793966
80,108,-1.86257820520537
80,110,0.619248692000279
80,122,-0.527847446642474
80,124,-0.0493206894592702
81,88,0.417595443612621
81,89,1.3234937865323
81,92,-1.21626249944691
81,99,-0.888102946440861
81,102,-0.797400308034578
81,104,-0.253957771498964
81,107,-0.220103317572506
81,116,-0.511531294403137
81,121,0.624201141342603
81,123,1.14354139749048
82,84,0.508811417134565
82,88,0.920599743513191
82,89,1.82649808643287
82,91,0.344726207975795
82,102,-0.294396008134008
82,113,0.66131080030624
82,115,1.54760198597048
82,117,0.734559471356436
82,121,1.12720544124317
83,87,-0.513027234805899
83,89,1.31840695813246
83,91,-0.163364920324615
83,93,-0.234802703822539
83,94,0.739527785577962
83,96,1.58388253889983
83,98,-0.754537320606401
83,103,-0.609310430603158
83,111,-0.49782905672475
83,121,0.619114312942764
83,124,0.781052150334489
84,87,-0.513747523640054
84,94,0.738807496743806
84,96,1.58316225006568
84,97,0.0238486865010796
84,99,-0.893910063674855
84,110,1.44890124295988
84,118,-0.904139690594019
84,123,1.13773428025649
85,87,-1.13302084320599
85,89,0.698413349732366
85,91,-0.783358528724708
85,92,-1.84134293624684
85,94,0.119534177177868
85,96,0.96388893049974
85,97,-0.595424633064858
85,98,-1.37453092900649
85,101,-0.326949917179134
85,106,-0.944690626220904
85,108,-1.6521989738117
85,109,0.466144287965603
86,87,-1.46521185239642
86,93,-1.18698732141306
86,95,-0.633702443571096
86,103,-1.56149504819368
86,109,0.133953278775171
86,116,-1.4688027403935
86,122,-0.64965922443924
86,123,0.18626995150012
86,124,-0.171132467256036
86,125,-1.42530866825931
87,90,0.714308363318476
87,91,0.349662314481284
87,97,0.537596210141134
87,120,0.207087047359217
88,89,0.905898342919677
88,90,-0.211227486700205
88,92,-1.63385794305953
88,99,-1.30569839005348
88,100,0.101592777993091
88,103,-1.02181904581594
88,111,-0.910337671937532
88,117,-0.186040272156755
88,119,-0.806989451775083
88,122,-0.109983222061496
89,90,-1.11712582961988
89,98,-2.07294427873886
89,106,-1.64310397595327
89,115,-0.278896100462384
90,91,-0.364646048837191
90,93,-0.436083832335116
90,94,0.538246657065385
90,96,1.38260141038726
90,97,-0.176712153177342
90,98,-0.955818449118977
90,100,0.312820264693296
90,101,0.0917625627083825
90,103,-0.810591559115735
90,115,0.838229729157498
90,124,0.579771021821912
91,93,-0.0714377834979242
91,95,0.481847094344044
91,97,0.18793389565985
91,98,-0.591172400281786
91,104,-0.0956796795741887
91,109,1.24950281669031
91,120,-0.142575267122067
91,123,1.30181948941526
92,93,0.986546624024211
92,94,1.96087711342471
92,95,1.53983150186618
92,101,1.51439301906771
92,102,0.418862191412332
92,103,0.612038897243592
92,105,0.496170369700849
92,115,2.26086018551683
92,118,0.317929926086887
92,119,0.826868491284449
93,95,0.553284877841968
93,97,0.259371679157774
93,98,-0.519734616783862
93,100,0.748904097028411
93,110,1.68442423561658
94,95,-0.421045611558532
94,96,0.844354753321872
94,100,-0.225426392372089
94,102,-1.54201492201238
94,103,-1.34883821618112
94,106,-1.06422480339877
94,109,0.346610110787735
94,111,-1.23735684230271
94,114,-0.958553364921531
94,118,-1.64294718733783
94,122,-0.437002392426676
95,99,-1.21167194886013
95,100,0.195619219186443
95,101,-0.0254384827984702
95,104,-0.577526773918233
95,105,-1.04366113216533
95,119,-0.71296301058173
95,120,-0.624422361466111
96,97,-1.5593135635646
96,98,-2.33841985950623
96,99,-2.47707231374053
96,101,-1.29083884767887
96,102,-2.38636967533425
96,103,-2.19319296950299
96,104,-1.84292713879864
96,105,-2.30906149704573
96,109,-0.497744642534137
96,111,-2.08171159562458
96,119,-1.97836337546213
96,125,-2.05700658956862
97,98,-0.779106295941635
97,103,-0.633879405938393
97,104,-0.283613575234038
97,106,-0.349265993156045
97,107,-0.249759121307581
97,114,-0.243594554678804
97,119,-0.419049811897536
97,120,-0.330509162781917
98,102,-0.0479498158280171
98,103,0.145226890003243
98,104,0.495492720707597
98,105,0.0293583624604993
98,107,0.529347174634055
98,108,-0.277668044805207
98,109,1.8406752169721
98,117,0.981005663662427
99,101,1.18623346606166
99,106,0.56849275701989
99,109,1.9793276712064
99,110,2.34281130663474
100,101,-0.221057701984913
100,104,-0.773145993104676
100,106,-0.838798411026683
100,107,-0.739291539178218
100,108,-1.54630675861748
100,111,-1.01193044993062
100,122,-0.211576000054587
101,103,-0.902354121824117
101,109,0.793094205144737
101,112,-0.493687695642686
101,114,-0.512069270564528
101,115,0.746467166449116
101,118,-1.19646309298082
101,120,-0.598983878667641
101,122,0.009481701930326
102,104,0.543442536535614
102,107,0.577296990462072
102,108,-0.22971822897719
102,109,1.88862503280011
102,112,0.601843132012691
102,115,1.84199799410449
102,116,0.285869013631441
102,122,1.1050125295857
103,105,-0.115868527542743
103,110,2.0589319623972
103,112,0.408666426181432
103,113,0.762530102608989
103,124,1.39036258093765
104,106,-0.065652417922007
104,108,-0.773160765512805
104,109,1.3451824962645
104,111,-0.238784456825947
104,114,0.0400190205552343
104,115,1.29855545756888
104,117,0.48551294295483
104,124,1.04009675023329
105,106,0.400481940325091
105,108,-0.307026407265707
105,110,2.17480048993994
105,114,0.506153378802332
105,115,1.76468981581598
105,119,0.3306981215836
105,125,0.252054907477113
106,112,0.124053013399084
106,114,0.105671438477241
106,115,1.36420787549089
106,118,-0.578722383939053
106,120,0.0187568303741283
106,122,0.627222410972096
106,123,1.46315158691146
107,108,-0.807015219439262
107,109,1.31132804233804
107,111,-0.272638910752405
107,115,1.26470100364242
107,117,0.451658489028372
107,121,0.84430445891511
107,123,1.36364471506299
107,124,1.00624229630683
108,109,2.1183432617773
108,110,2.48182689720565
108,112,0.831561360989881
108,115,2.07171622308168
108,119,0.637724528849307
108,120,0.726265177964926
108,125,0.55908131474282
109,110,0.363483635428342
109,114,-1.30516347570927
109,115,-0.0466270386956217
109,117,-0.85966955330967
109,120,-1.39207808381238
110,111,-1.94745058851879
110,112,-1.65026553621576
110,113,-1.29640185978821
110,115,-0.410110674123964
110,119,-1.84410236835634
110,120,-1.75556171924072
110,121,-0.830507218851275
110,124,-0.668569381459549
111,113,0.651048728730581
111,115,1.53733991439483
111,120,0.191888869278069
111,122,0.800354449876036
112,117,0.427112347477753
112,118,-0.702775397338137
112,120,-0.105296183024956
112,122,0.503169397573012
112,123,1.33909857351237
113,114,-0.3722452513494
113,115,0.886291185664244
113,116,-0.669837794808808
113,118,-1.05663907376569
113,121,0.465894640936933
113,123,0.985234897084814
113,124,0.627832478328658
113,125,-0.626343722674619
114,117,0.445493922399596
114,121,0.838139892286333
114,122,0.521550972494854
115,118,-1.94293025942994
115,120,-1.34545104511676
115,123,0.0989437114205704
115,125,-1.51263490833886
116,117,0.743086465859003
116,118,-0.386801278956887
116,119,0.122137286240676
116,120,0.210677935356295
116,123,1.65507269189362
116,124,1.29767027313747
117,120,-0.532408530502709
117,124,0.554583807278462
118,119,0.508938565197563
118,120,0.597479214313181
118,122,1.20594479491115
118,124,1.68447155209435
119,121,1.01359514950506
119,122,0.697006229713586
119,124,1.17553298689679
119,125,-0.078643214106487
120,125,-0.167183863222106
121,123,0.519340256147881
123,124,-0.357402418756156
123,125,-1.61157861975943
124,125,-1.25417620100328
