node1,node2,flow
1,3,-0.41374769643743
1,5,0.660408908736414
1,6,-0.35250766207476
1,10,0.858863773305214
1,11,-0.262265203938859
1,14,-1.48004436420273
1,19,-0.0838639834607565
1,355,0.834271585603521
1,416,0.450359245743049
1,475,0.0399683272288043
1,694,0.523326456726043
1,1021,-0.283619609815652
1,1604,-0.66961773508326
1,1902,-0.613866645441269
1,1903,-0.364241103144984
1,2397,-0.13727565800659
1,2907,0.25315355108327
1,3118,0.231376776530162
1,3293,0.523537873634958
1,3298,-0.146637274266801
1,3563,-1.36682109113629
1,3583,0.974052635827059
1,3819,-0.609144123127009
1,3991,-0.0456634929124412
1,3992,0.0862477683466045
1,3993,-0.274856498929612
1,3994,-0.288071116902242
1,3995,-0.944290046278776
1,3997,-0.371823383610787
2,4,1.14067058964425
2,8,0.592924846132066
2,10,1.20562238327858
2,14,-1.13328575422937
2,15,-0.550859991156228
2,573,0.429990538730613
2,718,0.531618000824824
2,1020,0.238291034159653
2,1226,-0.512216730900832
2,1276,-0.397632207559378
2,1353,-0.14034598020936
2,1456,1.42076202197006
2,1739,-0.446829118398808
2,1841,-0.198665210526513
2,2068,-0.174444077651596
2,2078,-0.517985428056246
2,2165,1.21822492442073
2,2455,-0.605893868976319
2,3238,1.05309397547301
2,3521,-0.575685633488724
2,3751,1.01429611157945
2,3802,-1.14764029615148
2,3989,-0.688315284596729
2,3992,0.433006378319966
2,3994,0.0586874930711196
3,12,0.220781728480803
3,532,-0.510270066617551
3,757,1.51688894130809
3,809,1.79185704169061
3,1122,0.664560314135344
3,1222,0.226606204385894
3,1248,0.148724330427563
3,1356,0.673767596777766
3,1890,1.14646553390204
3,2220,0.457455220155789
3,2234,0.780272196599236
3,2325,-0.0806112257713656
3,3224,0.576858782580227
3,3313,-0.293130335290414
3,3533,-0.0747294526673486
3,3585,1.34390267370886
3,3990,-1.29107728425327
3,3991,0.368084203524988
3,3992,0.499995464784034
3,4000,0.203075478074732
4,5,-0.133503070934475
4,11,-1.05617718360975
4,17,-0.514240355382084
4,178,-0.245668315537054
4,195,-1.83049921800416
4,571,-0.44952312329069
4,1088,-0.263300585191472
4,1625,-0.240983881582201
4,1787,-1.0983516820034
4,2166,0.435356696463658
4,2269,0.0662654504060592
4,2477,0.424801395420853
4,2493,-0.535839395989666
4,2674,-0.530877413713635
4,3008,-1.13444335082735
4,3080,0.881453340027183
4,3125,-1.5761488322881
4,3313,-1.50079001139873
4,3378,0.349088041463647
4,3612,-1.30666152191682
4,3846,-0.642506549881716
4,3875,-0.313814337000299
4,3886,-1.82320365856374
4,3969,-0.666195635887726
4,3991,-0.839575472583331
4,3993,-1.0687684786005
4,3994,-1.08198309657313
4,3995,-1.73820202594967
4,3996,-1.06839378017381
4,3997,-1.16573536328168
5,7,-0.48714824429175
5,9,-0.897319657325474
5,908,-1.4491862315584
5,1074,-0.537871493680798
5,1375,0.0869044906094417
5,1452,-1.41323160691569
5,1564,-0.0539394140500114
5,2012,-0.563250871465217
5,2018,-0.466648744682293
5,2119,-0.0312076731444535
5,2157,-2.73772097121392
5,2183,-1.68777491999163
5,2374,-0.868799792421496
5,2497,-0.427699620184536
5,2548,-1.70714710047687
5,3163,-1.99752077934584
5,3172,-1.52519996145872
5,3243,0.0080961104681639
5,3502,-1.09166149371844
5,3552,-0.578324321130551
5,3780,-0.900321645062673
5,3829,0.379343018607244
5,3993,-0.935265407666026
5,3996,-0.934890709239339
5,3998,0.196077222894262
5,4000,-0.871081127099112
6,9,0.1155969134857
6,11,0.0902424581359005
6,15,-0.54511093905483
6,18,-0.901367429660606
6,131,1.35837080893319
6,433,-0.2679273373374
6,450,-0.337528754193199
6,755,-0.580893507053491
6,891,-1.7860969779824
6,914,0.334849032337631
6,1152,-1.11235450578484
6,1318,0.520516738450887
6,1469,0.0015424606996539
6,1484,0.57621478093979
6,1535,0.822078942990756
6,1702,0.585571667390231
6,1883,0.419584397523794
6,1957,-0.941373968048505
6,2568,-0.225452950426805
6,2781,-0.826422161628428
6,3108,-0.550240137261259
6,3126,-0.841318813694306
6,3371,1.26851408756583
6,3452,-0.511588387508145
6,3858,0.122202482300151
6,3999,0.503684919814133
7,8,0.0729055717140402
7,11,-0.435525868383524
7,13,0.49330352557653
7,14,-1.65330502864739
7,15,-1.07087926557425
7,88,-0.81442108235785
7,123,0.125557102746502
7,717,0.0714874000319461
7,725,-1.19512531433361
7,883,0.479059590558442
7,983,-0.558333880072366
7,1072,-0.914232535963085
7,1235,-0.597116883526424
7,1443,0.520029400253242
7,1704,0.575340623231449
7,1874,-0.71582067513252
7,2658,1.44469097375049
7,3176,0.0076915729353357
7,3543,-0.2853902965888
7,3572,0.756657451193039
7,3596,0.0481095766446799
7,3914,0.373866399321181
7,3994,-0.461331781346906
7,3998,0.683225467186012
7,4000,-0.383932882807362
8,9,-0.483076984747764
8,12,-0.439132204115331
8,14,-1.72621060036143
8,79,-0.0312093753217089
8,516,-0.839905036028826
8,645,-0.63366817009197
8,1135,-0.123051301105596
8,1764,-0.478293317325253
8,2280,1.10736273426105
8,2636,-0.50324476100583
8,2915,0.61045002893555
8,2977,-0.293719991281337
8,3027,0.125720772688853
8,3036,0.613991568715079
8,3230,-0.597891547261323
8,3292,0.607812718975806
8,3294,-1.56165974206582
9,16,1.18683918027901
9,17,0.516582372877865
9,20,-1.40314867903728
9,134,0.309834376603173
9,576,1.14470676639023
9,856,-0.363090328492398
9,929,1.12089802991338
9,1071,-0.923343425775239
9,1219,0.281602621672793
9,1237,0.544861968571388
9,1248,-0.0281126174208068
9,1483,0.814310898957241
9,1648,0.19445521406309
9,1698,0.885676703860871
9,1977,-0.154888886953303
9,2057,0.350123811385408
9,2188,0.24882415053956
9,2210,0.288724109936714
9,2710,0.505605440009152
9,2997,0.907664383671326
9,3015,-0.771030177996065
9,3282,-0.481053866579178
9,3380,0.907602548457095
9,3856,-0.653951063868231
9,3923,0.0024050140010196
9,3996,-0.0375710519138657
9,3998,1.09339688021974
9,3999,0.388088006328433
10,12,-1.05182974126184
10,13,-0.19229958328402
10,19,-0.942727756765971
10,20,-2.49892320093155
10,234,-1.66315993522548
10,526,-1.68150370850139
10,604,-0.803382811669219
10,610,-1.43225780736898
10,703,-1.74097636803919
10,1456,0.215139638691483
10,1845,0.0684314685724551
10,2086,-0.285028662753496
10,2102,-0.751959493389999
10,2572,-1.50811681723686
10,2632,-0.167610168094681
10,3082,-0.502808096087508
10,3422,-1.44058067339945
10,3482,-0.571091918913524
10,3505,-0.266004426871542
10,3998,-0.0023776416745381
10,3999,-0.707686515565841
11,15,-0.63535339719073
11,18,-0.991609887796506
11,19,0.178401220478103
11,21,0.821376982029036
11,182,0.587071040325285
11,454,-0.203238059124204
11,1026,1.62857022754456
11,1221,0.246604429794852
11,1437,0.305437103986477
11,1565,0.47201214629408
11,1572,0.244184084758496
11,1614,0.88791772247923
11,1872,-0.729873232995581
11,1948,0.213021415244335
11,1986,-0.044371947171507
11,2662,0.919736394455597
11,2808,0.0562659669583875
11,3253,0.520969405641159
11,3327,1.29550424853923
11,3347,0.443293847405004
11,3472,0.030048615822481
11,3648,0.0298640073373825
11,3739,-0.222588063275216
11,3889,0.418415451425932
11,3911,1.3115738879816
11,3946,-0.995448473011692
11,3998,1.11875133556954
12,15,-0.704652633172963
12,18,-1.06090912377874
12,25,1.39779447897786
12,419,-0.325990934238012
12,594,0.311351064519163
12,848,0.915085387580621
12,1406,-0.0663517586266968
12,1688,0.0436963549463347
12,1929,0.889925303075521
12,2052,0.667908523052807
12,2260,0.0117226353171692
12,2264,0.385700936903408
12,2632,0.88421957316716
12,3090,1.01886571908987
12,3477,0.049558195300684
12,3510,0.379856912370435
12,3524,-1.0025221950049
12,3666,-0.0421060096488349
12,3846,0.3443713977458
12,3895,-0.744726810643339
12,3999,0.344143225696
13,14,-2.14660855422392
13,17,-0.386892565732389
13,20,-2.30662361764753
13,22,-0.331098452059977
13,24,-0.940305140118897
13,26,-1.59465958637328
13,794,-0.727086391515317
13,837,-1.57945229571198
13,1913,-0.409684300859502
13,2111,-1.24152545646102
13,2360,-0.0623009956203676
13,2983,-0.52898935591251
13,3101,-1.60639114934481
13,3342,-0.654895119541617
13,3391,0.162689673308946
13,3522,-0.673186216922066
13,3802,-2.16096309614603
13,3810,-0.140699536977027
14,15,0.582425763073141
14,16,2.42997279589268
14,17,1.75971598849154
14,19,1.39618038074197
14,22,1.81551010216395
14,269,1.92982783895029
14,386,1.38366489646835
14,402,1.40967041174221
14,452,1.0347001946688
14,1128,1.20504769533751
14,1285,1.69603644167841
14,1485,0.789269063820765
14,1540,1.40880467285376
14,1608,2.19257545969377
14,1681,1.78677076017791
14,1846,1.89892732867571
14,1889,0.868391006346275
14,1939,1.93931464767759
14,2015,-0.056818105526864
14,2395,1.07790181991965
14,2681,1.77539662892963
14,2688,1.11847490747899
14,2928,2.32315808739336
14,3474,0.259845362302758
14,3925,2.8017443529396
15,18,-0.356256490605776
15,28,0.444736520168248
15,149,1.71103869951265
15,282,1.43482044389244
15,323,1.28263551396983
15,660,-0.249600856303289
15,683,0.498335823588664
15,902,0.143262699440147
15,904,2.28262017181812
15,1221,0.881957826985583
15,1325,0.861458474951768
15,1365,1.59472645905854
15,1503,1.10286064207039
15,1512,-0.260341924769116
15,1924,1.17767763333967
15,1955,1.93831131220927
15,2286,-0.04197901421093
15,2570,0.64265554428006
15,2611,0.300375827417562
15,2690,1.33221310503821
15,2999,0.0067644272942027
15,3043,0.417335903677524
15,3325,1.39452843145927
15,3445,-0.51850526908739
15,3731,0.166215602853092
15,3759,0.6354321896872
15,3965,1.05791830438325
16,22,-0.614462693728729
16,23,-1.28849793953737
16,25,0.254900079331287
16,26,-1.87802382804203
16,175,-0.865534455266408
16,384,-2.21115285069934
16,464,-0.978084489508286
16,705,-1.65153523552559
16,1027,-1.65001725992457
16,1105,-0.647786104839241
16,1227,-0.21418552539558
16,1437,-0.906756531642329
16,1538,-2.35136421233921
16,1539,-1.33303298572478
16,1683,-1.05180260493525
16,1747,-0.629310242342479
16,2537,-1.52670465577099
16,2541,-1.800394807986
16,2577,-0.894005547483838
16,2735,-1.96831518778659
16,3072,-1.17096324677303
16,3112,-1.21618064847578
16,3145,-1.61009757852141
16,3527,-0.0004360012287938
17,20,-1.91973105191515
17,21,0.279440153801372
17,22,0.0557941136724124
17,26,-1.20776702064089
17,27,-1.57792117710783
17,30,-1.0758293655054
17,151,0.423140671862127
17,331,-0.744816410689478
17,688,-0.32378093772746
17,713,-0.959676708275648
17,1014,-0.009431319669384
17,1308,-0.305813028315717
17,1450,-1.28084917666211
17,1751,-0.199755138673348
17,1833,1.07696083993201
17,1965,-0.668212819480915
17,2342,0.0960378718744661
17,2717,0.916191291258847
17,2817,0.0207054296644933
17,3040,-1.0869281310883
17,3089,0.987303281737852
17,3301,-0.305666236194525
17,3584,-0.118311077331392
18,19,1.17001110827461
18,20,-0.386184335890975
18,21,1.81298686982554
18,25,2.4587036027566
18,28,0.800993010774024
18,31,2.97561906811664
18,89,1.38075841680888
18,205,1.56451458763966
18,288,1.24266359545832
18,437,1.45859887232269
18,602,1.58485902083793
18,1251,1.29751359507415
18,1743,0.718260020365455
18,2115,1.09430921441627
18,3073,-0.272254461687688
18,3125,0.471638239118155
18,3439,0.288004974403557
18,3584,1.41523563869278
18,3725,0.370492484891198
19,25,1.28869249448199
19,27,-1.21438556935827
19,30,-0.712293757755837
19,68,-1.06716944639271
19,245,-0.782568126788799
19,413,0.731785520167911
19,415,0.328296178496132
19,678,-0.944297108506699
19,691,-1.26774033110428
19,986,-0.614302931787814
19,1529,0.597984209326363
19,1550,0.137493392442634
19,2261,0.341918032625286
19,2443,-0.245487820107502
19,3247,-0.736942117788709
19,3670,-1.23324010898176
19,3708,0.162329250858612
19,3880,-0.543389861408318
19,3927,0.01015645073038
20,22,1.97552516558756
20,25,2.84488793864757
20,190,1.65988374515625
20,310,1.12428592609315
20,540,1.71483244136408
20,640,1.28668992638499
20,1243,0.891571821167635
20,1691,-0.0352326480060373
20,1885,2.28555362825363
20,1899,1.85294531783382
20,1925,0.328304630887295
20,2130,2.37247223434077
20,2492,1.60777475662452
20,2540,0.965368751876419
20,2652,2.66931767349549
20,2967,0.0866973787666383
20,3206,2.34666065974818
20,3270,2.00708484126772
20,3881,0.888955843614631
20,3951,0.0503567197576521
21,25,0.645716732931057
21,28,-1.01199385905152
21,29,-1.67821656262489
21,32,-0.693508223046926
21,34,0.424613822756578
21,74,-0.296184585202266
21,206,0.71195509049744
21,269,-0.109328303342618
21,378,-0.263415514338124
21,446,-1.93332453734755
21,662,0.875250001773411
21,1003,0.866798203698519
21,1303,-0.557165271762127
21,1494,0.191669996399186
21,1516,-0.324237457866979
21,1801,-1.38398711914071
21,1818,-1.14325814583015
21,2773,0.71561926261883
21,2921,-0.761723929749918
21,2985,-0.436827798281381
21,3054,-1.64298344953629
21,3569,-1.11474524284274
22,24,-0.60920668805892
22,26,-1.2635611343133
22,32,-0.469862182917967
22,33,0.101155967866924
22,192,-0.410342719515213
22,196,0.324661908626669
22,290,-0.140470372816346
22,633,0.444936573389177
22,816,-0.499058488562526
22,886,-0.520091094138438
22,1103,0.261137132300169
22,1320,0.419351138783862
22,1402,-1.66453932802931
22,1944,-0.84424495977009
22,2240,-0.26025549398268
22,2273,0.227080302293916
22,2329,-1.33179435184656
22,2348,-1.05049076494811
22,2365,-1.20639851115049
22,2449,-0.645500327276032
22,2728,-0.690139554389315
22,3699,0.0935335193611392
23,25,1.54339801886866
23,26,-0.589525888504659
23,28,-0.114312573113918
23,36,-0.244876524472143
23,64,0.174996702679065
23,127,0.922954876905722
23,137,0.7616797093737
23,275,0.772628081429816
23,1116,1.31993347878928
23,1136,-0.101794257703238
23,1154,-0.414433874673044
23,1460,-0.502134637295241
23,1797,-0.304428701650942
23,2301,0.580621353650058
23,2799,1.16248633916367
23,2879,-0.382931016350974
23,3309,0.710576122019764
23,3329,0.701126615694799
23,3613,0.375327901672033
23,3710,0.656392110130864
23,3961,-0.182936077520256
24,25,1.47856946111894
24,29,-0.845363834437012
24,33,0.710362655925844
24,676,0.179223373860098
24,696,0.850591341962856
24,750,0.570225386051435
24,1242,1.02787847729881
24,1321,0.459162169336185
24,1687,-0.16576313820922
24,1744,0.830459561564194
24,2019,0.457359668304193
24,2046,-1.30386300430207
24,2344,-0.754023042991906
24,2369,0.25563218575092
24,2377,-0.0028878216612109
24,2382,0.866212077205232
24,2599,-0.232062493436032
24,2718,0.320425362903873
24,3069,-0.587377568754476
24,3277,0.444814795251416
24,3393,0.131245617169759
24,3455,0.336859458606313
24,3609,-0.164735453956704
24,3716,-0.443966293475256
25,26,-2.13292390737332
25,28,-1.65771059198258
25,29,-2.32393329555595
25,33,-0.768206805193092
25,37,-1.36960948820504
25,497,-2.04720181448753
25,618,-1.26491924732652
25,1139,-2.74881373964416
25,1330,-0.928016556506764
25,1917,-1.9510438926068
25,2845,-2.00112289786346
25,2955,-0.0388791094923693
25,3115,-1.6507145749117
25,3196,-1.9724435233844
25,3346,-2.10795406670834
25,3432,-1.96238982320746
26,32,0.793698951395334
26,33,1.36471710218022
26,34,1.91182099719884
26,36,0.344649364032516
26,37,0.763314419168281
26,39,1.12950301096444
26,1119,0.401986761354767
26,1152,-0.536766771507516
26,1283,0.887181594877285
26,1401,1.61329471140778
26,1545,0.970231182730556
26,1734,1.06787741146852
26,1800,2.49637116940586
26,1801,0.103220055301553
26,1911,0.61922996984469
26,1917,0.181880014766519
26,2621,0.67787173024728
26,2765,0.802263973644932
26,2795,-0.482072351129701
26,2897,0.630069670986452
26,3193,0.358864140154089
26,3305,1.22288066522325
26,3311,1.30776975935833
26,3323,1.73083336777558
26,3667,-0.249875682426661
26,3931,1.58754727732725
27,29,0.179144768284314
27,32,1.16385310786228
27,35,1.20478718659868
27,36,0.714803520499461
27,38,1.42669032778606
27,40,1.02082047263391
27,237,0.676958917117565
27,312,0.278757354395248
27,604,1.35373051445502
27,2186,1.49596621368565
27,2329,0.301920938933691
27,2416,2.19028358376153
27,2620,0.614332726101133
27,2938,0.585907384371459
27,3223,1.09106252871553
27,3275,1.28928229357715
27,3432,0.540688240632802
27,3552,1.38033414042489
27,3724,-0.0954783482715355
27,3840,2.54668888966078
27,3846,1.4496549826082
28,33,0.889503786789484
28,36,-0.130563951358225
28,40,0.175453000776226
28,202,0.0323886824779922
28,372,-0.828723657659455
28,382,1.37346061048336
28,911,0.0295274757376145
28,923,0.853861549064978
28,1266,0.302810173594861
28,1535,0.922453361877339
28,1815,-0.0413061123965541
28,1919,1.37850692262986
28,2275,1.44711149668635
28,2355,1.19897731753187
28,3213,-0.853064040335911
28,3396,-1.02239302697137
28,3489,1.11414790995589
28,3688,0.52116600960029
29,32,0.984708339577966
29,36,0.535658752215148
29,38,1.24754555950174
29,265,-0.601292975452228
29,348,0.995590961621653
29,358,0.59580826721859
29,413,1.76702632124187
29,488,1.29121747761358
29,584,0.229744518489304
29,653,-0.67957146685929
29,654,0.459622842667975
29,839,1.56387661504584
29,1095,1.81613737814715
29,1303,1.12105129086277
29,1363,1.041791980403
29,1371,1.90012355607602
29,1582,1.41984399260148
29,1655,0.688075704939015
29,1837,-0.206971299059425
29,1878,1.03810691894404
29,1931,-0.0357979703663662
29,2563,1.91165276978302
29,2808,0.913105547554243
29,2963,1.68176650308887
29,3097,1.74796422509575
29,3384,0.821057408165493
29,3888,0.27854114028673
30,32,0.661761296259844
30,37,0.631376764032791
30,42,1.89401972426826
30,387,0.83399570967639
30,473,1.22165309640811
30,680,-0.101263313145346
30,925,2.30130011933793
30,1024,0.796325435810281
30,1132,0.43968903129788
30,1204,0.0498559449026409
30,1340,-0.0854566300316737
30,1442,0.145358564404984
30,1683,0.694283567971286
30,1719,0.700046020855955
30,2113,-0.0388267161636805
30,2515,0.484853709354487
30,2816,0.229579672523654
30,2861,-0.069025224913946
30,3151,-0.827940180179564
30,3534,0.332899925094433
30,3555,1.29226231692322
30,3582,1.64575214836344
30,3855,-0.524605174993559
30,3910,1.84705600485007
30,3915,0.0904370865880697
31,33,-1.28512227055313
31,38,-1.59330320141424
31,42,-0.623881993329603
31,312,-2.74123617480505
31,502,-0.11279844039379
31,645,-2.10924591031454
31,973,-1.96926323047594
31,1122,-1.47093135868336
31,1256,-1.85941097872451
31,1382,-2.84975407498644
31,1396,-1.7906742185354
31,1663,-2.33505962919331
31,1840,-1.79230260237622
31,2312,-1.14146045624528
31,2505,-1.64558710779008
31,2585,-1.65589659022998
31,2664,-1.38259903124217
31,2714,-2.93818234749623
31,2748,-2.05383784539004
31,2822,-3.38992829274852
31,3023,-2.4097202028798
31,3552,-1.63965938877541
31,3673,-1.1417568385497
32,36,-0.449049587362818
32,101,0.710235568126124
32,122,1.35873113695229
32,438,0.92646770804328
32,580,1.03043681525394
32,608,0.500419793420192
32,1312,0.273755058931708
32,1652,0.547733807620793
32,1698,0.783162400228561
32,1729,-0.570678951829774
32,1817,-1.52819719729295
32,2146,0.79764917755032
32,2241,0.0606759632539757
32,2278,-0.230426680406047
32,2388,0.345482040228563
32,2515,-0.176907586905357
32,2556,-0.796107566300419
32,3296,0.793932024912499
32,3461,-0.667806828198888
32,3478,0.728236053636167
32,3534,-0.328861371165412
33,36,-1.02006773814771
33,37,-0.601402683011944
33,42,0.661240277223526
33,46,-0.646857001169017
33,52,0.147230462130486
33,542,-1.96113158234566
33,655,-1.58886112911441
33,763,-1.61438249344764
33,1533,-0.390749559988759
33,1805,-0.90096118309516
33,1961,-0.665668652360801
33,1971,-0.34439274851491
33,2267,0.464641461360184
33,2323,-0.0221805718595137
33,2348,-1.15164673281503
33,2599,-0.942425149361876
33,2797,-0.167048996368755
33,3217,-1.52016587082339
33,3295,-0.209686016945742
33,3472,-0.66883829394452
33,3585,0.493533271443292
33,3663,0.0881887384555994
33,3960,-0.541367048966441
33,3979,-0.459346552691754
34,37,-1.14850657803056
34,47,-1.86437971472202
34,74,-0.720798407958844
34,82,-0.406385097477591
34,91,-0.755882201768509
34,118,-0.917891494591088
34,138,-0.393634488565602
34,228,-0.0032745958059142
34,257,-1.2411104794352
34,432,-1.24640864242319
34,594,-0.865340504284218
34,1212,-0.568998236418511
34,1456,0.0902778111499431
34,1533,-0.937853455007372
34,1682,-0.306274735804144
34,2097,-1.33733784952616
34,2421,-1.55290938525319
34,2576,-0.520050349597183
34,2882,-1.77119992551053
34,3043,-1.46400829829882
34,3086,-0.716217726628942
34,3489,-0.322459771852207
34,3744,-1.12912556042536
34,3922,-1.31027029283987
35,38,0.221903141187376
35,39,0.294869980832706
35,40,-0.183966713964767
35,45,-0.16730412375022
35,46,-0.116772929120526
35,47,-0.787191747654915
35,48,-0.172329039557922
35,570,-0.274368644131464
35,1135,0.216577301273458
35,2241,0.0197418845175754
35,2404,0.356607295067569
35,2692,-0.193242392668564
35,2758,-0.108497513738366
35,2904,0.268320470338505
35,3496,0.0996027545583148
35,3502,-0.337790218761672
35,3569,-0.462171098532211
35,3771,0.096900139658761
35,3783,-0.902333532420744
35,3789,0.0050468616889859
36,40,0.306016952134451
36,43,1.48484181223413
36,44,0.947430452489927
36,48,0.317654626541296
36,164,-0.141554530792357
36,306,0.87924955552983
36,497,-0.258927271146728
36,592,0.290906459674522
36,702,0.777248667965497
36,710,-0.0321005672816933
36,751,0.587214102239917
36,1294,0.463173031661001
36,1304,-0.240289945654245
36,1343,0.529286014948194
36,1557,0.442818613735563
36,1625,1.13637413040826
36,2830,1.03763054248238
36,3032,1.12011892613792
36,3081,0.940277103824762
36,3364,-0.942598608284875
36,3698,1.90402713945422
36,3724,-0.810281868770997
36,3981,1.00292109462892
36,3996,0.308964231816642
37,41,0.615411315832671
37,42,1.26264296023547
37,43,1.06617675709837
37,46,-0.0454543181570727
37,50,-0.333300162442674
37,236,-0.203111998851163
37,330,0.382478352739367
37,362,0.415765626914883
37,363,0.321109449349027
37,1407,0.103599792058473
37,1515,-0.469586263845146
37,1795,-0.0813613805475661
37,2094,-0.207598677890909
37,2509,0.111485185309483
37,2779,-0.261094168996712
37,3605,0.0799171489603653
37,3737,-0.419219762961118
37,3913,0.1656622692039
38,40,-0.405869855152143
38,41,0.322189563681842
38,44,0.235543645203333
38,45,-0.389207264937596
38,49,0.700045038615384
38,50,-0.626521914593502
38,129,-0.69380684802898
38,180,-1.46915253941981
38,739,-0.158766227472485
38,793,0.171748978521625
38,987,0.107756758612182
38,1059,-1.41498756520834
38,1287,0.257151903172259
38,1469,-0.479405976342133
38,1723,-0.0033258243979552
38,1963,-0.956935815100288
38,2463,-0.850122393639016
38,2910,-0.242507325859111
38,3011,-0.360005697709514
38,3029,0.419079265105587
38,3412,0.760952641284861
38,3878,-0.719234407857869
38,3912,-0.4722379843369
38,4000,-0.339112993329724
39,43,0.69998816530221
39,46,-0.411642909953232
39,47,-1.08206172848762
39,52,0.38244455334627
39,62,-0.950133053821559
39,149,0.612012483770704
39,158,-0.501361937263649
39,281,0.395417266822624
39,389,0.787225214456017
39,852,-0.402629542226749
39,1028,-0.173892429295511
39,1656,-1.36700581428573
39,1719,-0.297519334972996
39,1995,0.296831117606057
39,2012,-0.10424957734116
39,2363,1.52591091621858
39,2649,0.286653608093553
39,2696,-0.0556741702796752
39,3070,-0.822183216487757
39,3166,-0.184550379268205
39,3373,0.687744268852436
39,3499,0.678769384060636
39,3821,-0.0348514719304996
40,44,0.641413500355476
40,45,0.0166625902145468
40,53,-0.967946038364835
40,216,-0.305159020097277
40,443,-0.36447853605561
40,476,-0.384932531300589
40,544,1.05887482543834
40,749,-0.957145820370813
40,764,-0.289005396879002
40,1145,0.205165875432257
40,1289,1.43955695858674
40,1533,0.323301226024499
40,2025,-1.02159475710216
40,2194,0.234000913552407
40,2273,0.839975120440249
40,2523,0.848083422725988
40,3002,1.43248723183162
40,3476,1.07247881745373
40,3902,-0.0541345500053989
40,3958,-0.438886932128925
41,45,-0.711396828619438
41,50,-0.948711478275344
41,322,-0.117639810739289
41,660,-1.59784979608175
41,737,-0.310652781449181
41,758,-0.082002744325522
41,851,-0.989942117554086
41,1344,-0.795863245630406
41,1411,-0.181679072895094
41,1527,-0.19887008232617
41,1824,-0.217918375246332
41,2373,0.119569127660079
41,2636,-0.707708863495994
41,2773,0.824100702060139
41,3404,-0.422888645214205
41,3411,-0.530471151359386
41,3417,-1.3703370660276
41,3661,0.548996035901279
41,3985,-0.531326844172915
42,43,-0.1964662031371
42,51,-2.15796821199253
42,52,-0.51400981509304
42,54,-2.83998041108725
42,55,0.252718901847229
42,62,-1.84658742226087
42,112,-1.34743783103889
42,160,-0.796876197014016
42,285,-2.51241523445597
42,638,0.14388913746725
42,865,-0.410870693856857
42,964,-1.32326429224851
42,971,-1.32215680907626
42,2300,-2.28337751281487
42,2422,-1.3262105009348
42,2663,-1.58213726680352
42,2949,-1.33760790938551
42,2986,-2.19106555455353
42,3441,-0.960269295553067
42,3572,-0.167943867413965
42,3839,-1.43263044729246
42,3930,-1.05553229503869
42,3957,-0.306181203243872
42,3977,-1.29113997080284
43,46,-1.11163107525544
43,48,-1.16718718569284
43,54,-2.64351420795015
43,105,-1.30898428246156
43,110,-1.83974177515135
43,209,-1.87200295200149
43,343,-0.712124694244863
43,385,-1.10174020799204
43,667,-1.80024712301704
43,708,-1.28019139317854
43,852,-1.10261770752896
43,1078,-1.79798175653518
43,1654,-1.24094041648044
43,1958,0.196107117470514
43,2321,-0.749995702568175
43,2703,-1.49613914399706
43,2929,-1.20650217365064
43,3010,-1.93037745271682
43,3344,-0.604911883041946
43,3581,0.339219614739107
43,3913,-0.90051448789447
44,49,0.464501393412051
44,54,-2.10610284820594
44,55,0.986596464728538
44,56,-2.23190098684972
44,239,-0.367947572310636
44,308,-1.42213142190432
44,655,-1.51622384345663
44,714,-1.16272445609875
44,1224,0.194422013718477
44,1228,-0.521676773665001
44,1463,-0.144261850485037
44,1728,0.616770205363943
44,1914,-0.899138644854038
44,1926,-0.802431355990187
44,1977,-0.755784055712722
44,2265,-0.0461490300443632
44,2280,0.989544550249396
44,2351,-0.780593236293508
44,2822,-2.03216873653761
44,3005,-1.17648196402783
44,3015,-1.37192534675548
44,3144,-0.30534992906804
44,3235,-0.466960961537092
44,3479,0.0568182969315153
44,3958,-1.0803004324844
44,3966,-1.08169038280795
45,46,0.0505311946296946
45,47,-0.619887623904694
45,49,1.08925230355298
45,56,-1.60715007670879
45,57,0.456028578662337
45,58,0.0674310075664142
45,101,0.836605613139945
45,373,-0.399880206064635
45,686,-0.029460100825315
45,754,-0.137546496018967
45,756,0.89361340595749
45,817,0.411810481482884
45,858,-0.319357285801835
45,884,0.0301018250470316
45,1574,0.696955219740056
45,1593,-0.118516078985536
45,1643,-0.251954997520087
45,1665,0.76403759549837
45,1705,-0.319894995198845
45,1742,-1.18746323487183
45,1863,-0.997168979705596
45,2019,0.444385208177059
45,2234,0.627290990132376
45,2238,0.447674293135363
45,3441,0.398359177469171
45,3635,-0.933664244523394
45,3840,1.50920582681232
46,47,-0.670418818534389
46,54,-1.53188313269471
46,59,-0.101409992159554
46,147,0.280239279266643
46,358,-0.31306122197525
46,559,0.775729094731401
46,1285,0.426227372816551
46,1375,0.957548694686731
46,2186,0.407951956207492
46,2274,0.0077857664341449
46,2322,-1.32268921894898
46,2479,-0.552573532609216
46,2798,1.41997821167274
46,3018,0.186693079339385
46,3276,0.375981991310869
46,3618,1.73314563876121
46,3690,-0.263381972933827
46,3872,-0.168934892814575
46,3882,1.83873766519519
47,48,0.614862708096992
47,51,-0.179452115065596
47,60,0.561286247253274
47,162,0.325957390998825
47,193,1.01308128269699
47,290,1.07564947902013
47,469,0.549767573647919
47,817,1.03169810538758
47,1110,0.420779998797708
47,1382,-0.247355984729906
47,1457,0.974760461689914
47,1532,0.915827613250679
47,1647,0.474346889350799
47,1731,1.19324874110205
47,2422,0.65230559599213
47,2453,1.15293761686516
47,2822,-0.787530202491982
47,3411,0.800813301164746
48,49,1.09427721936068
48,54,-1.47632702225731
48,56,-1.60212516090109
48,60,-0.0535764608437189
48,61,0.494445886473185
48,339,-0.125846156034265
48,566,0.688530724104845
48,696,0.842641797643424
48,1378,-0.282802220838104
48,1428,0.603706813789425
48,1564,0.872260900464674
48,1565,0.475538348133492
48,1679,0.581492911359739
48,1959,0.925261102570954
48,2090,0.778952294016155
48,2126,-0.402274646507791
48,2325,-0.228567516430524
48,2470,0.444794150137912
48,2627,-0.959271102429456
48,2680,-0.958626506982353
48,2832,0.807525534684022
48,2892,0.931346229825383
48,2898,-0.510620936520943
48,3122,-0.0999661690945761
48,3177,0.588263441598537
48,3343,-0.380213687441898
49,51,-1.88859204252327
49,55,0.522095071316486
49,57,-0.633223724890643
49,59,-1.14013110108284
49,60,-1.1478536802044
49,217,-1.1041249465654
49,881,-1.68057193746408
49,1040,-2.70540066667718
49,1243,-1.57697342004112
49,1610,-0.422576989402274
49,1749,-0.342436867599913
49,1779,-1.68969376880134
49,1865,0.450689929141087
49,1908,0.0907636049966442
49,2119,-0.19928457799045
49,2639,-0.686907864711922
49,2871,-0.798403513490702
49,2940,-1.80751630745269
49,3344,-0.532001916709789
49,3719,-0.209758896174745
49,3893,-1.4139391957805
50,62,-0.250644299582726
50,303,0.689966105529426
50,371,0.0710795220377751
50,652,-0.571904808180907
50,755,-0.435320029501775
50,824,0.715710290851799
50,878,0.0733324110348077
50,1406,0.238763413043152
50,1521,-0.277057544365408
50,1594,1.11711859967591
50,2114,-0.0512929110640399
50,2390,0.732697519313573
50,2475,-1.52321059449582
50,2944,-0.381617820755032
50,3175,1.18837929011406
50,3262,0.66513766446933
50,3565,-0.121659159461108
50,3771,0.501518913064888
50,3898,0.892378009377435
51,54,-0.682012199094722
51,56,-0.807810337738503
51,58,0.866770746536705
51,61,1.28876070963577
51,64,0.896533423772502
51,216,0.477518128658467
51,478,1.09107860352821
51,632,2.37603428524567
51,756,1.69295314492778
51,1001,0.341289425874277
51,1072,0.31913435742244
51,1535,1.52967750985686
51,1663,0.446790576128819
51,1914,0.524952004257181
51,1934,1.33819240678832
51,2627,-0.164956279266867
51,3469,0.561208323933414
51,3966,0.342400266303271
52,53,-1.82922728650858
52,57,-0.38859007926686
52,58,-0.777187650362783
52,65,-0.366941125133386
52,124,-0.764824504562625
52,287,0.999170499973095
52,634,-0.736908596494054
52,744,-0.765642167948682
52,853,-0.336354443017738
52,1168,1.70149886163432
52,1376,1.22151201560499
52,1399,1.72696969811083
52,1861,-0.728783748386547
52,2116,-1.33716764818986
52,2189,0.0369515432365796
52,2440,-0.0433470749032385
52,2604,-1.81380329073116
52,2642,0.31894544048392
52,2725,-1.22914910181827
52,3142,-0.044574514684595
52,3282,-1.30181678312687
52,3471,0.203064734992901
52,3497,-1.10184836035373
52,3614,1.23349958174928
52,3619,0.256635951187177
52,3736,-0.699908687179288
52,3909,1.09826919129653
52,3947,-0.531400141697783
53,54,-0.496743309485631
53,57,1.44063720724172
53,59,0.933729831049523
53,61,1.47402959924487
53,65,1.46228616137519
53,219,1.42492311571526
53,327,1.9743487508614
53,416,1.695734364293
53,1005,1.0755900925114
53,1171,2.26274700305798
53,1396,1.17644487639583
53,1453,1.12715938707628
53,1584,1.08161420872634
53,1702,1.47843912386542
53,1859,-0.228823120454748
53,2150,2.35007838857121
53,2277,0.331294734756555
53,2397,1.10809946054336
53,2421,0.67619133414352
53,2751,0.85900988218757
53,2834,1.23833270696104
53,2923,0.804378218935031
53,3505,1.83823446498362
53,3682,1.19718981990926
53,3777,1.87789834350519
53,3813,0.708845614235763
53,3897,2.00254310468525
53,3923,1.01086938396191
53,3950,2.20969298413599
54,56,-0.125798138643781
54,57,1.93738051672735
54,58,1.54878294563143
54,66,0.866506931490976
54,67,2.30956388608022
54,133,2.00273819701878
54,348,1.61860460512252
54,481,2.95908271975279
54,721,1.47849062890711
54,1281,1.04735874000307
54,1329,2.41466009251604
54,1484,1.96582554690061
54,1636,2.16243752751771
54,2113,0.907133970655308
54,2206,1.41575093801292
54,2589,0.574455957125547
54,2700,0.856689641653189
54,3172,0.87732737531328
54,3452,0.878022378452678
54,3872,1.36294823988013
55,59,-1.66222617239933
55,60,-1.66994875152089
55,63,-2.85460154755197
55,66,-2.2261923814435
55,68,-2.50161431475237
55,498,-1.75770080670644
55,741,-0.250100016849055
55,1222,-1.53772237695043
55,1296,-1.17811778498644
55,1335,-1.82103903753986
55,1939,-0.891310601424039
55,2131,-1.10764158571505
55,2469,-1.95466707840928
55,2567,-0.596465195475016
55,2806,-2.38487452208544
55,3493,-1.95349874733275
55,3539,-0.959206206348945
55,3618,0.172329458521443
55,3955,-1.04659028131442
56,61,2.09657104737428
56,63,0.363895904026294
56,88,1.22675614876618
56,156,2.3780096032833
56,1387,2.5330061511207
56,1701,1.5220199425879
56,1846,2.28679953115234
56,1869,1.13847888438232
56,1914,1.33276234199568
56,1915,1.00757879531576
56,1978,1.75527419583342
56,1985,2.02465558461111
56,2249,1.44479930695438
56,2421,1.29873278227293
56,2590,1.44606024546318
56,2711,3.000713446686
56,2737,1.65890211650666
56,3131,1.50247079147683
56,3363,0.547807535386457
56,3489,2.52918239567391
57,61,0.0333923920031458
57,64,-0.358834893860126
57,67,0.372183369352865
57,70,-1.11209433603063
57,540,-0.120489074954031
57,733,-1.18057177545636
57,851,-0.734573867596986
57,1124,1.61409414069066
57,1290,-1.31856795225131
57,1623,-0.290286418554298
57,1750,-1.0717708717217
57,1830,0.951990463530401
57,1972,-0.696142487761219
57,2397,-0.332537746698358
57,2446,-1.25500265878343
57,2501,0.017135669834943
57,2545,-0.345871216533345
57,2666,-0.670856759116412
57,2818,-1.21673462092581
57,3589,-0.260117939592426
57,3644,-0.416308614706778
57,3811,0.123017430555738
57,3812,1.12473404620475
58,66,-0.682276014140451
58,71,0.528244682068625
58,445,-0.257733827234986
58,776,0.579532284408274
58,871,-0.175642579554347
58,889,0.781029046856192
58,1027,-0.506753345830465
58,1212,0.608062846832399
58,1339,0.0664702480787563
58,1519,0.412477460208364
58,2182,0.310167717772929
58,2253,1.11136383293924
58,2281,0.021118608745528
58,2420,-1.23136524914362
58,2733,0.63171902585111
58,2790,0.32905457176758
58,3255,0.765410426159556
58,3406,-0.691276705922736
58,3503,-0.521277209104525
58,3762,0.714147694834011
58,3909,1.87545684165932
59,69,1.0819538681791
59,72,1.19492355676021
59,150,0.567736708178035
59,247,1.07091762805161
59,535,0.110042020815717
59,604,0.367126249136424
59,644,0.551603742350908
59,743,0.15333707868734
59,795,0.0937762196539634
59,1539,-0.0714592665344087
59,2083,-0.529652990228323
59,2131,0.554584586684276
59,2371,-0.667728085057851
59,2512,0.245399454126947
59,3193,-0.257585968697566
59,3272,0.677174695218976
59,3601,0.803115617077789
59,3643,-0.0215641679154769
59,3663,0.83645573178417
59,3946,-0.946068389450123
60,67,0.886813324666623
60,71,0.65427706628646
60,73,-0.258585246898382
60,285,-1.09518538478231
60,753,0.358608837232306
60,1203,0.664734351304825
60,1238,-0.863009368233668
60,1535,0.788939147537987
60,1639,0.243651055290487
60,1710,0.64321010342916
60,1766,0.703799838380211
60,1846,0.738250831094969
60,2891,0.544434948214715
60,2976,1.15722279464642
60,3187,0.576906100487263
60,3274,0.387277020938173
60,3293,0.842905740256948
60,3681,0.751949391476978
60,3828,-0.557116811737178
60,3987,0.634350011710149
61,63,-1.73267514334798
61,68,-1.37968791054839
61,69,0.54165409998376
61,70,-1.14548672803378
61,71,0.106254718969556
61,434,-0.271131486696
61,457,0.19088057756345
61,511,0.60874915522883
61,603,0.616660157084921
61,830,-0.415494287374012
61,890,0.882315425987062
61,1669,0.917264783216462
61,1775,1.75298143518236
61,1882,-1.24148694842997
61,2454,-1.30694308511034
61,2867,-1.38744818984793
61,3117,-0.805876817482114
61,3138,0.0463794815291584
61,3355,-0.501300848486429
61,3394,-0.220512917369017
61,3899,-1.58943875720086
61,3928,0.226590714451201
61,3936,0.288052021148895
62,63,-0.755295223443867
62,71,1.08363463887367
62,73,0.170772325688829
62,74,1.01165263209711
62,289,0.732451521042177
62,293,0.819845190448903
62,344,0.998316895763755
62,1279,-0.218474665788203
62,1372,0.787264780935682
62,1381,1.15018404367708
62,1542,1.19845663751877
62,1576,0.792529436642314
62,1603,0.59886845936959
62,1765,-0.203568759885097
62,2222,-0.107877882084326
62,2276,-0.149734163761744
62,2577,0.80464832341531
62,2631,1.1384406809248
62,2652,1.77798368507835
62,3063,1.18124700270171
62,3133,1.2774261829072
62,3611,-1.42989857226609
62,3824,0.803114176600337
63,64,1.34044785748471
63,67,2.0714661206977
63,75,1.56768848313457
63,76,1.48903260322553
63,96,1.808976887811
63,318,1.58185190476427
63,481,2.72098495437027
63,624,0.968295437263304
63,999,-0.533700548355737
63,1372,1.54256000437955
63,1639,1.42830385132157
63,1919,2.42964550432158
63,2076,1.92485299672142
63,2392,0.955135715807522
63,3055,1.02701893557985
63,3083,1.86072798545667
63,3117,0.926798325865868
63,3215,1.71286165470839
63,3260,0.621342207494043
63,3684,0.603044467202388
63,3820,-0.318677121873483
63,3925,2.82572065138994
63,3995,0.559730616374293
64,65,0.3804838479936
64,66,-0.712038691376248
64,74,0.426499998056269
64,77,-0.50802176024769
64,261,0.861181543876558
64,428,-0.144354878707851
64,682,0.752782073917647
64,1547,0.110394583666487
64,2241,0.0898523234655848
64,2489,-0.0243706551846434
64,2728,-0.191101011259739
64,2807,0.513916161344181
64,2979,0.240174726569536
64,3138,0.438606767392431
64,3232,-0.143115542599827
64,3619,1.00406092431416
64,3731,-0.567830193108139
64,3865,1.11608734163724
65,69,0.553397537853431
65,70,-1.13374329016411
65,72,0.666367226434537
65,423,-1.3553022492781
65,516,-0.810649842695364
65,570,-0.584742053177055
65,1050,0.605528588970822
65,1154,-0.96991442534571
65,1163,0.0445690789455111
65,1514,-1.49014348490362
65,1725,0.662657935727075
65,1732,0.224546564683836
65,1957,-1.51079267294851
65,2209,-1.3790667264004
65,2240,-0.141700798846704
65,2762,-0.475676337068922
65,2813,-0.127781378947646
65,3327,0.81632800177513
65,3538,-1.98737510315426
65,3552,-0.134826455219379
65,3597,-0.486892284405886
65,3874,0.180427913045733
66,75,0.939279317026107
66,77,0.204016931128558
66,250,0.413558098694675
66,449,0.440566707743611
66,535,0.674008229859895
66,921,0.784550528174592
66,1067,2.08534669713923
66,1256,0.73794449420137
66,1287,1.26120417468389
66,1308,0.849470092517695
66,1568,-0.0219299098975664
66,2044,0.168632599535487
66,2071,0.58884120902733
66,2586,0.746148902212125
66,3067,0.483630277234962
66,3356,1.05437465719582
66,3370,1.35305979818546
66,3921,1.03438118509476
67,72,0.315832811215147
67,74,-0.304518265156722
67,77,-1.23904002346068
67,279,-0.644411739662401
67,505,-0.791386177959564
67,576,0.340350559756539
67,621,-0.687651081067253
67,813,-0.806512159257827
67,1189,-1.45137534032788
67,1469,-0.918410659419739
67,1573,-1.02559445364635
67,1672,-0.967305062722008
67,1983,-1.71591572142786
67,2161,0.385138195549748
67,2285,-0.667096751366233
67,2291,-1.18812031662775
67,2865,-1.0573941537166
67,3034,0.250046354120329
67,3176,-0.386493220664633
67,3183,0.670156760489816
67,3404,-0.53970376460997
67,3447,-0.39610502527941
67,3885,-0.571202108778719
68,72,2.03431169911325
68,74,1.41396062274138
68,76,1.13604537042593
68,77,0.479438864437423
68,78,0.0014924967954978
68,79,1.36599029069047
68,285,-0.263519821550828
68,293,1.22215318109317
68,406,1.54717578286025
68,438,1.94310469294
68,615,1.69194292794058
68,799,0.154164064424178
68,1627,0.595362670083031
68,2039,1.40630441568459
68,2068,0.629830742228514
68,2253,2.06906178038856
68,2498,0.454061945478861
68,3524,-0.0444547331080563
68,3597,0.881052188272827
68,3743,1.99695272060152
68,3894,0.931871262352653
69,71,-0.435399381014204
69,75,-0.706640760197173
69,78,-1.91984951373665
69,79,-0.555351719841678
69,80,-0.723899131764034
69,119,-0.143785142493025
69,463,0.557674250822711
69,506,-1.36233635867229
69,552,-0.0481625181349892
69,772,-1.75060702123492
69,781,-0.663575025099946
69,1408,-0.860634981466373
69,1605,-0.977525155826724
69,1630,-1.06252646375693
69,1710,-0.446466343871504
69,1947,-2.21132038841123
69,2221,-0.350019749254632
69,2647,-1.81940960944182
69,3401,-1.80380616397617
69,3950,0.194009284907368
69,3985,-0.85100508620272
69,3991,-0.815972073591115
70,71,1.25174144700333
70,73,0.338879133818492
70,75,0.980500067820365
70,78,-0.232708685719109
70,82,1.49417275070803
70,83,1.20544556748394
70,253,-0.0306818346138857
70,321,1.48161580317402
70,403,0.0542026469318429
70,759,0.434269045264103
70,1272,0.941610105070698
70,1512,-0.24112827855984
70,2094,0.544452592264153
70,2134,1.37041025947567
70,2490,2.69839857612488
70,2500,1.15018679294059
70,3353,1.54247334940868
70,3447,1.08817268010409
70,3634,1.54866679454001
71,73,-0.912862313184842
71,74,-0.0719820067765591
71,76,-0.349897259092012
71,79,-0.119952338827474
71,154,0.198250721502269
71,284,-1.991139480766
71,334,-1.33760783132977
71,1167,-0.356761818768711
71,1882,-1.34774166739953
71,1888,-1.05078517252659
71,2115,-0.494475076983568
71,2326,-0.0999740849146897
71,2534,-1.19201914511525
71,2941,-0.413922315557803
71,3211,-0.801777375208687
71,3677,0.402257142731954
72,74,-0.620351076371869
72,76,-0.898266328687322
72,81,-1.16053153821622
72,257,-1.14066314784822
72,299,-1.28415218299005
72,521,-0.606702708276634
72,557,0.246349944756528
72,936,-1.85852882631941
72,952,-0.902930178033637
72,1240,-0.691731907131425
72,1393,-1.42958082672076
72,1730,-0.738141422899796
72,1849,-0.268746419008261
72,1934,-0.605192091412317
72,2034,-2.58455347379501
72,2247,-1.28617913297497
72,2409,0.212070560755379
72,2448,-0.90469032073549
72,2499,-1.47478140221676
72,3032,-0.346605375441427
72,3075,-1.94794180218963
72,3329,-0.520721161412404
72,3518,-0.726679438405414
72,3606,-1.33321640950873
72,3740,-0.781330240444646
73,75,0.641620934001873
73,76,0.56296505409283
73,77,-0.0936414518956759
73,81,0.300699844563932
73,82,1.15529361688954
73,85,0.158307949612865
73,735,-0.507105416339068
73,911,0.154598508296645
73,1000,1.09221136223826
73,1021,0.294333503704721
73,1468,0.165397509458696
73,1544,0.780621582505991
73,1736,1.12749150341698
73,1926,0.139506177700545
73,2896,0.690801310158306
73,3093,-0.823501984775463
73,3321,0.89585339226067
73,3603,0.752137593170424
73,3638,0.124365694782539
74,75,-0.199259372406411
74,77,-0.934521758303959
74,81,-0.540180461844352
74,82,0.314413310481253
74,229,0.601209492203288
74,323,0.122089719952327
74,829,-1.34637508581192
74,1306,0.47619255541809
74,1419,0.165093929155165
74,1493,-1.78748420225469
74,1757,0.0469754930862028
74,1890,0.469790644576699
74,2214,0.104808886932296
74,3122,-0.628684767760758
74,3217,-1.34647135788316
74,3375,0.290324298495137
74,3384,-0.560974569257132
74,3737,-0.846927933032831
74,3795,-0.156012890782435
75,78,-1.21320875353947
75,84,-0.639723456808797
75,87,-0.229562317581058
75,739,-0.0939932729869578
75,1133,1.44489368478161
75,1188,0.0692621513596517
75,1220,1.50926794836058
75,1592,0.345175389338543
75,1605,-0.27088439562955
75,1624,0.308501334844414
75,1803,0.428017484862805
75,1842,-0.590523635624829
75,2031,0.167872090734808
75,2113,-0.898652277861774
75,3114,-0.542580201023024
75,3339,0.396572153518703
75,3417,-0.983374547860231
75,3520,-1.16649883939086
75,3551,-0.237814342905624
75,3839,-0.398436284722296
75,3926,0.376909641014211
76,77,-0.656606505988506
76,78,-1.13455287363043
76,81,-0.262265209528899
76,84,-0.561067576899755
76,88,-0.626172358485643
76,697,0.819138424024778
76,709,-0.72405118629458
76,1006,0.568172134377734
76,2013,-0.0846976685500711
76,2134,0.468566071564343
76,2155,-0.566232010132055
76,2165,0.886454373874909
76,2234,0.381512559589348
76,2258,1.31475420895175
76,2413,0.428493897506604
76,2638,-0.10441724244125
76,2701,-0.637221184527307
76,2986,-1.07821551207432
76,3249,0.623733731675397
76,3559,-0.398818780502579
76,3653,-1.13518954216771
76,3709,0.393014148867147
76,3778,-0.742686807583803
76,3801,0.364823562538217
77,78,-0.477946367641925
77,81,0.394341296459608
77,85,0.251949401508541
77,684,1.12921702926239
77,768,1.34451225518856
77,812,0.164820146339335
77,1164,0.862785471716894
77,1268,0.276184966877496
77,1505,-0.684853177355499
77,1890,1.40431240288066
77,2064,1.03191746698001
77,2204,-0.408311873187045
77,2306,-0.315177152041123
77,2452,-0.271845415706059
77,2522,1.14356513485829
77,2562,0.979501238703985
77,2623,1.52160394014269
77,2723,-0.291261422535472
77,2843,1.10485275754454
77,3132,1.18221832416073
77,3167,-1.08850509354943
77,3605,0.586730737192612
77,3612,0.158845023170123
77,3795,0.778508867521524
77,3894,0.45243239791523
77,3967,0.712444412499838
77,3995,-0.272695480862727
78,79,1.36449779389497
78,954,1.25869902323347
78,1029,0.480665621332946
78,1120,0.952416329146403
78,1382,0.021530834452804
78,1388,0.416147796790836
78,1613,1.20213217602217
78,1662,1.52873003768868
78,1836,1.6401669660817
78,2076,1.57037326712633
78,2229,1.61238165772077
78,2619,0.776709599600996
78,2643,0.58535141763512
78,3013,0.980857862693113
78,3579,0.467727014401155
78,3608,1.91771389708414
78,3927,1.0758334003276
78,3978,1.11979795989916
79,85,-0.634602024744504
79,88,-0.856117278750181
79,91,0.0128865382412496
79,92,0.701146566668441
79,525,0.27728892248202
79,582,0.0506409100294412
79,644,0.025001594013484
79,776,0.171239941167124
79,914,-0.232615490574124
79,1077,-0.886928335506524
79,1079,-1.41819341515591
79,1365,0.482150997091953
79,1744,0.341761750629496
79,1856,-0.538619216171789
79,2472,0.182397499418379
79,2686,-1.15355281506725
79,3199,-0.65236305088616
79,3236,0.27623403742154
79,3242,-0.425959690741163
79,3657,-1.00205957785539
79,3678,0.377512068491718
79,3991,-0.260620353749437
80,81,-0.32366271787108
80,82,0.530931054454524
80,87,-0.212303946014197
80,92,0.869693978590798
80,447,0.436774746673556
80,628,-1.05215378553038
80,673,-0.25439736250369
80,829,-1.12985734183865
80,838,-0.0446874914498978
80,875,-1.32755281613131
80,898,0.129682540017358
80,1334,-0.97871487304346
80,1350,0.527715924389349
80,1365,0.650698409014309
80,1619,0.152127870415494
80,1834,-0.2522600143499
80,1930,-0.987030232603244
80,2174,-1.20740579041226
80,2633,-0.0147030057826414
80,3022,-1.02061813995958
80,3182,-0.463570982780995
80,3656,0.335650346222469
80,3738,0.121205008507666
81,83,0.565866589101518
81,85,-0.142391894951067
81,92,1.19335669646188
81,520,-1.12893020301637
81,685,-1.3338346779354
81,732,1.6562721261793
81,867,1.27007128727795
81,1031,-0.623932871917183
81,1286,-0.54581959772373
81,1724,1.24957465996504
81,2045,-0.125566022202905
81,2075,0.123054653949093
81,2194,0.233825102323732
81,2593,1.962138671523
81,2737,0.0682388187837419
81,3055,-0.199748458116774
81,3124,-0.158206980603711
81,3212,-0.0080210533542293
81,3347,0.458281912422585
81,3652,0.562358109010975
82,85,-0.996985667276672
82,87,-0.743235000468722
82,90,-0.975632603728302
82,92,0.338762924136273
82,94,0.14837964211758
82,171,-0.553668634879631
82,236,-0.945233479404129
82,474,-0.997681546599815
82,513,-0.12079412331682
82,739,-0.607665955874622
82,1426,-0.207411017623578
82,1478,0.305940377781687
82,2064,-0.217017601805207
82,2205,-1.63025826636535
82,2553,-0.575758136410611
82,2585,-0.51149311721787
82,2647,-1.62644153213231
82,2748,-0.909434372377935
82,3055,-1.05434223044238
82,3086,-0.309832629151351
82,3211,-1.04420867891338
82,3662,-0.681255128091149
82,3702,-1.25825440894375
82,3817,-0.527483902368211
82,3917,0.82767452011456
83,88,-0.929773738058262
83,89,-0.161729995071567
83,93,-1.57921655410078
83,94,0.437106825341667
83,291,-0.424737616010276
83,342,0.186801922607009
83,369,-0.727730676504314
83,601,-0.505576818695464
83,1171,0.728758564362952
83,1436,0.453129141615696
83,1719,-0.384725040505715
83,2119,0.340587915446884
83,2443,-0.617965123713335
83,2671,0.235663727203789
83,2676,-0.177734036485144
83,2736,-0.515724412512438
83,3134,0.446036308031585
83,3416,-1.1804903092696
83,3778,-1.04628818715642
83,3783,-1.28440921878617
83,3794,-0.896304818708208
83,3796,0.0500345236190512
83,3895,-1.22630609874504
84,87,0.410161139227739
84,94,1.30177578181404
84,114,0.175639099152539
84,309,-1.37988966445386
84,652,-0.493930311480085
84,766,0.902681877662959
84,774,-1.60895944623125
84,833,0.50551066272661
84,1042,1.24540353720224
84,1118,0.772659452833167
84,1437,0.619227536374915
84,1516,0.810929956550495
84,1576,0.61985963376041
84,2182,0.692887871696072
84,2265,0.893891026453294
84,2593,2.26094103889386
84,2701,-0.0761536076275515
84,2773,1.8507866770363
84,2776,0.948261981610174
84,3075,-0.488607896602555
84,3114,0.0971432557857735
85,96,0.724601389065439
85,98,0.167007360067097
85,139,0.898787706333014
85,240,0.0091491226093078
85,606,0.291641974485246
85,671,-0.239942553116999
85,682,1.0088544326568
85,1417,0.283439377420584
85,1544,0.622313632893126
85,1575,1.36195451569346
85,1660,-0.559742288215349
85,1760,-0.739316176786062
85,1895,0.151648672791421
85,2356,-0.390426648733733
85,2707,-0.006322690544339
85,2714,-0.796793207207455
85,3080,2.09501048360558
85,3103,0.542546275567924
85,3136,1.10106195301364
85,3150,-0.134081122107723
85,3203,1.31552691495814
85,3228,0.0584636382744215
85,3234,0.71084967386651
85,3254,0.100862872295467
85,3395,1.0364661266837
86,87,-0.688034474624548
86,91,-0.294296578446745
86,209,-1.49274714961191
86,467,-0.633732062355238
86,867,0.470678040796518
86,969,0.104362350357211
86,998,0.510552072483143
86,1344,-0.867372884506528
86,1490,-0.872253248505999
86,1573,-0.980288973126711
86,1820,-2.1463416511373
86,1846,-0.103257013052011
86,2096,-0.878670533811985
86,2299,0.130193885326554
86,3308,-0.363426710791577
86,3539,-0.130765298975038
86,3561,0.861921858051198
86,3803,0.363650315201387
86,3901,0.168236767106856
87,90,-0.23239760325958
87,93,-1.12470873685615
87,95,-0.599686117931251
87,99,-0.0130639756123492
87,237,-0.455396138601906
87,434,0.123417491098472
87,604,0.221375458735553
87,710,-0.449652102501702
87,959,0.222287443660799
87,1054,0.579138554749891
87,1110,-0.293979617977998
87,1614,0.791547015639928
87,1740,-0.0508488572575082
87,2530,0.224843057941876
87,2813,0.255024160977154
87,3130,0.322521593404751
87,3288,0.080436152122095
87,3508,-0.278848772445431
87,3518,0.322493327953923
87,3604,-0.532482309809775
87,3808,1.51610736436335
88,90,0.242868317554048
88,96,0.946116643071116
88,99,0.462201945201278
88,174,0.940907200041285
88,206,1.9122272865008
88,392,1.6988913872853
88,569,0.674654336461624
88,872,-0.522686472712785
88,1404,1.21747746478943
88,1525,1.07924651459587
88,1536,-0.169672053772829
88,1668,1.52239998369771
88,1778,0.844288102733705
88,1838,1.06149784516787
88,1956,0.87650204392449
88,1972,0.140280018843734
88,2355,1.38725565448371
88,2834,0.63411800632427
88,3022,-0.333048273131754
88,3166,0.658017653257338
88,3905,0.898615064709487
89,90,-0.525175425432648
89,91,0.100960074004735
89,94,0.598836820413233
89,96,0.178072900084421
89,99,-0.305841797785417
89,101,0.448955798095865
89,137,0.296226876452767
89,171,-0.103211456583977
89,200,-0.0313805849707031
89,733,-1.1121930118381
89,1021,-0.410502934889162
89,1130,-1.01822799968773
89,1191,0.171664153183145
89,1485,-0.817658625455475
89,2598,-0.504484631377588
89,2726,-1.70579094348972
89,3289,-0.0936407843555127
89,3375,0.426368166309537
89,3400,-1.11868284612689
89,3870,-0.685203920848406
90,93,-0.892311133596569
90,95,-0.367288514671672
90,101,0.974131223528513
90,102,0.768155931105283
90,203,0.495201140711882
90,589,0.569518354950561
90,1424,-0.10849150945935
90,1707,1.08022380032357
90,1870,-0.678602179401451
90,2223,0.222540077260006
90,2246,0.0086491318573334
90,2517,0.290862831694677
90,2541,-0.452174275936911
90,2743,0.316419769983833
90,3431,-0.134702686800509
90,3502,-0.0329604846228833
90,3563,-0.968528990777152
90,3916,1.07142887037276
91,92,0.688260028427192
91,95,-0.993424014109055
91,100,-0.270385873427479
91,101,0.34799572409113
91,216,-0.810431499360639
91,352,0.0675509816355798
91,463,1.10013943242314
91,488,-0.0557307059993791
91,968,-0.438128937660886
91,1056,-0.18105303591034
91,1594,0.391194060971185
91,1850,-0.142134576513015
91,2070,-0.130445444364889
91,2194,-0.271271565710954
91,2378,0.0375185891151203
91,2722,-1.41819983275862
91,2839,0.485624116385131
91,2982,-0.518969409495032
91,3540,-0.418623668401357
91,3954,-0.256480888371978
92,99,-1.09506190021734
92,101,-0.340264304336062
92,102,-0.546239596759292
92,103,-1.41070990642676
92,170,-0.238608677399255
92,376,-0.782467394856998
92,781,-0.80936987192671
92,1384,0.211819061039034
92,1571,-1.14053681875706
92,1619,-0.717566108175304
92,1637,-1.21870180871764
92,1852,-1.54054008458574
92,1860,-1.3427848554283
92,1884,-0.736630584433178
92,2093,0.0844413562509612
92,2180,-0.49928087543505
92,2532,-1.47576009979776
92,2555,0.0448684788561798
92,2822,-2.58428774387268
92,2902,-0.784958360703329
92,2987,0.2664424262355
92,3046,-2.72273314382596
92,3433,-1.8123149671726
92,3624,-0.707467337279721
92,3677,-0.178937085109014
93,103,0.795996755034385
93,104,1.08161671682129
93,160,1.59158901999336
93,724,1.23264074520597
93,870,0.722637734337707
93,976,2.13973584027519
93,1282,2.64278442064339
93,1848,0.0037143586560175
93,1921,1.50885181466289
93,1968,0.785260396587637
93,2020,1.23607724024243
93,2147,1.16354570724562
93,2232,1.50728698954098
93,2561,1.37347167642575
93,2712,0.695772165863259
93,3092,0.516689880632223
93,3176,1.47155547133571
93,3746,0.466923504663164
93,3747,0.236180317149859
94,103,-1.22032662440807
94,105,-1.13330864803373
94,132,-0.624485835784583
94,133,-0.465100376503546
94,355,0.108551440116778
94,1486,-0.552774580774808
94,1532,-0.690546646111328
94,1533,-0.67984799964736
94,1712,-1.57432345850764
94,1727,-1.686519406276
94,2319,-0.238937131528189
94,2408,-0.368037434525148
94,2782,-1.1788630753788
94,2908,-1.0010801166411
94,2930,0.100105275063088
94,3062,-1.36904325239479
94,3309,-0.353713531314403
94,3326,-1.20503149015105
94,3453,-1.86800278154208
94,3789,-0.814135650018106
94,3950,0.238597720099298
95,98,0.512942811190398
95,102,1.13544444577695
95,103,0.270974136109487
95,105,0.357992112483818
95,106,0.46449321554863
95,108,-0.150032810709491
95,398,-0.203162343516847
95,585,0.491509103140348
95,999,-1.272140595978
95,1552,1.23943043925403
95,2336,1.22139532803823
95,2569,-0.0085478658102517
95,2716,-0.143605157846865
95,2775,0.554467461274734
95,2778,2.18912227809527
95,2882,-0.0218937096329708
95,3227,0.679803716483421
95,3277,0.936654460184523
95,3333,0.824623106632898
95,3417,-0.154126112347922
96,101,0.270882898011445
96,103,-0.799562704079253
96,105,-0.712544727704922
96,107,-0.226564665496265
96,108,-1.22056965089823
96,109,-0.827193963228698
96,159,-0.738380604946719
96,349,-0.925646555488234
96,396,-0.706880247831839
96,603,0.540358412621904
96,1240,-0.113409863029576
96,1643,-0.817677712648587
96,2081,-0.330891006006547
96,2126,-0.973022277443993
96,2555,0.656015681203686
96,2623,0.545053149568714
96,2911,-0.561289579901221
96,2969,0.107651435631032
96,3187,-0.0474179912926581
96,3275,-0.313923484399811
96,3530,-1.9009899680281
96,3615,-0.840649656164309
96,3633,-0.226317929359973
97,101,0.768752328695937
97,102,0.562777036272707
97,109,-0.329324532544206
97,110,-0.745432789710225
97,307,-0.840341113869546
97,453,-1.01884493406338
97,604,0.248394167162557
97,609,1.26132699091849
97,699,0.0213001173584889
97,1124,2.00226943490899
97,1292,-0.753251706223172
97,1412,0.0521495300531282
97,1528,-0.240279706225538
97,2210,0.244726566874216
97,2312,0.773196725662549
97,2364,0.763424571927512
97,2810,-1.04709027942456
97,3159,0.721340160660476
97,3496,0.199053593864527
97,3583,1.16696584135362
97,3884,0.121422968474388
98,102,0.622501634586556
98,103,-0.241968675080911
98,105,-0.15495069870658
98,108,-0.662975621899889
98,727,0.131510965985418
98,851,-0.286673975064807
98,960,-0.39109221507516
98,1083,0.974269060127679
98,1493,-1.27191920552637
98,1640,0.667622166673285
98,1661,0.187671599610079
98,1744,0.809356415306903
98,1795,0.0064954461090428
98,2370,-0.130364760953482
98,2563,1.04518578908872
98,2948,2.0425805911742
98,3620,-0.760803145066348
98,3874,0.649976759711386
98,3974,-0.188028387098665
99,100,0.136415998362673
99,104,-0.0300280444225103
99,109,-0.343279265358861
99,112,-0.0706173752753194
99,387,0.216796441171704
99,547,1.17741827806981
99,568,0.606264749517537
99,670,0.946547950995985
99,1092,-0.0135717128233397
99,1254,-1.37701133485674
99,1847,0.675402160455739
99,1881,0.423015689267055
99,2198,0.12045447186396
99,2329,-0.817370141173431
99,2528,-1.25248191748787
99,2611,-0.41828430100012
99,2640,-0.693455542521827
99,2788,1.35151403072714
99,3266,0.46919623296505
99,3473,0.0098239274073378
99,3527,1.12845090317306
99,3778,-0.578716394299438
100,103,-0.452064004572088
100,109,-0.479695263721534
100,110,-0.895803520887553
100,111,0.0985321294852942
100,112,-0.207033373637993
100,394,-0.0431796167312879
100,538,-0.160751111162525
100,883,0.69486272935234
100,1161,-0.224935846357737
100,1298,-0.0625020471000115
100,1770,-0.250411143070583
100,1964,-0.446943735712397
100,2026,-0.391701919472982
100,2107,-0.238446933109798
100,2214,0.41027855416944
100,2524,-0.342268209203089
100,2799,0.86645930566548
100,3291,0.591676262943436
100,3695,0.572078086016015
100,3721,0.143413069452523
100,3746,-0.781137254943309
100,3812,1.36253860924575
101,105,-0.983427625716367
101,107,-0.497447563507709
101,108,-1.49145254890968
101,112,-0.825414971156602
101,361,0.320350242160358
101,418,-1.24074721890806
101,1174,-1.35176462065829
101,1282,0.776342063518304
101,1812,-0.655723398396203
101,2058,0.0928018947081356
101,2368,-1.28904145404651
101,2716,-1.48502489604705
101,2736,-0.802950215536736
101,2768,-0.901678024101311
101,2884,-0.711726006042537
101,2971,-0.584904477552941
101,3131,-0.941284898371908
101,3166,-0.558981887825222
101,3218,-0.29410786417189
101,3575,-2.11877250606861
101,3769,-0.592664619980958
101,3902,-0.90740275335989
102,106,-0.670951230228325
102,107,-0.291472271084479
102,111,-0.313874175610085
102,112,-0.619439678733372
102,115,-0.872786330870799
102,504,-0.230583817633906
102,879,-1.04683523720352
102,1356,-0.109843930405809
102,1402,-1.69893742081423
102,1571,-0.594297221997763
102,1966,-1.05794277716136
102,2077,-0.974507027039742
102,2356,-1.17993564338739
102,2459,0.0579178714434674
102,2674,-0.106829264788891
102,2721,-1.33766565279573
102,2927,-1.02780438600311
102,3107,0.364107459383617
102,3125,-1.15210068336336
102,3159,0.15856312438777
102,3987,-0.0548816856579859
103,105,0.0870179763743308
103,106,0.193519079439142
103,107,0.572998038582988
103,109,-0.0276312591494457
103,110,-0.443739516315465
103,475,0.534574806150127
103,938,1.09162982698842
103,1101,0.173056101393959
103,1793,0.627534147660967
103,1876,0.455387690259781
103,2070,0.592004433634679
103,2108,0.040469871191574
103,2916,0.106152554151795
103,2986,-0.59859709258054
103,3038,1.98645934789817
103,3149,0.289739318846453
103,3416,-0.397270510203205
103,3596,0.715976720010666
103,3798,0.0324271008786712
103,3846,0.646011908710495
103,3970,1.05157695155088
104,107,0.287378076796083
104,108,-0.706626908605883
104,114,-0.191430020040341
104,278,-0.0804896541780885
104,483,0.314872289310669
104,575,0.833259402940354
104,960,-0.434743501781153
104,2236,-1.14043130542436
104,2381,0.755920843684685
104,2447,1.16203238819268
104,2574,-0.603085469712358
104,2659,0.833838045339345
104,2824,1.52653280069394
104,3028,0.118125283889171
104,3059,-0.762259965584258
104,3068,-1.74702186915977
104,3275,0.200019257892537
104,3410,0.208215230493933
104,3524,-0.98650164582711
104,3695,0.738522128801198
104,3977,0.0157085293832455
105,106,0.106501103064812
105,110,-0.530757492689795
105,111,0.463578157683052
105,113,-0.282237624617608
105,116,0.281447357300951
105,163,0.0386196099791377
105,377,-0.582270380621291
105,451,-0.0068846399793606
105,527,0.666359709923661
105,541,0.824801944300463
105,608,0.773611851010435
105,1229,0.427714486276686
105,1771,-1.03353517231301
105,1967,0.46256983835323
105,2071,0.120818215029715
105,2567,1.16170419197087
105,2694,-0.0668090548875768
105,2713,0.804422170445081
105,2732,0.287097440519084
105,3127,0.356852405815225
105,3451,-1.04398007290076
105,3766,0.770181098881262
106,109,-0.221150338588588
106,113,-0.38873872768242
106,114,-0.0993291376925787
106,116,0.174946254236139
106,125,1.93576484702194
106,278,0.0116112281696738
106,290,0.496082764627051
106,571,0.645476255862379
106,735,-0.783971130377261
106,1390,0.78893669932497
106,1752,-0.0696049525629966
106,1957,-0.992794230641085
106,1986,-0.0055497516281864
106,2070,0.398485354195536
106,2312,0.881370919618167
106,2893,1.05199236419182
106,3048,0.744043079239585
106,3156,0.791561868458094
106,3310,1.10221755943498
106,3411,0.221246586771662
106,3447,0.472427832247402
107,108,-0.994004985401966
107,109,-0.600629297732434
107,119,0.548131878523983
107,332,0.857465123323802
107,356,-0.0957943132728955
107,887,-0.123779864062692
107,1004,0.341453083084184
107,1889,-0.690044917518121
107,2037,0.143284210998853
107,2166,1.15087711647288
107,2294,0.649166895356961
107,2546,-0.891233307820819
107,2617,0.588958140381877
107,2770,-0.414060977541691
107,2937,-1.57237413455146
107,3316,-0.644990083786716
107,3506,-0.41361754659067
107,3607,-1.10621510748004
107,3658,-0.809319090603813
107,3761,-0.716029125358902
108,112,0.666037577753073
108,114,0.515196888565542
108,769,0.539733663055136
108,933,0.968141518261177
108,940,0.862803978705132
108,1002,0.992901175158913
108,1072,0.17464155422188
108,1321,1.10103464497878
108,1407,0.854432240614971
108,1573,0.457464430138579
108,1607,-0.209867875328243
108,2164,1.30971351610216
108,2212,1.16559568868252
108,2593,2.60049882830686
108,2985,1.0378974055491
108,3045,0.436872075583839
108,3125,0.13337657312309
108,3269,0.173353554965311
108,3398,0.730376148302888
108,3542,0.544319489170434
108,3719,1.53434034314797
108,3897,1.6727814118756
109,113,-0.167588389093832
109,115,0.0193152379461139
109,119,1.14876117625642
109,637,-0.510057474393713
109,661,0.684187832177739
109,680,-0.375183316291171
109,1202,0.841647696966518
109,1252,0.811897327910363
109,1663,-0.0910779147412736
109,1921,0.740486318777952
109,2081,0.496302957222152
109,2082,1.17762327110465
109,2210,0.574051099418422
109,2382,1.1147088651783
109,2587,0.732756187877944
109,3640,-0.402355170679235
109,3696,-0.818028283986454
109,3725,-0.3611448687734
109,3741,0.532667386396567
109,3786,-0.124034241301274
109,3944,1.1213517454132
110,113,0.248519868072187
110,116,0.812204849990746
110,120,-0.256903716366648
110,281,1.53517087667177
110,336,0.388046192618347
110,414,1.78570951005929
110,453,-0.273412144353158
110,569,0.971839913785226
110,777,0.0170188856378415
110,784,1.21209256776636
110,1028,0.965861180553634
110,1037,0.339826458781285
110,1241,0.840988849687287
110,1370,0.765640583837266
110,1660,-0.0410414568860699
110,1877,0.347323500943755
110,1929,1.63530533035568
110,2026,0.504101601414571
110,2600,-0.965430451048316
110,2612,0.493189323776894
110,2726,-0.640561623179426
110,2839,1.65181351070016
110,3376,2.12654566534165
110,3437,1.0409086803335
110,3708,1.01681126263464
110,3879,0.415860553602499
111,114,-0.456406192310819
111,115,-0.558912155260714
111,121,0.31800833964946
111,122,1.16834503685948
111,436,-0.449543745154318
111,440,0.19739881385745
111,659,0.504048641045688
111,1137,-1.05823580952393
111,1339,-0.182854889461459
111,1523,0.53754930635201
111,1777,-0.0724991730693547
111,1940,0.366231979147122
111,2042,-1.29381738587393
111,2178,0.0843136095502831
111,2309,0.063849691563337
111,2774,1.21145166131115
111,2968,-1.68250427169696
111,3134,0.678659973040602
111,3272,0.309539752582487
111,3292,0.797989299998451
111,3369,0.926263776572491
111,3744,-0.201389614714662
111,3788,0.44172703146201
112,114,-0.150840689187532
112,115,-0.253346652137427
112,117,-0.0488612501750814
112,122,1.47391053998276
112,141,1.39863437992131
112,496,-0.355166265483527
112,1065,-1.61657366710678
112,1599,0.396479082444442
112,1600,-0.524985741841251
112,1611,-0.186133642836532
112,1732,0.691033455496305
112,1762,-0.392658868369671
112,2135,0.319279205119037
112,2250,0.658771673217989
112,2840,-0.374083708795302
112,2973,-0.696479548566526
112,3230,-0.102149463115392
112,3253,0.508280049689526
112,3260,-0.633102607171798
112,3687,0.778126773786201
112,3893,-0.335877534210867
113,122,1.91416081916014
113,123,0.988643894355766
113,124,0.508853790560602
113,126,0.538854228886291
113,195,-0.346761111168675
113,241,0.333842224985802
113,268,1.45280599748133
113,408,0.175522392944754
113,686,0.399599536368715
113,845,-0.0612607550202919
113,1094,0.57469343525583
113,1138,1.13305848945692
113,1144,1.0985047596924
113,1378,0.141232500548224
113,1939,1.14909641063946
113,2199,1.46219650987278
113,2245,-0.529494156123372
113,2273,1.25237216741973
113,2842,0.142694183852523
113,3216,1.29664475860511
113,3437,0.792388812261313
113,3442,0.367295546244664
113,3756,0.49625803524046
113,3925,2.01152611590147
114,115,-0.102505962949896
114,116,0.274275391928718
114,119,1.02693997536041
114,120,-0.794833174428676
114,597,1.19596088458345
114,619,-0.0177695547092925
114,733,-0.584893149589831
114,1014,0.67065684179418
114,1118,0.597020353680628
114,1646,0.800184974314159
114,1932,-0.885627512147475
114,2065,0.0939762399757389
114,2303,1.02705005973618
114,2343,0.940004546469773
114,2361,0.380230664871471
114,2850,0.031181609494147
114,3331,-0.422320880633915
114,3338,-1.00827310926817
115,117,0.204485401962346
115,118,0.568756606380321
115,119,1.1294459383103
115,121,0.876920494910174
115,122,1.72725719212019
115,125,2.13759994766442
115,267,-0.229531548208957
115,1049,0.235207462549311
115,1376,2.30828668368828
115,1453,0.384706768650981
115,1684,-0.850838024965938
115,1762,-0.139312216232243
115,2184,0.298897726631447
115,2841,1.28762818035848
115,3228,0.141740974491568
116,125,1.7608185927858
116,281,0.722966026681022
116,355,0.960412730849562
116,619,-0.29204494663801
116,782,0.0514994964278929
116,932,-1.06608564587499
116,982,0.115205452101426
116,1022,0.298145546881282
116,1085,-0.323291115972539
116,1092,-0.0663890402892063
116,1458,-0.126216012172018
116,1473,-0.785335260098151
116,1780,-0.248047227212364
116,1914,-0.409013079437638
116,2382,0.71861227235357
116,2702,-0.265718082262392
116,2759,-0.0091530942411543
116,2882,-0.66133317941774
116,2919,-0.0510585256115547
116,3087,-0.210872404872431
116,3439,-0.839728972085768
116,3461,-0.676062127909597
116,3466,0.379683478743729
116,3637,0.222151995895745
117,119,0.924960536347956
117,122,1.52277179015784
117,124,0.117464761558311
117,129,-0.266928974899646
117,253,-0.649076983790442
117,268,1.06141696847904
117,356,0.281034344551078
117,700,-0.116747416845537
117,783,1.18339317829206
117,1059,-0.988109692079002
117,1303,0.300383604490358
117,1331,0.970368463455298
117,1711,0.97306536345318
117,1787,-0.0060026041702045
117,2303,0.925070620723725
117,2646,-0.378616994453445
117,2791,0.667302589187605
117,3518,0.455035929016673
117,3542,-0.0728568384075585
117,3581,1.53905249281598
117,3664,-0.147145486373126
117,3785,-0.195384977960191
117,3857,-0.090478525915403
118,119,0.560689331929981
118,121,0.308163888529853
118,123,0.232983660935499
118,127,0.518551262802631
118,131,0.94002904060276
118,532,-0.989851869310648
118,542,-1.59034398277318
118,631,-0.384036972835658
118,654,-0.725316048122407
118,669,-0.775345093650937
118,978,-1.06181816246106
118,1184,-0.365507404809246
118,1408,-0.156160507043367
118,1522,0.516725375441943
118,2346,-1.58465764757444
118,2534,-0.922944051706445
118,2734,0.280740952603028
118,2877,-1.71160001902416
118,2903,0.361438959989087
118,2994,0.346098592140347
118,3036,0.794323698618116
118,3488,-0.909701131140734
118,3916,0.607302663757952
119,122,0.597811253809888
119,123,-0.327705670994482
119,126,-0.777495336463957
119,128,-0.232729496920247
119,129,-1.1918895112476
119,145,-1.12043617126449
119,982,-0.637459131330263
119,1133,0.882038067077457
119,1171,0.39084844632238
119,1221,-0.642184212329655
119,1222,-0.813664930237184
119,1372,-0.587984096459168
119,1495,-0.255005465097617
119,1952,-0.126541244984249
119,2153,0.119903759284989
119,2448,-0.647935489661358
119,2823,-0.920889500785144
119,2876,-1.51649027956981
119,3260,-1.50920189334467
119,3307,-0.936579045684614
119,3489,0.0347423908088991
119,3670,-1.94362753062817
119,3723,-0.842021142179544
120,121,1.56924770638896
120,125,2.8299271591432
120,126,1.04427781332513
120,128,1.58904365286884
120,131,2.20111285846186
120,136,0.478228346617749
120,277,2.18742395501966
120,805,1.31484392950149
120,816,1.03165696100213
120,1022,1.36725411323868
120,1220,2.76818548044552
120,1525,1.63333580828611
120,2862,2.13108767980789
120,2891,1.42031679319616
120,3027,1.56713672045099
120,3061,1.42571644331785
120,3506,0.860023724674431
120,3601,1.68672004118079
121,122,0.850336697210016
121,123,-0.0751802275943543
121,124,-0.554970331389518
121,126,-0.524969893063829
121,129,-0.939364067847474
121,130,-0.757721454339645
121,173,-0.632878754928164
121,679,-0.708162471195247
121,895,-0.162209717495964
121,1440,-0.382695925267527
121,1830,0.773254557436649
121,1994,-0.944031522992846
121,2252,-0.532580946205633
121,2271,0.0412611616298422
121,3134,0.360651633391142
121,3150,-0.927724280800752
121,3555,0.122106580921111
121,3631,0.0180759830428518
121,3997,-0.745821378396307
122,123,-0.92551692480437
122,127,-0.639949322937238
122,131,-0.218471545137109
122,135,-1.76345687937493
122,434,-1.26681169799662
122,584,-2.11369495804095
122,720,-1.60809989378739
122,987,-0.988137158416327
122,1203,-0.878968207312701
122,1379,-0.850557681697098
122,1563,-2.89812451110977
122,1740,-1.4410780463526
122,2103,-1.92102964802903
122,2313,-2.55283051160754
122,2382,-0.631863564888007
122,2444,-2.0631517469356
122,3439,-2.19020480932734
122,3641,-1.43959279296474
122,3897,-0.467166705860241
123,124,-0.479790103795163
123,126,-0.449789665469475
123,133,-0.0381979982079689
123,206,0.97224910139645
123,344,-0.049226310636612
123,617,0.399577049753907
123,645,-0.686319701124431
123,946,0.753883147016032
123,1246,-0.522980639230939
123,1784,0.306187503338173
123,1785,0.697092764270962
123,2183,-1.32618377844638
123,2560,-0.82288402023855
123,2742,0.781506951064399
123,2859,-0.226909937140587
123,3561,1.08524406838502
123,3598,0.0792698391083233
124,127,0.765357705662295
124,129,-0.384393736457956
124,136,-0.536049028381689
124,380,-0.0378990733468034
124,797,0.490482319808597
124,1158,-0.0412067658853081
124,1450,-0.820205215769309
124,1773,-0.841877611990966
124,2168,0.164538526845218
124,2171,0.110341794705843
124,2194,0.137544169971288
124,2255,1.31158880538732
124,2314,-0.10467274931451
124,2525,0.338637537320427
124,2938,-0.531369831843572
124,3047,-0.294046898859124
124,3118,0.412349113134159
124,3634,0.812806883805142
124,3756,-0.0125957553201423
124,3902,-0.150591293586518
125,128,-1.24088350627436
125,134,-1.56175381952565
125,249,-2.66547005262574
125,254,-2.6454084668454
125,282,-1.09747560477691
125,722,-0.451422433472158
125,759,-2.11724064961452
125,798,-1.37640108308657
125,1059,-2.92122423778107
125,1142,-1.91031739809904
125,1156,-1.26580901309176
125,1869,-2.3641151298368
125,2173,-0.339649297207474
125,2468,-1.07259639967437
125,2560,-2.15874370058715
125,2579,-2.02991956091754
125,2730,-0.776011430589794
125,2830,-1.18049293737695
125,3579,-2.31649136619658
125,3961,-2.15618303290744
126,131,1.15683504513674
126,132,0.252206207980469
126,133,0.411591667261506
126,138,0.741063010559461
126,419,-0.36798500391633
126,491,-0.433736913568759
126,1002,0.228259647696922
126,1248,-0.114051467731558
126,1488,-0.336590496411665
126,1761,-0.0856279916834577
126,1825,0.26531928284056
126,2033,1.02818464652965
126,2282,-0.344007047704111
126,2310,0.396745420179648
126,2536,0.517696287355345
126,2594,-1.21303960794391
126,2892,0.81652672232542
126,2936,-0.0744799248080098
126,3070,-0.469803703597091
126,3274,0.218881052594492
126,3662,0.0470572735563234
126,3698,1.47155300541296
126,3830,-0.0354024517012413
126,3943,1.56988630849857
126,3956,-0.468879586579726
127,132,-0.483151059356138
127,136,-1.30140673404398
127,138,0.0057057432228545
127,273,-0.488746516692019
127,392,0.473345600313819
127,417,-1.26619421670203
127,1203,-0.239018884375463
127,1227,0.151357537236068
127,1416,-0.416891369829231
127,1535,-0.114814088142301
127,1585,0.287665864674587
127,1603,-0.734242348897909
127,1668,0.296854196726227
127,1849,0.0301464811932209
127,1851,0.311355104699565
127,1989,-0.278116506971996
127,2414,-1.17095416670823
127,2705,-0.443839038405757
127,3113,-0.533476513247458
127,3413,-0.897349647358171
127,3719,0.0343415483493675
127,3929,-1.37104923989369
128,130,-0.777517400819525
128,132,-0.292559631563241
128,136,-1.11081530625109
128,137,0.0293162602608754
128,139,0.0853486011601046
128,141,0.755264590668677
128,273,-0.298155088899123
128,405,0.522600224489893
128,982,-0.404729634410016
128,1183,0.344209790314824
128,1277,-0.480588135740362
128,1350,0.180331432038587
128,2058,0.274847076612109
128,2067,-0.345538162873914
128,2228,-2.13772132740171
128,2498,-1.09076542564001
128,2804,-0.81484474379451
128,3075,-1.45845747419525
128,3309,-0.0217873270930611
128,3329,-0.0312368334180256
128,3399,-0.165803879130696
128,3402,-1.81160296811327
128,3468,-1.12106971545539
128,3489,0.267471887729146
128,3971,-1.03988204405263
129,131,1.57122921992038
129,132,0.666600382764114
129,135,0.0262438856825611
129,136,-0.151655291923733
129,138,1.15545718534311
129,140,-0.10171403564882
129,141,1.71442460499603
129,142,0.180464772817711
129,205,0.876005568966253
129,337,0.516383522925894
129,580,1.46140644335914
129,973,0.317846818967286
129,992,0.649925484880292
129,1538,-0.83606970758731
129,2348,-0.149658953924935
129,2392,0.0164811262164067
129,2406,0.22182876512388
129,2687,0.52794966956392
129,3613,0.602124466886563
129,3668,-0.269022742915774
129,3790,1.55524727405322
130,132,0.484957769256284
130,139,0.86286600197963
130,159,-0.0497009202346641
130,454,-0.0817798035089395
130,561,0.12078582183317
130,858,-0.19640031621828
130,930,0.561414454232896
130,960,-0.260006559361446
130,1137,-0.61852269483375
130,1490,0.033610188573115
130,1553,-0.0427722553135106
130,1601,0.649623210765242
130,1602,1.23050021334334
130,1807,-1.20218318148897
130,1916,-1.25894515047547
130,1934,0.661809637401587
130,1957,-0.910158170569141
130,2034,-1.3175517449811
130,2249,-0.0393938001708597
130,2379,0.215798817332275
130,2525,0.541388660270554
130,2549,0.291736388312588
130,2635,0.347972931288619
130,3646,0.53467467806777
130,3668,-0.450665356423604
130,3735,-0.13358964481542
131,132,-0.904628837156267
131,136,-1.72288451184411
131,144,-1.2684099980438
131,188,-2.45175173611537
131,212,-1.30947586336678
131,241,-1.36184704903723
131,258,-1.35439218266413
131,305,-1.43707706891915
131,774,-3.19087822941697
131,1279,-1.97306325185583
131,1319,-1.54622534830771
131,1364,-0.694316502799096
131,1830,0.141389405363742
131,2017,-1.78688746729685
131,2054,-2.40948292865693
131,2214,-0.638127067038221
131,2464,-1.87750023758777
131,2962,-0.568988462005679
131,3578,-1.38840482400852
132,135,-0.640356497081553
132,144,-0.363781160887537
132,145,-0.595147042780999
132,648,1.11930726007192
132,658,-0.437788777852717
132,946,0.951466604505038
132,1076,0.457628106476401
132,1102,-0.31340607796847
132,1133,1.40732719556095
132,1440,-0.109932240184167
132,1812,-0.181118584928988
132,2004,0.196415553095767
132,2257,0.0070502303767579
132,2514,1.58380898090821
132,2617,0.566115390341382
132,2730,0.757431707247808
132,2991,-1.36688240364629
132,3030,0.545713549134509
132,3128,-0.183702703999548
132,3550,-0.488311912708916
132,3560,0.450475991741127
133,134,-0.187696140969084
133,141,0.888438762950882
133,142,-0.64552106922744
133,145,-0.754532502062036
133,249,-1.29141237406918
133,1133,1.24794173627991
133,1170,0.506957294492804
133,1594,0.358417691066233
133,1601,0.0052799822279208
133,1669,0.885299494928178
133,2588,-0.167540939860797
133,2861,-1.12580273511374
133,3783,-1.25641566762429
134,135,-0.612045815393506
134,136,-0.7899449929998
134,137,0.350186573512163
134,142,-0.457824928258356
134,143,-0.180605062062295
134,145,-0.566836361092953
134,386,-0.169303095748496
134,764,-0.639358105078232
134,1073,-0.340656089182131
134,1151,0.233666627725727
134,1384,1.05499886053036
134,1628,-0.216108193742193
134,1748,0.260516312662617
134,2047,-0.118396129922315
134,2209,-1.23507931158927
134,2211,-1.81021494115935
134,2778,1.35061803505035
134,3002,1.08213452363239
134,3025,0.0224139760785828
134,3360,0.374235312497899
134,3500,-1.00666801580096
134,3573,0.56291586130362
135,137,0.962232388905669
135,140,-0.127957921331381
135,145,0.0452094543005533
135,147,0.60912617130516
135,465,0.157812285587779
135,1054,0.952366245029725
135,1291,0.699240601144278
135,1498,1.59177866226319
135,1669,1.68504145129077
135,1674,0.513259546808546
135,1857,-1.18876759772504
135,1955,1.57981489845907
135,2000,1.10208460958754
135,2173,1.83415033771168
135,2743,0.457249857004088
135,2844,1.11147552387556
135,2956,0.881092987744673
135,3221,0.671604810168391
135,3564,0.566138095085811
135,3796,0.877770031143521
135,3912,0.195324978009519
136,137,1.14013156651196
136,140,0.0499412562749129
136,144,0.454474513800309
136,147,0.787025348911454
136,516,0.123282565115564
136,600,0.579652308235922
136,780,-0.557837859654007
136,957,2.29363686948913
136,1064,0.961932275227054
136,1528,0.283828453233586
136,1613,0.769612607949887
136,1967,0.772002700791924
136,2477,1.93573474007743
136,2493,0.975093948666909
136,2711,1.84981824499232
136,3074,0.61385836017539
136,3091,0.934492347855591
136,3113,0.767930220796526
136,3160,-0.472443533610496
136,3732,-1.4022616123692
136,3899,-0.643762911520263
136,3903,-0.128991510855162
137,139,0.0560323408992291
137,140,-1.09019031023705
137,142,-0.808011501770519
137,147,-0.353106217600509
137,149,0.390309896856785
137,150,-0.167018780848671
137,618,-0.483200937831563
137,721,-0.68673800065475
137,819,0.214668056540619
137,877,-0.350628833361088
137,1559,-0.732888148460094
137,1698,0.225655753745535
137,1766,-0.0386782297680563
137,1858,-0.70641079647611
137,2135,-0.353406844394467
137,2223,-0.598862224625408
137,2275,0.57111921419873
137,2284,-0.284241247357482
137,2545,-0.573719329367854
137,2653,-0.754004390186746
137,3284,0.348632586256506
137,3302,1.22298440330027
137,3754,-0.729321149095322
138,914,-0.607749742018281
138,1080,-0.721071343651964
138,1114,0.250146279796878
138,1192,-0.561381077408116
138,1518,-0.428281457449762
138,1547,-0.643269333783024
138,1570,-1.9843962836386
138,1583,-1.26683646415617
138,1697,-0.868470751390427
138,1819,-0.615558727080587
138,1936,-0.185018853042271
138,2467,-1.07966798752721
138,2478,-1.16167773453369
138,2770,-0.925760530161178
138,3125,-1.37232796489836
138,3293,-0.0665532386461948
138,3522,-0.596713139182024
138,3551,-0.764237634705276
138,3884,-0.661581349333326
139,145,-0.973055275504345
139,146,-0.410700928195456
139,147,-0.409138558499738
139,149,0.334277555957556
139,150,-0.2230511217479
139,478,-0.448170167838155
139,837,-1.39203064811629
139,1224,0.0792638914633302
139,1298,-0.584187063874751
139,2625,-1.50393656386036
139,2653,-0.810036731085975
139,2681,-0.183790277698608
139,2767,-1.2244016418266
139,2768,-0.804981443357442
139,2853,-0.679325051570195
139,2963,0.083519176128653
139,2984,-2.01778154990485
139,3086,-0.211634668207693
139,3186,-0.368990087656778
139,3418,-0.189674894732563
139,3738,-0.311528085003201
139,3910,0.57175572120797
140,142,0.282178808466531
140,144,0.404533257525397
140,147,0.737084092636541
140,150,0.92317152938838
140,355,1.50135169431429
140,1628,0.523895542982694
140,1728,1.64783473424508
140,1903,0.30283900556579
140,2105,-0.187117801987651
140,2476,0.650741604843553
140,2486,0.522773820960604
140,2487,0.609559210172695
140,2587,0.87759855851795
140,2653,0.336185920050304
140,2727,0.503125695360967
140,2992,0.399429807832476
140,3684,-0.233896086739907
140,3802,-0.827318797414067
141,145,-1.64297126501292
141,146,-1.08061691770403
141,150,-0.892967111256473
141,153,-0.342397761208685
141,229,-0.28492184684288
141,312,-2.16855073035786
141,427,-1.35789366635558
141,944,-1.84832828284593
141,1088,-0.618447137454662
141,1116,-0.167694560992219
141,1778,-0.945930847113559
141,1822,-0.386451718840211
141,2040,-1.65681360435568
141,2046,-2.72666248633385
141,2408,-0.791375820972483
141,2509,-1.2023543238084
141,2568,-1.72701914443564
141,3069,-2.01017705078626
141,3243,-0.4805535127295
141,3257,-1.35513733562238
141,3331,-1.97179594974275
141,3965,-0.988758828680418
142,143,0.27721986619606
142,144,0.122354449058866
142,152,0.962144912249651
142,376,0.518537332892681
142,507,-0.0211986693412378
142,537,0.707029598073359
142,621,0.264695677221622
142,699,0.21328821207617
142,1153,-0.962247046497063
142,1370,0.212195888844721
142,1477,1.3425939026364
142,1771,-1.05622237461576
142,2112,1.48904233563856
142,2327,-0.551952902128765
142,2373,0.955100766553189
142,2383,0.832477784875762
142,2437,0.66892895902846
142,2545,0.234292172402665
142,2995,-0.149446324498315
142,3048,0.827856980001648
142,3210,2.61975534646309
142,3568,-0.85896199938101
142,3599,1.03541122962227
142,3967,0.425751147328032
142,3989,-0.650172594325848
143,145,-0.386231299030657
143,146,0.176123048278231
143,148,1.90140531574752
143,150,0.363772854725788
143,154,0.640841355214921
143,395,-0.256844865505364
143,440,0.361069903041692
143,655,-1.04455798923809
143,713,-0.572323649938661
143,732,1.48670029127104
143,759,-0.37488176802658
143,805,0.227275651946238
143,826,-0.625614078806477
143,1589,0.828468262787853
143,1687,-0.331822654258741
143,2374,-0.1007094496369
143,2517,0.0002521653837215
143,2968,-1.51883318251271
143,3067,-0.284299785261463
143,3558,0.198266032595365
143,3621,-0.270191672158716
144,147,0.332550835111145
144,148,2.05627073288472
144,149,1.07596694956844
144,151,0.965359147336309
144,155,-0.670835827703719
144,157,0.587769808542802
144,416,0.712906096928426
144,700,-0.152637663822468
144,839,0.707318681696502
144,844,-0.176154101596398
144,1159,-0.190938310170319
144,1652,0.675884213849421
144,1944,-0.246232370623495
144,1991,0.0414150812544714
144,2264,0.455281820132158
144,2437,0.546574509969594
144,2582,0.0806998318420599
144,2816,-0.304031217507562
144,2995,-0.271800773557181
144,3308,0.42126011791879
144,3519,-0.510465476469628
145,152,1.07115634508425
145,290,0.688908098223711
145,403,-0.368716867328183
145,454,0.0284094700157756
145,785,0.882248469087008
145,1006,1.04709680802903
145,1012,0.149926980119328
145,1352,-0.0204047083887672
145,1402,-0.835160856989249
145,1445,-0.0301686109381937
145,1582,0.794651941145606
145,1919,1.41953757474735
145,2165,1.36537904752621
145,2193,0.611843657417106
145,2381,1.04084705962911
145,2512,0.427666899705357
145,2552,0.142387044718058
145,2557,1.53998473720162
145,2704,0.0465353738318107
145,2752,-0.361567832408078
145,3088,0.307526929950028
145,3118,0.725289509609001
145,3730,1.63940205189425
146,147,0.0015623696957185
146,151,0.634370681920883
146,152,0.50880199777536
146,159,-0.501865994018838
146,185,-0.740596148038914
146,229,0.79569507086115
146,552,0.653704448313635
146,1260,-0.789975659716525
146,1896,0.971949111694632
146,1976,-0.864054070684742
146,2417,0.0938963062514789
146,2908,-0.343801585384406
146,2932,0.711004428953609
146,3083,0.288265708573553
146,3140,-0.2977747446728
146,3391,0.760812249100091
146,3504,-1.29957584957557
146,3917,1.33657340925367
147,150,0.186087436751838
147,155,-1.00338666281486
147,158,-0.369958306577059
147,294,-0.0861267882190835
147,691,-1.42160829849081
147,872,-1.23385087455174
147,1235,-0.493860203007528
147,1268,-0.465413582464321
147,1586,-0.140498122319219
147,2177,-0.599134380876363
147,2646,-0.74705807654152
147,3133,0.458696759772235
147,3181,-0.588359688106198
147,3263,0.0046500172022689
147,3422,-0.65172088402
147,3960,-0.174749327064067
147,3970,0.486966488703791
148,150,-1.53763246102173
148,153,-0.987063110973946
148,155,-2.72710656058844
148,159,-2.22714826148813
148,282,-1.25652203893649
148,461,-1.29221598677014
148,465,-2.17503378349095
148,848,-1.07160446207535
148,1069,-2.4733478633471
148,1200,-2.13250925289391
148,1270,-0.706442140613833
148,1535,-1.32415260078334
148,1661,-1.85869008592967
148,1761,-2.03032377166111
148,1802,-1.35122249211975
148,1894,-1.50584935185056
148,2309,-1.67388453499994
148,2524,-2.17853456525166
148,2907,-1.54057033061607
148,3009,-4.07854250201524
148,3190,-2.20441319334003
148,3989,-2.82879777626943
149,152,-0.236176486377652
149,158,-1.11337442103435
149,161,0.89167875224838
149,189,-1.01109764327169
149,250,-1.27547349623299
149,576,0.0943759194181106
149,762,-1.85906328536456
149,895,-0.601631821093505
149,914,-0.83107872812019
149,998,0.219271951625072
149,1124,0.99593613099937
149,1217,-1.63727744592452
149,1993,-1.40132867235019
149,1996,-1.15341012210054
149,2582,-0.995267117726378
149,2654,-0.980908544520279
149,2662,-0.155948907866323
149,2825,-1.39006326687273
149,2842,-1.36055204169514
150,152,0.321152191327803
150,153,0.550569350047788
150,161,1.44900742995384
150,311,0.317670395030101
150,593,-0.0216330756078892
150,766,0.0705348206580558
150,983,-0.641164636305308
150,1495,0.115426552410425
150,1781,-0.376821735441849
150,1838,0.164246006577081
150,2003,-0.417837745449597
150,2366,0.0703223962224168
150,2626,0.91105660044056
150,2769,0.0552722178628469
150,2807,0.0942519354982167
150,2859,-0.184183590627027
150,2937,-1.7500739955674
150,3057,-1.26774380172223
150,3097,0.372768019883429
150,3131,-0.621537195880139
150,3219,0.607551294832377
150,3390,1.31316437619483
150,3678,0.336377508651108
150,3949,-0.462182412231273
151,160,-0.40182651011328
151,161,1.00228655448051
151,170,-0.0253175460447503
151,206,0.568254572436684
151,268,0.0601675741657962
151,588,-0.93029373170032
151,1211,-1.04121047496665
151,1226,-1.56178763702513
151,1398,-1.45779056178222
151,1621,-0.320260611567104
151,1830,0.444440256071237
151,1856,-1.02647465148573
151,1946,-1.33035069179407
151,2062,-0.868350379091262
151,2128,-0.992072478126467
151,2250,-0.29361647092017
151,2316,-2.5327404037359
151,3254,-1.02159458776297
151,3515,-2.09023680594252
151,3611,-2.88143630762623
152,154,-0.0440836908386699
152,157,-0.252020654647984
152,161,1.12785523862603
152,162,-1.13194033488185
152,163,-0.946212504573263
152,165,-0.49455195402106
152,574,-0.797397655746235
152,997,0.350049709794297
152,1057,-1.09732585782869
152,1236,-1.04347376504442
152,1333,0.45091033716819
152,1620,0.148771590154217
152,2296,0.0512284385117523
152,2308,-1.76823789983917
152,2713,-0.180409944107319
152,3206,0.129357620116427
152,3262,-0.410187087162555
152,3373,0.311908271459384
152,3569,-1.13287707675797
152,3838,-0.944170582590303
152,3978,-0.606986585164218
153,163,-1.17562966329325
153,165,-0.723969112741045
153,290,-0.611665405580523
153,301,-1.35181082780435
153,478,-0.775688396138043
153,514,-1.46836871520116
153,587,0.446875135813137
153,726,-0.776700435399971
153,999,-2.8443819817342
153,1025,-0.944925843607654
153,1312,-0.667302156750435
153,1724,0.165660620283209
153,2146,-0.143408038131823
153,2295,-0.775323374246086
153,2715,-0.162282550125829
153,3002,0.348397380921105
153,3358,-0.0044151898160035
153,3592,-0.731395457919518
153,3654,-0.770927087209428
153,3746,-1.63034050001794
153,3998,0.0498253609052824
154,159,-0.966584300955527
154,163,-0.902128813734593
154,167,-0.715900484785382
154,487,-2.33315304313929
154,559,0.0323338782237874
154,764,-1.09959439823086
154,859,-1.46928229306631
154,943,-2.34975492016497
154,1074,-0.410622506111123
154,1200,-0.871945292361308
154,1407,-0.594341106292068
154,1655,-0.964189000762439
154,1705,-1.11382140633615
154,1939,-0.0738896376918813
154,2294,0.194398533851888
154,2555,0.427811985194878
154,2561,-0.450291478696696
154,3158,0.837946737564161
154,3207,-1.83297452466005
154,3583,0.44089271466032
154,3968,-3.30582445036229
155,157,1.25860563624652
155,161,2.63848152952054
155,165,1.01607433687344
155,298,0.674622245422087
155,365,0.0567932982362666
155,440,1.18677114788261
155,467,0.821790594058847
155,621,0.813177055866475
155,995,0.151601102039223
155,1204,0.187080882575143
155,1396,0.864452436734969
155,1584,0.769621769065486
155,1758,-0.190668340942506
155,2064,1.29370558045305
155,2586,0.803920084556614
155,3069,0.0722641600369165
155,3195,0.418289022792873
155,3205,0.680061559079659
155,3569,0.377749214136535
155,3573,1.56922216820683
155,3798,0.471203300846444
156,158,-0.810047359255229
156,160,-0.209107250566286
156,162,-1.06478975948038
156,163,-0.879061929171792
156,164,-1.23509359971586
156,168,-0.84168129611778
156,208,-0.938208446683997
156,345,-1.19333882084986
156,357,-1.43899572381059
156,505,-0.734033756518869
156,656,-0.793042061171961
156,746,-0.0432806787918859
156,1089,1.24165147632939
156,1218,-1.44240978947694
156,1282,0.842088150083742
156,1311,-0.21687824070887
156,1492,0.0707459685657964
156,1932,-1.79613708592617
156,1982,0.394906364454482
156,2185,-0.694931152472524
156,2533,0.222063613955584
156,2611,-1.10733581031597
156,2653,-0.840987225264408
156,2996,-0.736438225885989
156,3114,-0.989005417145462
156,3140,-0.739426167046689
156,3652,-0.224988196549403
156,3722,-1.11362065506397
156,3821,-0.34353689392208
156,3841,-1.05530138673333
156,3941,-0.479180614806726
157,160,-0.0242371713197729
157,161,1.37987589327402
157,163,-0.694191849925279
157,164,-1.05022352046935
157,165,-0.242531299373076
157,166,0.3090875046828
157,167,-0.507963520976068
157,168,-0.656811216871267
157,638,0.916528163161493
157,784,-0.0514763848278562
157,885,-0.620323099508921
157,1626,0.426557697714373
157,1679,-0.0095214517759574
157,1734,-0.185440942240984
157,1750,-1.20173174038736
157,2290,0.070149287664878
157,2743,-0.40709528773273
157,2943,-1.67354043366943
157,2955,0.84072644417144
157,2982,-0.616348967774212
157,3011,-0.556787880099912
157,3419,-0.464032289959322
157,3843,-1.06766813492755
158,159,-0.133470057137497
158,164,-0.425046240460633
158,165,0.38264598063564
158,178,0.848197986785127
158,361,1.19614368798102
158,545,-0.0009386857842168
158,646,-0.632355084562774
158,874,1.80842954583863
158,1256,0.162287320308055
158,1314,0.444424412019378
158,1480,1.58056387822795
158,1558,0.336234263721263
158,1643,-0.212767164839365
158,1801,-0.524921018399239
158,2177,-0.229176074299304
158,2368,-0.413248008225845
158,2541,-0.550512053644758
158,2805,-0.361163808695586
158,2878,-0.267296984405157
158,3057,-0.71169805839333
158,3230,-0.0517709884513277
158,3317,-0.551809091584105
158,3468,-0.4273214515387
158,3471,1.08687122560282
159,162,-0.12127234308765
159,165,0.516116037773138
159,170,1.11091912989497
159,171,0.457096248278321
159,787,1.33664720359172
159,933,0.485952472309665
159,935,0.0954965273771576
159,1478,1.31670526093964
159,1555,0.881971901804687
159,1694,0.0887997854271683
159,1771,-1.00769929507121
159,2002,1.55741621233103
159,3161,0.42767310101617
159,3265,1.48276862411573
159,3386,0.594453419709168
159,3646,0.584375598302434
159,3654,0.469158063304754
159,3727,0.462327092519494
159,3795,0.540338681894264
159,3835,-0.0846412887101788
160,162,-0.85568250891409
160,164,-1.02598634914958
160,171,-0.27731391754812
160,172,-0.699847135422683
160,173,-0.559866546180296
160,561,-0.563923423758606
160,628,-1.30673012265339
160,974,-1.48999779127277
160,1202,0.0184241728580975
160,1467,-1.42865957399372
160,2123,-0.911792063521198
160,2378,-0.0356237978442867
160,2429,0.160094773348853
160,3056,-0.909118832721972
160,3061,-0.07051905432324
160,3143,-0.41453143667222
160,3563,-1.66780687717394
160,3588,-0.299784188271437
160,3775,-1.6009707997602
161,162,-2.25979557350788
161,173,-1.96397961077409
161,446,-3.07931160988882
161,468,-1.76418863996489
161,664,-0.967227838309479
161,764,-2.27153332769556
161,831,-2.21433903026751
161,1017,-1.7289731097023
161,1019,-2.98551322340124
161,1138,-1.26186648833912
161,1380,-2.71881564508521
161,1419,-1.27707772858837
161,1478,-0.821817969480591
161,1750,-2.58160763366138
161,1872,-2.69723728756588
161,2155,-2.28631892019104
161,2441,-2.50424411953957
161,2908,-1.9804588217858
161,3173,-2.81145553577247
161,3301,-1.73109346253716
161,3375,-1.15184735924839
161,3488,-2.54896587551651
161,3779,-1.45500571324332
162,167,0.371956159257795
162,169,0.330360152590913
162,171,0.578368591365971
162,173,0.295815962733794
162,713,-0.125308361110405
162,851,0.0153849439712202
162,1356,0.814716623216774
162,1699,1.2236678034412
162,1952,1.05467891607784
162,2004,0.852346585674365
162,2014,0.685866962697784
162,2122,-0.0682523018798738
162,2194,0.511268556243729
162,2801,-0.466750487454051
162,2964,-0.37297629110945
162,3545,0.0903348763603755
162,3764,-0.695589686816641
162,3940,-0.243079445915567
162,3970,1.111667195506
163,164,-0.35603167054407
163,166,1.00327935460808
163,169,0.144632322282328
163,174,0.668715674695953
163,421,0.552079251111389
163,505,0.145028172652923
163,621,0.248763269545234
163,1323,-0.435073576937478
163,1430,-0.227803279878469
163,1809,-0.260506842797265
163,1923,0.109559099075335
163,2235,0.631542577688998
163,2288,0.501862764643881
163,2549,0.276981821326317
163,3459,0.481651820137732
163,3606,-0.0809692476810987
163,3939,0.5889848449989
164,167,0.542259999493281
164,169,0.500663992826398
164,170,1.40249531321811
164,171,0.748672431601457
164,172,0.326139213726893
164,177,0.516740043678746
164,430,-0.280903776861768
164,571,1.06938941949212
164,1262,0.220034304531207
164,1275,-0.460802085580015
164,1570,-0.669304608245523
164,1704,1.47360185078804
164,2028,0.658318239419002
164,2211,-1.01229075003332
164,2387,-0.40602691351071
164,2420,-0.699700168435854
164,2430,0.0723484485433052
164,2644,0.753523831916847
164,2971,0.715935208728359
164,3294,-0.590492942795189
164,3585,1.65515554038336
165,173,-0.341572418126993
165,174,0.21705512414375
165,417,-0.764500505628081
165,567,0.411627706244333
165,635,-1.21690090685694
165,649,-0.0491536677036663
165,692,-0.49033909439039
165,1012,-0.42667741094386
165,1087,0.670174988884904
165,1351,-0.308367682573338
165,1904,-0.13603102061587
165,1993,-0.670600231951477
165,2061,0.189594949289922
165,2132,-1.7098580472262
165,2359,-0.717424539804294
165,2672,0.116516043399004
165,2853,-0.282874167129039
165,2963,0.47997006056981
165,3587,-0.559725432562996
165,3713,-0.855027962306239
165,3839,-0.417460122225145
166,172,-1.03317181142526
166,174,-0.334563679912125
166,177,-0.842570981473403
166,179,-0.148118658449568
166,503,-0.422044684275114
166,529,-0.283823261942777
166,911,-1.05766506726395
166,933,-0.581782369519348
166,1010,-0.862887057704989
166,1434,-0.607551828428946
166,1531,-0.910109762018091
166,1556,-0.197048856748569
166,1598,-0.363426306502418
166,1760,-1.7932718027338
166,1942,0.0004395411358064
166,1944,-1.1430896838491
166,2352,-1.81730707889606
166,2510,-2.25343038798257
166,2770,-0.96997987992025
166,2911,-0.890643816783515
166,3052,-0.90461754276174
166,3363,-1.95441949333313
166,3389,-1.7745577106173
166,3481,-1.06516179447176
166,3819,-1.24345458516723
166,3892,-0.334805586943867
167,170,0.860235313724825
167,176,0.533237829646427
167,411,-0.477307291580819
167,580,1.07878093391583
167,762,-0.862902623362854
167,1111,0.582728532013405
167,1203,0.528107048301478
167,1323,-0.621301905886688
167,1686,-0.3308683871535
167,1771,-1.25838311124136
167,2157,-1.89457149885886
167,2407,0.854408575668262
167,2436,-0.879269780270789
167,3113,0.233649419429483
167,3351,0.0313681189501082
167,3659,0.106360395595876
167,3818,-0.119260254262312
167,3961,-0.338765021749037
168,172,-0.0672730898711893
168,174,0.631335041641941
168,175,0.415982235937381
168,245,-0.534843850735713
168,848,1.05370767913784
168,1077,-0.340383215155687
168,1305,-0.360461188731473
168,1845,1.25888350139151
168,2281,0.159371385855215
168,2419,-0.177247937034098
168,2609,0.527063811203847
168,2628,0.83578374638446
168,2821,0.322328348826671
168,2927,-0.326352295743128
168,3057,-0.680064121530779
168,3184,0.204307534058592
168,3349,0.538189995770211
168,3484,-0.71811539365172
168,3487,0.155931538294624
168,3614,2.14894000922175
168,3763,-0.988392340024829
168,3821,0.4981444021957
168,3832,0.438917332906302
169,170,0.901831320391707
169,173,-0.0345441898571181
169,174,0.524083352413625
169,177,0.0160760508523477
169,180,-1.11637519416726
169,182,0.549142406671952
169,375,0.437613782333876
169,970,0.569213989358097
169,1375,0.971649969631382
169,1386,0.218315551061611
169,1607,-0.901144730783018
169,1707,0.906268270249954
169,1719,0.128224849924887
169,2693,0.58376164852965
169,2788,1.39689212830075
169,3229,-0.455967130775577
169,3397,0.754521333067064
169,3501,-0.590418475150543
169,3510,0.411227514699334
169,3884,0.152846333233353
169,3892,0.523841445381884
170,175,-0.593100773682643
170,177,-0.88575526953936
170,180,-2.01820651455896
170,288,-0.688706246383231
170,468,-0.736584539439634
170,781,-0.570761194527455
170,953,0.292585871360692
170,989,-1.43091893951316
170,1021,-0.961114359921834
170,1402,-2.00656834017427
170,1899,-0.464608859898702
170,1917,-1.42371013169175
170,2447,0.275551120952078
170,2570,-0.932457806955711
170,2654,-0.844983196243399
170,2795,-2.08766249758797
170,2811,-1.57608930411454
170,2962,-0.240620065253433
170,3130,-0.520867653800989
170,3464,-0.0651876881630101
170,3678,-0.0850258207774681
170,3781,0.0257661605773464
170,3972,-0.107370735598805
171,176,0.326825397538251
171,178,0.524571795644303
171,182,0.301133967896894
171,249,-1.05446447357551
171,398,-0.992414827037189
171,570,-0.391502878841345
171,630,-0.913287005133864
171,854,-0.162116297026902
171,1029,-0.69254718021456
171,1166,-0.17706452981236
171,1199,-0.364163781452664
171,1297,-0.659276202608828
171,1369,1.20014988091499
171,1684,-1.37743239358012
171,1907,0.862811153438504
171,2100,0.567964061247346
171,2216,-0.539029315700431
171,2266,-1.31376577798582
171,3034,0.793819943675429
171,3257,-0.229750672177835
171,3369,0.958581563219018
171,3576,0.303801217976843
171,3768,-0.336682332793765
172,174,0.69860813151313
172,176,0.749358615412815
172,180,-0.941850415067752
172,181,-0.0721565175422174
172,184,0.80239567874418
172,204,0.714623913437784
172,660,-0.748358108047848
172,884,0.168196684461493
172,1312,0.53821996335999
172,1564,1.00533084407143
172,1760,-0.760099991308539
172,1813,-0.0683620662737809
172,1974,0.119396010952256
172,2518,0.970507449787385
172,2663,-0.0854139343668233
172,2963,0.96152306793919
172,3197,1.02278360257611
172,3416,-0.493015639739496
172,3583,1.37291398521209
172,3941,0.429773771182244
173,174,0.558627542270743
173,176,0.609378026170428
173,178,0.807124424276479
173,183,-0.453082307468118
173,208,-0.169234649937415
173,405,1.17527492589794
173,418,-0.40602733559604
173,515,1.07589421978483
173,588,0.0313993245932559
173,740,-0.600155656790475
173,818,-0.572947413855421
173,1190,-0.632166324935664
173,1204,-0.487421036171309
173,1305,-0.433168688102671
173,1956,0.494222386153948
173,2341,-0.976935121911119
173,2880,0.181877128058763
173,3155,-0.0667515632401242
173,3303,0.377354322416018
173,3518,0.415479590997009
173,3664,-0.186701824392791
173,3718,0.0677153405436263
174,182,0.025059054258327
174,186,-0.874941530867858
174,236,-0.667639758163064
174,558,-0.737870711093042
174,616,-0.394810480493522
174,676,-0.394264358365704
174,990,0.723520197476374
174,1290,-1.42305264568764
174,1403,1.38332321470228
174,1421,-1.86869739001916
174,1442,-0.950545958939709
174,1460,-1.14045092727076
174,1599,-0.152843547670884
174,1909,-0.524675517387619
174,2239,0.186825231765962
174,2722,-1.49010321580848
174,2938,-1.01208895057567
174,3261,-0.096961436351663
174,3342,-0.288077711648523
174,3344,-0.0032628852554776
175,178,0.463849687710297
175,181,-0.555411843350787
175,183,-0.7963570440343
175,185,-0.756548510232403
175,186,-0.659588725163297
175,284,-1.74062425752507
175,482,0.376219321466003
175,893,0.565314666350866
175,1223,0.78570901645544
175,1289,1.07773390197809
175,1404,0.491923070452703
175,1407,-0.145575161548868
175,1408,-0.174720377211238
175,1490,-0.434507247404548
175,1916,-1.72706258645314
175,2134,0.369184035713262
175,2206,-0.410761466446204
175,2322,-1.61731849071339
175,2435,-1.41955029867657
175,2531,-0.218483381675849
175,2535,-0.624898296248924
175,2856,-0.851210202181286
175,3451,-1.53596255187129
175,3614,1.73295777328437
175,3888,-0.924957620671524
176,177,-0.558757785460962
176,179,0.135694537562873
176,181,-0.821515132955033
176,184,0.0530370633313649
176,186,-0.925692014767543
176,187,0.986174836860157
176,188,-1.79638585528473
176,189,-0.548174810916408
176,539,-0.491803929744082
176,967,-0.633427774708587
176,1036,0.926683290486381
176,1737,-1.12107828148455
176,1779,-1.21170522124672
176,2129,0.523631621971355
176,2365,-1.22143003921706
176,2413,0.0630085720512778
176,2668,-1.31771841057822
176,2793,-0.638943510320491
176,3053,-1.14531790786372
176,3062,-0.99382037293583
176,3230,-0.702222577130403
176,3796,-0.011849422263656
176,3906,-1.28826989037028
177,183,-0.503702548177583
177,190,0.228084836963086
177,365,-0.668328861219651
177,427,-0.000574614988322
177,564,-0.0580709504448192
177,654,-0.451221422433562
177,662,1.64262229929677
177,745,-0.0773087493836283
177,785,0.596596255441347
177,847,0.36462764710675
177,1170,0.97583758290918
177,1190,-0.682786565645129
177,1383,0.529492417650344
177,2003,0.0465141946611871
177,2302,0.66448676574835
177,2482,-0.488939824054205
177,3043,-0.272022178018888
177,3179,0.169825609292287
177,3220,-0.40300107518283
177,3322,0.0526563344962736
177,3669,0.495649485005467
177,3964,-0.252595235576676
178,179,-0.0620518605431784
178,180,-1.88895542858662
178,181,-1.01926153106108
178,182,-0.223437827747409
178,187,0.788428438754105
178,557,0.581384549882472
178,581,-0.97947941643816
178,780,-1.82310288877353
178,1003,0.877666317654861
178,1016,-1.48959510633668
178,1717,-0.284830119308405
178,1738,-0.476015050749632
178,1961,-0.777290610666495
178,2585,-0.482396277982542
178,2668,-1.51546480868428
178,2833,-0.514298844673043
178,3126,-1.7420701399029
178,3935,-1.62247402189213
179,184,-0.0826574742315081
179,189,-0.683869348479281
179,192,-0.561068785144652
179,586,-0.218856303704333
179,669,-1.19570279098593
179,897,-0.637626206859373
179,1409,-0.849278704272859
179,1816,-0.833464736408498
179,1875,-1.47660219590242
179,2050,-1.43477241602621
179,2128,-0.775451985566192
179,2352,-1.66918842044649
179,2458,-0.239017850102389
179,2526,-0.0761671738649892
179,2725,-1.1314887374503
179,2779,-0.912066949771171
179,3133,0.0425089401073459
179,3146,0.910826161633994
179,3631,-0.0941178257622848
179,3906,-1.42396442793316
180,184,1.74424609381193
180,185,0.668557230643918
180,188,-0.10517682480416
180,688,1.29660245101413
180,787,2.24393458825572
180,1088,1.8713231589322
180,1097,1.21154465044336
180,1151,1.64730202019262
180,1665,1.84398286998058
180,2192,2.61346335366078
180,2453,1.61299526744268
180,2556,0.410207753195615
180,2627,0.115649256245056
180,2745,1.80698437642318
180,3008,1.00018039329633
180,3025,1.43604936854548
180,3299,1.92633931389516
180,3798,0.878532386410132
180,3869,0.712459639912883
180,3993,1.06585526552317
181,182,0.795823703313675
181,183,-0.240945200683513
181,188,-0.974870722329694
181,189,0.273340322038624
181,191,0.0073926433154415
181,338,0.414534659806493
181,698,0.421039297370946
181,710,-0.144528732674012
181,1093,-0.0233082339745351
181,1790,-0.872322950966423
181,2133,0.457035277113109
181,2179,-0.790575887789953
181,2501,0.683415625453959
181,2618,1.7898626412023
181,2906,-0.896294455319847
181,2987,1.65356372066819
181,3063,0.903539430419756
181,3349,0.677619603183618
181,3359,-0.981540168820508
182,186,-0.900000585126185
182,187,1.01186626650151
182,188,-1.77069442564337
182,190,-0.304981518856518
182,191,-0.788431059998233
182,193,-0.192378667564699
182,195,-1.3613930747197
182,400,0.281771767516842
182,493,-1.56038335286403
182,1592,0.0840373734336173
182,1692,-0.329986898601143
182,1990,-0.550311756201141
182,2191,-0.194897384790148
182,2463,-1.04648745505842
182,2869,0.12407996830494
182,3042,-1.4205799493736
182,3463,-2.00824188754984
182,3700,-0.879404770865035
183,187,2.0486351704987
183,188,-0.733925521646181
183,189,0.514285522722137
183,191,0.248337843998954
183,195,-0.324624170722513
183,389,1.70059589667914
183,620,-1.02569978587233
183,695,1.47074881752587
183,970,1.05684048668333
183,1367,0.141959723014049
183,1887,-0.993713213195332
183,1949,0.801137987280541
183,2431,0.944639203507364
183,2517,0.604533798946301
183,2595,0.880555589572742
183,2957,-0.929801806242189
183,3132,1.22258682635544
183,3528,0.652009476346738
184,186,-0.978729078098908
184,188,-1.84942291861609
184,193,-0.271107160537421
184,196,0.256593317228737
184,512,1.07152792778851
184,773,-1.13090170170337
184,812,-0.910308748435863
184,1816,-0.75080726217699
184,1821,-1.25009243105191
184,1840,-0.474092955354103
184,1944,-0.912313551168021
184,2562,-0.0956276560712122
184,2731,0.121134622729828
184,2863,-1.31899939498011
184,3465,-0.131940612427209
184,3608,0.364638634667021
184,3769,-0.420359826170732
184,3906,-1.34130695370165
184,3954,-0.432171818652882
185,187,2.00882663669681
185,188,-0.773734055448078
185,242,1.28330137457541
185,727,0.551027695953872
185,975,0.849382119994218
185,1126,-0.318455099819603
185,1753,-0.669013689871689
185,2018,0.865914697862985
185,2178,0.812457798495208
185,2197,0.701947956379067
185,2243,-0.289201484356435
185,2276,-0.226305069162081
185,2319,1.15893754776742
185,2354,0.583807187193166
185,2371,-0.307218838749415
185,2938,-0.0401876346387052
185,2939,-0.280614828845426
185,2970,1.58715486852383
185,3612,0.159404991562938
185,3651,1.5859643302057
185,3812,1.99215066870538
185,3829,1.71190646115252
186,190,0.595019066269667
186,191,0.111569525127952
186,193,0.707621917561486
186,198,1.72551053086683
186,199,0.778809854043144
186,484,1.25503631051668
186,642,0.888270361742986
186,1605,0.367978173591708
186,1733,-0.554838686547936
186,2064,0.935517650303716
186,2244,0.315745387860324
186,2547,0.508726844788892
186,3052,0.304887668018243
186,3353,1.20083585080957
186,3585,1.50534972601119
186,3750,0.321213216895533
186,3787,0.149019129514406
187,190,-1.31684778535803
187,193,-1.20424493406621
187,199,-1.13305699758456
187,498,-1.74379202469548
187,733,-2.32198178965253
187,744,-1.518462102878
187,825,-0.0560588880005112
187,894,-1.37096830188913
187,976,-0.487539496568454
187,1083,-0.615040846600673
187,1099,-1.05520375980794
187,1577,-1.318393931945
187,1695,-1.09459957115971
187,1896,-0.29628137696326
187,1933,-0.607509688742684
187,2353,-1.53482300728561
187,2506,-1.43125452736957
187,2584,-2.16341716828362
187,2737,-1.54568655306064
187,3198,-1.16858582837627
187,3247,-2.15747820413741
187,3400,-2.32847162394132
187,3487,-1.51232882410716
187,3593,-2.48735848701205
187,3728,-1.9836956616187
187,3833,-2.00613075377048
187,3873,-1.69526454019264
188,189,1.24821104436832
188,194,1.12140650680444
188,195,0.409301350923668
188,201,2.08920530373892
188,229,2.31002527434814
188,549,1.92786918879996
188,583,2.08618401073452
188,775,2.65938960158993
188,864,1.0620123288021
188,1356,1.70590848959728
188,1491,1.10894652609432
188,1633,1.06528358505994
188,2792,2.13119904482636
188,2825,0.86924542076727
188,3174,1.8230737030997
188,3208,0.546192993275795
188,3224,1.60899967539974
188,3363,0.125779557964037
188,3554,1.19606997909239
189,194,-0.126804537563882
189,197,-0.0761074493941351
189,201,0.840994259370601
189,403,-0.664952055518398
189,506,-0.394350233104996
189,588,-0.0298038906607637
189,889,0.785371109340661
189,903,0.701242642304853
189,1046,-0.893808171262035
189,1217,-0.626179802652838
189,1372,0.236216886615104
189,1626,0.949458199960422
189,2111,-0.377283721551204
189,2525,0.355342745605054
189,2918,0.0428043631552383
189,3045,-0.281063805267837
189,3238,0.904012910388277
189,3277,0.368751390042337
189,3278,0.476197570914303
189,3386,0.358706584809004
189,3585,1.12783252216006
189,3766,0.560270141222894
190,192,-0.0947012990839034
190,193,0.112602851291819
190,197,-0.293609311812668
190,199,0.183790787773477
190,587,1.23371158900862
190,701,-0.204264363378056
190,711,0.168339258049198
190,1144,0.388854314997888
190,1404,0.556492729346333
190,1535,0.449746963386088
190,1713,0.887667586731162
190,1782,1.27861656730654
190,1938,-1.53744240763446
190,1961,-0.248871264062567
190,2070,0.0775736371834483
190,2168,-0.0362581272886876
190,2303,0.606809205031508
190,2403,0.568570421489449
190,2420,-1.44452504907769
190,2462,0.639123625113063
190,2719,-0.585566170988499
190,2771,0.493519408493482
190,2862,0.916013650674552
190,2962,0.41705036732284
190,3005,-0.832321861387382
190,3160,-1.20928921612609
190,3317,-0.871587731765304
190,3326,-0.499135662194218
190,3617,-0.261605337692102
191,192,0.388748242057812
191,197,0.189840229329048
191,198,1.61394100573888
191,199,0.667240328915192
191,449,0.0285804348108111
191,661,0.625575317718779
191,901,1.63223722330916
191,963,0.505548702146791
191,1668,1.34486478939633
191,1984,1.57213395902854
191,2088,0.0523344609342888
191,2301,0.705677069414441
191,2404,0.726770152459027
191,2505,0.539782092203001
191,2858,0.108351492681926
191,3034,1.28111703577677
191,3437,0.56618790870852
191,3673,1.04361236144338
192,193,0.207304150375723
192,196,0.735004628141881
192,197,-0.198908012728764
192,203,0.171786021906739
192,349,-0.545813348776309
192,368,-0.655479359059737
192,953,1.04495760302087
192,1116,1.05624095249585
192,1175,-0.452753193541524
192,1240,0.26642334368235
192,1259,0.913150039806797
192,1265,-0.597878169106496
192,1432,-0.770903620577666
192,1686,-0.438731969218148
192,1873,0.133244686961604
192,2099,0.719027260612014
192,2140,1.65819899857442
192,2174,-1.08611935994363
192,2242,-0.504855743541428
192,2371,-0.904496391004284
192,2417,0.237214902035523
192,2824,1.39242326511352
192,2879,-0.646623542644403
192,3049,0.225239456103096
192,3216,0.681695612994505
192,3518,0.23147581240836
192,3929,-0.711786889281394
193,194,-0.456909251274234
193,199,0.0711879364816576
193,200,-0.0369244287189207
193,201,0.510889545660249
193,205,0.178212327082572
193,206,1.13863969976589
193,213,-1.00714450014174
193,339,-0.524064730634264
193,543,0.0672075383542208
193,558,-0.57055109778667
193,591,-0.654187058062262
193,684,0.325195295024616
193,736,1.14468082068667
193,778,-0.437865034756182
193,1157,-1.43355574210289
193,1552,0.341422655401494
193,1623,-0.227451498684258
193,1842,-0.659282983965057
193,2718,-0.0857427560155571
193,2836,-0.0187591313334378
193,3037,-0.815789726918546
194,197,0.0506970881697469
194,200,0.419984822555313
194,202,-0.0960113160308437
194,206,1.59554895104012
194,333,0.157004950697601
194,397,-0.0379355456297137
194,887,0.27909377805148
194,977,-0.0198494429070494
194,988,0.169448723649316
194,1130,-0.566862592161712
194,1672,-0.0753775222248689
194,1737,-0.44609893300426
194,1923,0.0650722889599879
194,2107,0.0434926749934741
194,2128,0.0352219004769712
194,2152,-0.984223335261976
194,2267,1.22574524964083
194,2371,-0.654891290105773
194,2799,1.14839891376875
194,3138,0.599516044676578
194,3412,1.21387549870439
194,3562,0.665474947457342
194,3774,-0.101013683194036
194,3931,0.983933963427673
195,196,1.69671488492116
195,202,0.616093839849924
195,203,1.13349627868602
195,204,1.35234980238603
195,252,0.534912525487527
195,292,-0.0111706006389254
195,661,1.19853733244025
195,835,2.20347152680393
195,921,0.94552626996326
195,1141,1.61171002494973
195,1450,0.0354096859599678
195,1700,0.609565282532872
195,1973,0.260763747581846
195,2604,-0.193363884439257
195,2954,0.809761923103844
195,3014,0.441671683122855
195,3474,-0.183611763566698
195,3677,1.7737535807297
195,3804,1.67798221380397
195,3847,1.41936005576756
195,3866,1.67587540122447
196,218,-1.62381645886012
196,249,-1.69092025167387
196,286,0.535545426195843
196,296,0.31594499216606
196,328,0.211185680400579
196,364,0.315938726940596
196,951,0.0284357346621769
196,1222,-0.847269138639422
196,1473,-1.57160405193208
196,1544,-0.457459177602268
196,1775,1.32150826928939
196,1874,-1.20268765727574
196,2144,-0.686661718805434
196,2161,0.292456007006495
196,2291,-1.280802505171
196,2519,0.279809077818512
196,2621,-0.910351312692689
196,2883,-0.0889432946340249
196,2997,0.0106259884943801
196,3136,0.0212891425182447
196,3184,-0.787408372043136
196,3347,-0.479099003121742
196,3968,-3.43279217578343
197,198,1.42410077640983
197,199,0.477400099586145
197,205,0.584424490187058
197,221,0.560834077972605
197,224,0.428773671999709
197,317,-1.23169240067924
197,374,-0.571445795254166
197,652,-0.796200953524623
197,708,-0.105010618981208
197,850,1.55516340294185
197,1133,1.78234649954587
197,1167,0.251932375178518
197,1291,0.433903408047645
197,1538,-1.1276507863665
197,1592,0.682628204102803
197,1835,0.457207771087704
197,2120,-0.514671929088434
197,2235,0.536358679403904
197,2261,0.531839043447289
197,2942,0.721704086225346
197,3174,0.650970108125521
197,3209,-0.0387429887413251
197,3798,-0.188394383759892
197,3912,-0.0700122150871142
198,199,-0.946700676823685
198,200,-1.05481304202426
198,201,-0.506999067645094
198,202,-1.57080918061042
198,206,0.120751086460546
198,208,-1.57843119220713
198,209,-2.12092295421399
198,217,-1.42595491511006
198,557,-0.0206875681107624
198,820,-2.19615400392239
198,1167,-1.17216840123131
198,1506,-0.375936650545606
198,1930,-2.09093656581568
198,1964,-1.6398019921887
198,2093,-0.149770998370672
198,2445,-1.77192128572525
198,2585,-1.08446839597578
198,2622,-0.888913930201274
198,3371,-0.234309356635995
198,3474,-2.37051478402704
198,3771,-1.14687800868866
199,200,-0.108112365200578
199,203,-0.106706064950641
199,206,1.06745176328423
199,265,-1.92401286529033
199,401,-0.299636220482116
199,617,0.494779711641688
199,1012,-0.547600858262896
199,1172,-2.66299907398271
199,1312,-0.0642564913284268
199,1934,0.0744710725440775
199,2185,-0.388453221171972
199,2191,-0.0737066537071069
199,2373,0.366584361005562
199,3118,0.0277616712267765
199,3217,-1.28715927029864
199,3809,-0.250043635214743
199,3955,0.100375498281095
200,266,-1.30425062187597
200,391,-0.13935539282508
200,513,0.361043639949537
200,515,0.721510719539377
200,615,0.445406757984297
200,635,-1.2297119889754
200,690,-0.0832580815040441
200,1223,0.774600252776172
200,1332,0.13667087393282
200,2041,-1.39305401421018
200,2280,1.25802623031695
200,2974,-0.856658047357412
200,3186,0.0146497146659209
200,3536,-0.822448126931461
200,3542,-0.466796676672674
200,3580,-0.138061307180922
200,3611,-2.2741267515781
200,3673,0.484484397728768
200,3708,-0.0170374727049513
200,3898,0.298794129648152
200,3983,-0.76335660269268
201,204,-0.327554150429223
201,232,-0.398375925872712
201,438,0.148754548604554
201,623,-0.0791279967566169
201,711,-0.45515313890287
201,1209,-0.592812276662327
201,1321,-0.457895495243495
201,1350,-0.0691913411779883
201,1699,0.0256543660827884
201,1860,-1.06999814240484
201,1882,-1.65614918221704
201,1891,-1.02277401530913
201,2030,-0.918696926402129
201,2194,-0.686744881114686
201,2264,-0.450581745535195
201,2332,-1.7508722535125
201,2544,-0.956859190898652
201,2557,0.402755289640805
201,2587,-0.4327982646748
201,3015,-1.6512576410671
201,3707,-2.29927377755959
201,3759,-0.905503125924366
202,208,-0.007622011596709
202,209,-0.550113773603571
202,211,0.600884668683553
202,471,0.403441752787382
202,608,0.786516746946793
202,618,0.360402662178064
202,696,0.997343790348503
202,1402,-0.908580191584739
202,1616,0.347449462241636
202,2021,2.08175239540291
202,2080,1.19172469226447
202,2098,-0.484723738693077
202,2486,0.276187110733181
202,2563,1.21304138373166
202,3150,-0.133232887531882
202,3254,0.101711106871309
202,3493,-0.182424463950505
202,3647,0.194004033862643
202,3738,0.588107855905655
203,204,0.218853523700009
203,209,-1.06751621243967
203,214,-0.0694992039007012
203,216,-0.679497140635138
203,368,-0.827265380966477
203,585,-0.370980552243205
203,921,-0.187970008722759
203,1029,-0.765784352077772
203,1244,0.52419309348764
203,1443,0.596381024345162
203,1481,-1.67460748128267
203,1624,0.27526011497317
203,1708,0.533274380568135
203,1955,0.943783670726932
203,2245,-1.31622932364072
203,2477,1.121804334739
203,2487,-0.154429938890823
203,2586,-0.226371634685226
203,2690,0.337685463555877
203,3018,-0.120451256354234
203,3597,-0.366890281933388
203,3652,0.18819579970179
204,206,0.955304304534863
204,207,-1.3745323537753
204,208,-0.743877974132812
204,209,-1.28636973613967
204,210,-1.17649358981904
204,213,-1.19047989537276
204,215,0.514850179479668
204,263,-0.441006945355901
204,279,-0.392728845670521
204,327,0.413211068258695
204,730,-0.175002184322602
204,740,-1.17479898098587
204,879,-0.992733970510123
204,1346,-0.52600157310035
204,1400,0.0552161110230847
204,1588,-0.577327851539894
204,1881,-0.0717053474976054
204,2343,0.223825445242262
204,2594,-1.67977407027498
204,3259,0.32551072141389
204,3852,-0.347513559832377
204,3900,-1.02592888329424
205,207,-1.36940928562684
205,209,-1.28124666799122
205,210,-1.17137052167059
205,214,-0.283229659452256
205,215,0.519973247628122
205,217,-0.586278628887292
205,243,-1.72575531248075
205,291,-0.446763791769498
205,604,-0.255158534268304
205,605,-1.18362183200475
205,1127,-0.752460715111461
205,1297,-0.946243830023594
205,1394,-0.638944660311065
205,1767,0.424427694877737
205,2386,0.209726793163868
205,2727,-0.474593909254106
205,2875,-0.33163902743362
205,3028,-0.401500729149546
205,3522,-0.317261522805171
205,3886,-1.33993117479715
205,3959,0.0494171030983523
206,210,-2.13179789435391
206,214,-1.24365703213557
206,217,-1.54670600157061
206,251,-0.0147451580849579
206,659,-0.711028572405868
206,1055,-0.486141183017733
206,1258,-1.49201595616248
206,1353,-1.75817145877034
206,1544,-1.068398399602
206,1576,-1.2272628711545
206,1783,-0.659927988066122
206,1854,-0.652037027419801
206,2262,-1.33048961257715
206,2589,-2.43872933949765
206,2651,-1.06661802082616
206,3135,-1.47386682330898
206,3950,-0.306749003001575
207,219,1.23831778688786
207,637,0.0264745772580646
207,792,1.1835636765396
207,1074,1.18130720477816
207,1287,1.44436246786183
207,1338,1.69158315262947
207,1427,1.4965844127425
207,1486,1.23171535443448
207,1524,1.7173168975346
207,1539,0.675665235687708
207,1728,2.03952441525685
207,1835,1.24219256652749
207,2007,2.15393167548611
207,2165,1.93023610416991
207,2260,0.877526457083088
207,2703,0.464026425640056
207,3676,0.722531056421629
208,209,-0.542491762006862
208,213,-0.446601921239949
208,214,0.455525246532102
208,217,0.152476277097066
208,220,1.5726568867163
208,447,0.911299605668255
208,742,0.490433834082799
208,832,-0.0563600318863762
208,914,0.410456780342931
208,1061,1.29385567359031
208,1112,1.0851756795308
208,1154,-0.324887972440409
208,1171,1.44548729458809
208,1977,0.0363157745376963
208,1990,0.202609490265344
208,2509,0.37481961820574
208,2764,0.773793232739213
208,2935,0.941886746228054
208,3008,0.0875840389236032
208,3391,1.2573692734102
208,3851,0.733293992397121
209,211,1.15099844228712
209,215,1.80121991561934
209,220,2.11514864872316
209,645,0.583105238153656
209,1127,0.528785952879759
209,2028,0.903924848393999
209,2141,0.0239965991752843
209,2238,1.15751497525171
209,2351,0.553998355963772
209,2744,0.272467794470098
209,2747,1.26665562419527
209,2805,0.309489040740044
209,3117,0.393384835299721
209,3156,1.46108164106283
209,3162,0.0321704304577601
209,3230,0.618881860984302
209,3394,0.978748735412818
209,3408,1.3556767947006
209,3645,0.756866567066257
209,3646,1.12155839060057
209,3890,0.351842701471128
210,214,0.888140862218334
210,216,0.278142925483898
210,273,0.95636987813257
210,279,0.783764744148523
210,723,0.901424201353769
210,927,0.912926691595911
210,1297,0.225126691646996
210,1508,0.246242983454678
210,1874,0.318171015078435
210,2171,0.790100483868137
210,2525,1.01839622648272
210,2559,0.777792318112799
210,2568,0.282770413264727
210,2793,0.572284781473585
210,3260,-0.021947429392734
210,3417,-0.0589757016124403
210,3476,1.65578076303491
210,3665,0.669535144111183
210,3681,1.29331255062128
210,3787,0.434555406540938
210,3842,0.469018145633158
211,213,-1.05510860152021
211,219,-0.0008432730348899
211,221,0.106657813489643
211,224,-0.0254025924832529
211,680,-1.07781232456214
211,760,0.357151169420137
211,777,-1.10171837979915
211,788,-1.05256299200018
211,1628,-0.323575835928283
211,1637,-0.48298965141241
211,1661,-0.245357474430535
211,1838,0.239946157054484
211,2197,-0.15059784763
211,2291,-0.801066128783321
211,2538,0.89224576534813
211,2613,-0.434974807317335
211,3081,0.176439801304992
211,3149,-0.385258430275073
211,3224,-0.0172801840574053
211,3317,-1.0321546844356
211,3370,0.29705703144065
211,3507,1.24372979679324
211,3764,-1.43067767989328
211,3843,-0.92283644777033
212,415,0.548044911543729
212,501,0.439909411798703
212,970,0.648490135580925
212,1160,0.91408830231318
212,1675,0.474713371680248
212,1774,0.0495650254598446
212,1962,-0.399020416966348
212,2439,1.36681699174906
212,2609,0.499088268198359
212,2623,1.153622091235
212,3213,-1.0023334047889
212,3218,0.585343975505839
212,3225,0.69323946050383
212,3274,0.371521870824537
212,3441,0.441205404006955
212,3863,-0.333925135703862
212,3936,0.820319218352163
213,214,0.902127167772051
213,216,0.292129231037615
213,217,0.599078198337015
213,224,1.02970600903696
213,292,-0.173040507652192
213,539,0.73341066760371
213,591,0.352957442079474
213,964,0.649315022123164
213,1462,1.97693801113248
213,1576,0.918521328753121
213,2038,0.676199668966286
213,2128,0.585457149344473
213,2369,0.856608566973225
213,2983,1.01229216542869
213,3031,1.08590670103554
213,3212,0.589443009009338
213,3322,0.719113146383104
213,3389,-0.265529917257067
213,3794,0.267025832756876
213,3947,0.927169357580853
214,217,-0.303048969435036
214,219,0.15213816071327
214,220,1.1171316401842
214,223,-0.200736764006754
214,236,-0.395302812487008
214,681,0.386259083468355
214,791,0.77239874189445
214,1291,0.132708577312843
214,1589,0.693376992287628
214,2266,-1.31750374594833
214,2407,0.644258175597576
214,2544,-0.340952312868718
214,2545,-0.17801896429362
214,2793,-0.31585608074475
214,3021,-0.2221883591048
214,3297,0.172971823437772
214,3331,-0.850147254260717
214,3639,-0.874225389641649
214,3787,-0.453585455677396
214,3901,0.662966908179803
214,3944,0.571704170890391
215,216,-1.41320084381481
215,217,-1.10625187651541
215,221,-0.543563659842575
215,224,-0.675624065815471
215,228,0.14983826150842
215,258,-1.17914177933812
215,989,-1.5840369329394
215,1265,-1.50336789419291
215,1569,-1.27881646179822
215,2043,-0.559427543176663
215,2076,-0.409780409464066
215,2153,-0.0841855460617837
215,2240,-0.755402499553883
215,2277,-1.74469312732582
215,2418,-1.41440692095947
215,2533,-0.0984560929728988
215,2725,-1.47590967739206
215,2875,-0.851612275061742
215,3098,-0.631334955591194
215,3413,-1.14357702183229
215,3562,-0.489619878527585
216,222,0.711865184188378
216,223,0.409261172727682
216,224,0.737576777999343
216,225,1.15602148914058
216,229,1.44672478537359
216,243,-0.832527716294055
216,584,-0.306772165763017
216,650,-0.766029626658315
216,734,1.16306599733271
216,820,-0.463250121512923
216,1569,0.134384382016594
216,1891,0.203130799455243
216,1996,0.242598076564913
216,2048,-0.418799805826972
216,2874,0.418997156474516
216,2882,-0.204886224381387
216,3068,-1.37342028601179
216,3320,1.61585012066268
216,3449,0.843374418142594
216,3496,0.588728488620359
216,3866,1.22187626317359
216,3992,0.668835868628998
217,219,0.455187130148306
217,221,0.562688216672838
217,225,0.849072521841175
217,226,-0.43078813911735
217,230,-0.0267746036344028
217,326,0.0056065825846532
217,509,-0.533398053079346
217,949,0.105095377524335
217,1873,0.334006838390601
217,2494,1.38494828905906
217,2612,-0.1695175384769
217,2736,0.0485280406156321
217,2886,0.771965228460967
217,3074,0.172476128172696
217,3157,0.444147533348868
217,3167,-1.48446052598248
217,3521,-0.646805110479093
217,3552,0.357723720588855
217,3820,-1.54705865154356
218,219,1.14323680943755
218,220,2.10823028890848
218,224,1.11867748998919
218,227,1.69355479902405
218,229,1.82782549736343
218,231,0.941868503158882
218,240,0.553192770974036
218,705,0.262082008436596
218,803,-0.546475417441773
218,874,2.47216403545958
218,1373,1.13395759311795
218,1903,0.599447709127252
218,2377,0.687060040513322
218,3345,0.695565902364128
218,3610,0.686110338946342
218,3932,0.274904155283935
218,3980,0.442663850646799
219,221,0.107501086524533
219,223,-0.352874924720024
219,230,-0.481961733782708
219,392,0.878182972206804
219,398,-1.14829095571297
219,917,-0.863282049987779
219,1111,0.220439971229449
219,1133,1.32901350809779
219,1401,0.505651317890383
219,1403,1.50352199966507
219,2400,-0.396856256667192
219,2450,-0.102499738125643
219,2554,-0.316992018230236
219,2639,-0.0379700482948243
219,2984,-1.71818700464466
219,3017,-0.631544935417438
219,3158,1.19155866156559
219,3236,0.311642901093223
219,3292,0.674430957969198
220,221,-0.857492392946394
220,229,-0.280404791545041
220,230,-1.44695521325364
220,231,-1.16636178574959
220,354,-1.17070674155862
220,513,-0.687995096583896
220,756,-0.51169456064932
220,841,-0.86527133252305
220,899,-1.98309590316527
220,1111,-0.744553508241478
220,1284,-0.849735844529597
220,1396,-1.21347171879037
220,1586,-1.21503561502969
220,1696,-2.93820911581058
220,1939,-0.685271193161383
220,2345,-0.547304763020318
220,2498,-1.84151296101085
220,2544,-1.45808395305292
220,2980,-1.94627984823955
220,3047,-1.61956071209936
220,3096,-1.01297790744013
220,3137,-0.439345474970037
220,3160,-2.33400637523242
220,3194,-2.31225124869375
220,3236,-0.653350578377705
221,223,-0.460376011244557
221,226,-0.993476355790188
221,229,0.577087601401353
221,231,-0.3088693928032
221,233,-0.750199202150014
221,234,-1.09134524561011
221,306,0.0087544395204174
221,432,-0.549732125266281
221,499,-1.15572168603087
221,717,-0.0423010192132353
221,981,0.208527992920945
221,1342,-1.18605926182236
221,1490,-0.637162354670855
221,1613,-0.234457840725645
221,1668,0.59419048209468
221,2009,-0.264064467778806
221,2449,-0.59708367300466
221,3193,-0.85628033988784
221,3244,-0.24850277815837
221,3948,0.217916418129803
221,3997,-0.658872467300633
222,229,0.734859601185214
222,232,0.11566370470328
222,234,-0.933573245826251
222,587,1.12425882263255
222,819,0.508501174160911
222,961,0.604096790175838
222,1304,-0.953013061879797
222,1558,-0.0929971428360129
222,1590,0.173122601617378
222,1804,0.361196978826224
222,2048,-1.13066499001535
222,2262,-0.188699827895522
222,2350,0.427308502116162
222,2353,-0.32742798830365
222,2823,-0.42364314650548
222,3082,0.226778593311722
222,3485,-0.549069931602196
222,3508,-0.574020353450974
223,228,1.15377793259555
223,230,-0.129086809062684
223,231,0.151506618441357
223,232,0.418267716163976
223,235,0.621472399095579
223,236,-0.194566048480254
223,340,0.285629759003657
223,393,0.735948491712445
223,1015,0.201989095822136
223,1061,1.03906719106496
223,1578,-0.268332955857628
223,2061,0.445613534828982
223,2120,-0.615129995816483
223,2227,-0.0783542429611676
223,2245,-1.04599335573326
223,3137,0.878522929220915
223,3412,1.0627203438066
223,3766,0.535919523888981
223,3770,-0.729940205067921
223,3830,-0.0130474224248389
223,3883,-0.340101011251782
224,225,0.418444711141233
224,229,0.709148007374249
224,230,-0.457402414334345
224,231,-0.176808986830304
224,235,0.293156793823918
224,236,-0.522881653751915
224,237,-0.776279313418414
224,238,-0.223650818390952
224,1116,0.82637529322491
224,1253,-0.720402548739742
224,1302,-0.631029459005334
224,1470,-0.276928715423002
224,2212,0.094993585225273
224,2867,-1.31378238686996
224,3027,0.216898331130607
224,3261,0.0477966680594862
224,3342,-0.143319607237374
224,3670,-1.47209277015947
224,3832,-0.0476596043244897
224,3975,-0.765883908114467
225,226,-1.27986066095852
225,227,0.15643259789363
225,232,-0.328492600248918
225,233,-1.03658350731835
225,234,-1.37772955077845
225,237,-1.19472402455965
225,238,-0.642095529532185
225,287,1.00958927907354
225,342,-0.0980181461060963
225,670,0.194156089425895
225,1146,-0.710077495163689
225,1325,-0.609593515036005
225,1389,-1.40311171114713
225,2003,-0.735179713630174
225,2242,-1.15316611395361
226,228,1.68687827714118
226,229,1.57056395719154
226,231,0.684606962986988
226,233,0.243277153640174
226,236,0.338534296065377
226,238,0.63776513142634
226,239,0.702464119960066
226,969,1.33292959998254
226,1077,0.0344557974308139
226,1096,0.719937172893802
226,1157,-0.594701301180815
226,1282,2.05860845878802
226,1509,0.500388012260826
226,1593,0.327144703144237
226,1599,0.853330506557557
226,2040,0.198672199678746
226,2240,0.78163751607888
226,3011,0.474862349357855
226,3410,0.705655985459857
226,3495,1.42392799930401
226,3776,-0.384449946775367
226,3923,0.471921537512302
227,229,0.134270698339386
227,232,-0.484925198142548
227,233,-1.19301610521198
227,240,-1.14036202805001
227,261,-0.0322572480436133
227,737,-0.589888429552125
227,1172,-3.18924995543113
227,1303,-0.727919480423763
227,1388,-1.46325912301895
227,1389,-1.55954430904076
227,1559,-1.03964393368563
227,1927,-1.47764445654862
227,1964,-1.21935219681344
227,2108,-1.18400259448156
227,2944,-1.60956494713332
227,3059,-1.70111246947049
227,3252,0.343625144736878
227,3301,-0.755860598657533
227,3604,-1.42824279366115
227,3761,-1.36750355244905
228,230,-1.28286474165824
228,232,-0.735510216431575
228,237,-1.6017416407423
228,241,-1.33643490721964
228,301,-1.5256010621198
228,498,-1.38757092684838
228,520,-2.38663447701365
228,641,-0.895765968528617
228,778,-1.28588887097529
228,1028,-0.952935819723994
228,1054,-0.567206947390508
228,1142,-1.25609095560012
228,1226,-1.83942634591503
228,1725,-0.100882026488523
228,1751,-0.900534519425384
228,1929,-0.283491669921946
228,1975,-0.0740998144206363
228,1977,-1.3722506405832
228,2461,-0.982727759497055
228,2507,-1.59868320663819
228,2620,-1.66436783175874
228,2649,-0.49238978233493
228,2727,-1.14440541839065
228,2736,-1.2075620974082
228,2981,-0.634609486924423
228,3038,0.511401863936011
228,3115,-1.42633706893131
228,3670,-2.29755509748336
229,232,-0.619195896481934
229,233,-1.32728680355137
229,234,-1.66843284701147
229,241,-1.22012058727
229,638,0.377614435427719
229,815,-1.51746939443033
229,1037,-1.4626562215467
229,1116,0.117227285850661
229,1188,-0.731206713250047
229,1271,-0.36753186845378
229,2220,-0.820429161372839
229,2431,-0.631460549194596
229,2476,-0.880475188958419
229,2580,-0.64394678550645
229,3085,-2.35743952911473
230,236,-0.0654792394175697
230,237,-0.318876899084069
230,239,0.298450584477119
230,241,-0.0535701655614026
230,242,0.913560577383939
230,243,-1.11270207995905
230,248,0.601967475659917
230,400,0.908991340520663
230,461,0.803921631546599
230,508,0.0482252708736247
230,591,-0.219346152623139
230,1094,0.187281044708626
230,1209,0.352918174437045
230,1360,0.315886325703662
230,1618,-0.521875794641561
230,1629,0.846284897072538
230,1698,0.951179691889207
230,1857,-1.42547604848704
230,2009,0.325398352528435
230,2071,0.0156434491001187
230,2159,0.0841279027575675
230,2356,-0.507658076023846
230,2426,0.421834795925426
230,2746,1.42804848986494
230,3272,0.667943144335943
230,3409,0.741677192938277
230,3822,0.15019313207348
230,3902,-0.0291498935731197
230,3910,1.35331200025087
231,234,-0.782475852806912
231,235,0.469965780654222
231,241,-0.334163593065444
231,378,0.317516572865407
231,550,-1.20144494710686
231,560,-0.395254556101401
231,656,-0.261128715454669
231,678,-1.0063407828541
231,992,0.106379720931692
231,1287,0.407412987252639
231,1414,0.201056269087198
231,1453,-0.0963954223603191
231,1466,-0.709160341541659
231,2751,-0.364544927249028
231,2883,0.593004661067215
231,2896,0.134668505751287
231,3013,-0.146862761251506
231,3086,0.289328183331167
231,3331,-0.80091710869532
231,3916,0.694957079126972
232,233,-0.708090907069433
232,235,0.203204682931603
232,237,-0.866231424310729
232,331,-0.710085575009938
232,709,-0.983980034331387
232,760,0.292601651011075
232,1244,0.376161345231119
232,1545,-0.202805002230792
232,1908,0.67430862996979
232,2309,-0.125101441909868
232,2695,-1.06084706354722
232,3011,-0.476505711351752
232,3027,0.126946220238292
232,3061,-0.014474056894853
232,3115,-0.690826852499733
232,3256,0.416281433134874
232,3264,-0.953254194528128
232,3450,-1.14980989383993
232,3649,-0.303082174268832
232,3717,-0.30285046503565
233,241,0.10716621628137
233,242,1.07429695922671
233,243,-0.951965698116281
233,306,0.758953641670431
233,958,0.843730520351641
233,971,0.238855292435573
233,1306,1.20226986676617
233,1646,0.862918555599568
233,1687,0.0236460301532453
233,1949,0.552325038129948
233,2001,-0.158033575210705
233,2263,0.220687407134329
233,2663,-0.0211251652916866
233,2828,1.17544135880779
233,3102,0.721677121172672
233,3291,1.01228390705437
233,3307,0.153094510961202
233,3324,0.332204034127635
233,3667,-0.714820960318576
234,235,1.25244163346113
234,237,0.183005526218802
234,241,0.448312259741468
234,415,1.04872835695564
234,491,0.219587350073198
234,549,1.28627676146329
234,744,0.622506161930212
234,1275,-0.381506486771673
234,1691,-0.870995913712112
234,1767,1.5393633527023
234,1773,-0.218553786674697
234,1981,0.413242170656909
234,2280,2.15782513234002
234,2662,1.461767352437
234,2959,-0.542520014458187
234,3040,-0.002960344879233
234,3213,-0.501649959376987
234,3307,0.4942405544213
234,3308,0.96300942865368
234,3446,-0.238515567737975
234,3590,1.13789621738029
235,259,0.342924120902567
235,489,-1.15070410471268
235,1299,-1.77348391592792
235,1359,0.696837619126364
235,1382,-1.57615557014604
235,1985,-0.291406453609121
235,2131,-0.205206172357021
235,2146,0.215107261052703
235,2152,-1.75685088925535
235,2168,-0.464579281299647
235,2604,-1.6780965943134
235,2871,-0.41806317144916
235,2906,-1.81545779378796
235,2996,-0.674490660822919
235,3214,0.681239119326302
235,3392,0.069544515975586
235,3714,-1.24167555975029
235,3726,-0.525739442958491
236,238,0.299230835360963
236,239,0.363929823894689
236,243,-1.04722284054148
236,737,0.507870533234653
236,806,-0.252271173540624
236,924,-0.711691677385437
236,1178,-0.102038144759585
236,1186,2.52242056210408
236,1624,0.740062131360879
236,1701,0.0219963519435041
236,1737,-0.402688039421801
236,1740,0.151149621677899
236,1910,-0.48452977170616
236,2346,-1.15093056528381
236,2691,0.198294323937827
236,2820,0.566918839502724
236,2945,0.374248683471411
236,3247,-0.4529131252145
236,3339,0.828132950035168
236,3516,-1.12039522561588
236,3669,0.655281941607254
236,3831,0.986905182574299
236,3874,0.76523193190594
237,238,0.552628495027462
237,240,0.210794594403264
237,241,0.265306733522666
237,245,-0.245141474548091
237,247,1.38056297625265
237,248,0.920844374743986
237,249,-0.409501969384516
237,250,0.159237237851533
237,316,0.386123416702054
237,843,0.885848360427813
237,1987,0.137955494302915
237,2284,0.760159589870259
237,2286,-0.318306979639056
237,2377,0.34466186394255
237,2805,-0.0398274956454123
237,2925,-0.57656814731979
237,3383,0.445760806292666
238,239,0.064698988533726
238,241,-0.287321761504796
238,244,-0.161628411813477
238,248,0.368215879716523
238,249,-0.962130464411978
238,250,-0.39339125717593
238,255,-0.155089812879287
238,492,-0.317032076613174
238,920,-0.956665040784457
238,1338,0.701475503580924
238,1578,-0.372997742738337
238,1818,-0.515484227065974
238,1869,-0.66077554162304
238,1949,0.157837060343782
238,2474,0.140613434910182
238,2745,0.534934752644401
238,2940,-0.910368353196279
238,3126,-1.12516433509506
238,3278,0.347182166699681
238,3611,-2.10996187080129
238,3637,0.164672991323707
238,3956,-0.551189344184032
239,241,-0.352020750038522
239,244,-0.226327400347203
239,247,0.763235492691458
239,252,-0.497711560705471
239,657,-0.170435451229725
239,1133,1.51252465740338
239,1143,0.632883903179102
239,1201,1.10650515896308
239,1265,-0.668791998520215
239,1542,0.453694350449846
239,1627,-0.551707607630165
239,1771,-1.43716052271972
239,2225,0.102264458742432
239,2390,0.238579531827373
239,2476,-0.0123753517269442
239,2713,0.400796820038366
239,2926,0.505492786815463
239,3598,0.382050758439765
239,3648,-0.228438044461201
239,3784,-1.29994093201168
239,3833,-0.665495498742264
240,242,1.02164288206474
240,246,1.30216921497623
240,247,1.16976838184938
240,250,-0.0515573565517315
240,251,1.66681775180086
240,844,-0.028204911483575
240,930,0.588187035976972
240,1506,1.18487517287966
240,1736,0.960034431194805
240,2070,0.507893996011557
240,2162,0.512916795478648
240,2202,0.724650914251488
240,2512,0.344250207924718
240,2537,-0.166280182782843
240,2566,-0.404518400549536
240,2722,-0.779860392382179
240,2995,-0.123851583444357
240,3097,1.03935548185923
240,3381,0.180584631649672
240,3435,0.452005529353493
240,3463,-1.27294000986522
240,3624,0.619132131523916
240,3858,0.180190861523591
240,3942,0.433341277246888
240,3951,-1.17920666657049
240,3977,0.217218053547028
241,243,-1.05913191439765
241,245,-0.510448208070757
241,246,1.24765707585683
241,248,0.655537641221319
241,249,-0.674808702907182
241,294,0.339861097885482
241,367,-0.111797100457328
241,372,-0.925621836441999
241,534,-0.364953223129398
241,1166,0.202591240855971
241,1864,0.368006580269566
241,2170,-0.268289213877153
241,2328,-0.482960768590463
241,2619,-0.0168474312781793
241,3287,0.541008452833424
241,3514,-0.188292080959243
241,3952,0.977188518081575
242,244,-0.841437393254022
242,247,0.148125499784638
242,248,-0.311593101724022
242,249,-1.64193944585252
242,476,-1.27350845225225
242,1123,-1.87386094439869
242,1959,0.0483228560261392
242,1971,-0.518917883453311
242,2064,-0.250823939202586
242,2113,-1.44613129814682
242,2286,-1.55074445610706
242,2412,-0.97096500015243
242,2432,-0.791131820574758
242,2927,-1.26908739602351
242,2996,-0.837492030048594
242,3001,0.536824565173356
242,3166,-0.59428960542239
242,3330,-0.0744383675620605
242,3392,-0.0934568532500892
242,3462,-0.595726021877433
243,250,0.953062418726517
243,251,2.67143752707911
243,253,0.467601734623698
243,254,0.404384797270807
243,255,1.19136386302316
243,474,0.994774773345798
243,570,1.04728480622464
243,695,2.17390156649155
243,774,-0.769899265982097
243,1129,0.900145277911068
243,1189,0.531185934293198
243,1338,2.04792917948337
243,1469,1.06415061520134
243,1697,1.13673617746717
243,2491,0.741223596316413
243,3773,1.57238921105888
244,246,1.12196372616551
244,247,0.98956289303866
244,249,-0.800502052598501
244,250,-0.231762845362453
244,251,1.48661226299014
244,253,-0.717223529465272
244,255,0.0065385989341891
244,256,0.22284932789868
244,257,-0.0270943261009629
244,276,1.30094947955896
244,766,0.556916793823141
244,1398,-0.524687713143804
244,1426,0.600220038233065
244,2077,-0.374352643806118
244,2316,-1.59963755509749
244,2634,-0.52114573889005
244,2672,0.429498253870832
244,3825,0.707251364211281
245,248,1.16598584929208
245,250,0.404378712399623
245,252,0.364757397403808
245,256,0.858990885660756
245,257,0.609047231661113
245,346,1.44127894499758
245,497,0.0240588067832604
245,597,1.66197645765824
245,682,1.45564137899884
245,1233,0.549470017541296
245,1353,0.379327520066834
245,1729,0.161356713463032
245,2011,1.43207709820063
245,2524,0.481621426697232
245,2883,1.43761646220342
245,3477,0.723024337593613
245,3990,-0.838392870441142
246,247,-0.132400833126852
246,250,-1.35372657152797
246,316,-1.12684039267744
246,398,-1.86041613222569
246,553,0.628964028282647
246,717,-0.646925109201423
246,882,-0.846262381680046
246,1055,-0.106747488108151
246,1063,-0.748472648770273
246,1123,-2.15438727731018
246,1212,-0.47694580924979
246,1293,0.0219605893379866
246,1382,-2.0196832722832
246,1387,-0.226583589236696
246,1652,-0.47833581101399
246,1690,-1.35364481700304
246,2068,-1.41287586130299
246,2205,-1.94459093667422
246,2220,-0.847965649959674
246,2284,-0.752804219509239
246,2446,-1.95141374376969
246,2649,-0.403611950972123
246,2704,-1.33905053292506
246,2810,-2.13167665862916
246,2897,-1.18969889904366
246,2997,-0.220919538595768
246,3020,0.128238204897736
246,3035,-0.945837844525604
246,3836,-2.51229946440891
247,248,-0.45971860150866
247,249,-1.79006494563716
247,254,-1.77000335985682
247,258,-1.10780137635688
247,259,0.0317972518922536
247,804,-1.1722616877291
247,1144,-0.350593708023385
247,1217,-1.58312968809264
247,1424,-1.26605595036967
247,1517,-2.50183206398575
247,1584,-0.923033250374791
247,1647,-1.16557956507565
247,2104,-0.436721831409416
247,2133,-0.773254930365321
247,2453,-0.486988837561289
247,2561,-0.676403898081139
247,2679,-0.588545248582846
247,2915,0.0973439245430732
247,2922,-0.331602498575185
247,3197,-0.135350087360103
247,3207,-2.05908694404449
247,3337,-0.657720473789489
247,3668,-1.59366115652891
247,3968,-3.53193686974673
248,253,-1.24706782099527
248,255,-0.523305692595811
248,256,-0.30699496363132
248,259,0.491515853400914
248,261,0.398054999665678
248,746,0.167258618769531
248,815,-0.952886448381652
248,957,1.27706176546093
248,997,0.627739582757184
248,1105,0.0025885878081844
248,1317,0.0177475628800847
248,1807,-1.88546038008562
248,1968,-0.804896576410592
248,2000,0.263408683165622
248,2174,-1.46055008054015
248,2194,-0.342981905675231
248,2850,-0.668788666723133
249,250,0.568739207236049
249,252,0.529117892240233
249,254,0.0200615857803386
249,255,0.807040651532691
249,259,1.82186219752942
249,337,0.98181005494992
249,810,1.69932489459032
249,1012,0.686806852126469
249,1321,1.21621382432446
249,1508,0.416304562774367
249,1794,0.246626365961005
249,1864,1.04281528317675
249,2232,1.24747636067126
249,2347,1.51851388271755
249,2415,0.500880221815236
249,2550,0.637570436597548
249,2747,1.32684105719433
249,2808,0.824793368105508
249,3026,0.375445592616199
249,3505,1.62365195151965
249,3537,0.70519405543063
249,3704,-0.174492929794572
249,3924,0.62193289356284
250,252,-0.0396213149958153
250,258,0.113524362044233
250,259,1.25312299029337
250,742,0.524371821852672
250,878,0.0373046692582636
250,1051,0.730134665813244
250,1301,-0.215575371200001
250,1312,0.60141201182489
250,1385,-1.56379052419742
250,1408,0.371726997062232
250,1617,0.0527978859418413
250,1771,-0.979070277010067
250,1875,-0.528356994461835
250,2616,0.374555776933545
250,2664,0.801198342989028
250,2707,0.0360855433980846
250,2710,0.730748089270024
250,2811,-0.436541156158427
250,2901,0.0686639219653801
250,3047,-0.01296583761319
250,3085,-1.0312494461736
250,3096,0.593616967046047
250,3127,0.411317301118165
250,3168,-0.546854259898595
250,3220,-0.149208196766076
250,3540,0.27127312852682
250,3797,2.08722886187068
251,264,-1.542418269807
251,368,-1.98667805111639
251,397,-1.61873933858488
251,618,-1.31641244680794
251,814,-1.59235042372263
251,821,-0.67592997630447
251,1118,-1.05971789399679
251,1201,-0.153779703679854
251,1709,-1.56867657524118
251,1712,-2.10492502352355
251,1759,-2.13203406571617
251,1944,-1.76510093231153
251,2000,-0.693359288294515
251,2085,-1.47049381263626
251,2267,-0.355058543314333
251,2579,-1.65156382388043
251,2918,-1.41119489223604
251,3302,0.389772894323893
252,254,-0.509056306459895
252,259,1.29274430528918
252,264,0.215578153541405
252,277,1.49384895626197
252,610,-0.0717193212180162
252,616,0.406611014480324
252,751,0.505442782766097
252,995,-0.280106864004125
252,1387,1.16676429728709
252,1404,1.07799175972199
252,1416,0.669168712074814
252,1474,2.47354997421669
252,1684,-0.852085812244845
252,1761,0.265074822883981
252,2725,-0.143622221013896
252,3154,-0.238329393846752
252,3163,-0.83543715776368
252,3297,0.702056372735562
252,3388,-0.323174802864119
252,3938,0.475292813115363
253,254,-0.0632169373528911
253,256,0.940072857363952
253,260,1.15388616636508
253,262,0.62729415140985
253,264,0.661417522648408
253,552,1.66966014449643
253,665,0.356302105611059
253,821,1.52790581615094
253,987,1.18371161553196
253,1019,-0.332900290817053
253,1102,0.735342313686441
253,1141,1.5226368685692
253,1858,0.664213487002917
253,1928,0.511801995737506
253,2160,0.959595842735643
253,2959,-0.399302094425703
253,3151,-0.676583839443406
253,3727,0.976416794683456
254,257,0.7533461407172
254,258,0.662201983499943
254,259,1.80180061174908
254,266,-0.198016862467525
254,437,1.21545479989297
254,551,2.19587029947791
254,732,2.3897498765285
254,1233,0.693768926597383
254,1318,1.17874009568177
254,1565,1.22047796166086
254,2296,1.6392030698228
254,2297,-0.185486074107269
254,2377,0.734102247546728
254,2494,2.12004017538171
254,2533,1.74288766986516
254,2685,1.82811610432719
254,2792,1.69604147487506
254,2925,-0.187127763715613
254,3110,1.93825081878218
254,3694,1.27513730000053
254,3964,0.549875264295788
255,257,-0.0336329250351521
255,263,0.0985075722501414
255,265,-1.49664580643365
255,538,0.0204583680415303
255,676,0.129234377315685
255,708,-0.155043659710678
255,1108,0.666567433602905
255,1335,-0.246706199087674
255,1857,-1.50413783155115
255,1889,-0.387901404303165
255,2183,-0.803614057701929
255,2384,-0.491546485887702
255,2559,0.140813245899797
255,2634,-0.527684337824239
255,2716,-0.685433819324384
255,2878,-0.343499353503158
255,3062,-0.419571153354756
255,3115,-0.222134110337179
255,3402,-1.19405707329458
255,3410,0.222980666912805
255,3465,0.49534567048523
255,3497,-0.294244238841808
255,3511,0.690853835620123
255,3662,0.119837328831304
255,3984,0.730983028455376
256,259,0.798510817032234
256,262,-0.312778705954102
256,263,-0.11780315671435
256,265,-1.71295653539814
256,424,0.0287631789290025
256,1065,-1.85870829050521
256,1186,2.16196881065792
256,1294,-0.112831776069767
256,1736,0.556979614485404
256,2120,-0.781015698782395
256,2324,0.16529059446719
256,2354,-0.0809061220269
256,2865,-0.482507471083172
256,2992,-0.260209076289499
256,3182,-0.409720309277557
256,3290,0.422024256062038
256,3557,-0.516908225104215
256,3635,-1.18698950990516
256,3802,-1.48695768153604
256,3823,-0.168684506913522
257,259,1.04845447103188
257,263,0.132140497285293
257,264,-0.0287116807159005
257,283,-0.41003719463494
257,320,0.133237940278667
257,538,0.0540912930766824
257,585,-0.0166866333020194
257,625,0.346845116322921
257,709,-0.48165436713368
257,809,1.63549422384162
257,1189,-0.626545003694809
257,1375,1.0046982779343
257,1391,1.29059917191008
257,1625,0.81031297667713
257,1864,0.26940755667921
257,2348,-0.457640148398447
257,2456,0.315818070312356
257,2687,0.219968475090408
257,2739,-0.296863057487255
257,2801,-0.764062331742048
257,3412,1.14677829484033
257,3470,0.555926206422502
257,3533,-0.231092270516337
257,3868,0.242051014595734
257,3911,1.30669356263119
258,259,1.13959862824913
258,264,0.0624324765013564
258,269,0.798312510553258
258,270,0.605732976423838
258,339,-0.0431085260068378
258,784,0.622275608335267
258,978,-0.647455020399697
258,1157,-0.952599537475459
258,1888,-0.367346937056424
258,1968,-0.156813801562372
258,2049,0.166560548778241
258,2379,0.180604393583849
258,2567,1.10264472522958
258,2577,0.404451920011807
258,2606,1.03220081040133
258,2950,-0.152617901317163
258,3280,-0.596444579290474
258,3285,-0.396736360766793
259,260,-0.584697508031106
259,263,-0.916313973746584
259,264,-1.07716615174778
259,265,-2.51146735243038
259,266,-1.9998174742166
259,267,-1.52352364077705
259,268,-0.0280897221267069
259,271,-0.853054380441142
259,583,-0.150774170965855
259,752,-0.181899849464499
259,973,-1.0385888465381
259,1233,-1.10803168515169
259,1643,-1.30379107993409
259,2045,-1.19388888360278
259,2496,-0.595513216100781
259,2559,-0.874008300096927
259,2604,-2.02102071521597
259,3088,-0.977455395572246
259,3309,-0.419062978271095
259,3910,0.259828671190041
259,3927,-0.864777125173812
260,263,-0.331616465715478
260,271,-0.268356872410036
260,272,0.151850924377734
260,375,0.006905127636021
260,522,-0.864311467198527
260,1250,-0.489908807863313
260,1293,0.707261678603691
260,1626,0.545408570659468
260,1992,-1.77488535188549
260,2148,0.192167042211547
260,2465,0.257820462855271
260,2551,-0.153747532599816
260,2609,-0.0108965327223248
260,2617,0.460977615631213
260,3311,0.17330227859392
260,3792,-0.468997123738938
260,3917,1.19864293907139
260,3936,0.310334417431479
261,263,-0.822853120011348
261,264,-0.983705298012542
261,266,-1.90635662048137
261,271,-0.759593526705906
261,273,-0.601969886341921
261,390,-0.113860784125373
261,576,0.210187279092972
261,1187,-0.643262142864419
261,1857,-2.42549852381264
261,1969,-0.374800124205615
261,2227,-0.949289909224078
261,2369,-0.715717503054983
261,2614,-0.108992159387863
261,2742,0.382715979547365
261,2905,0.0983595489957109
261,2928,0.145504984482426
261,2933,-0.893010160114191
261,3180,-0.164518728096262
261,3389,-1.83785598728528
262,263,0.194975549239752
262,264,0.0341233712385581
262,265,-1.40017782944404
262,268,1.08319980085963
262,269,0.77000340529046
262,311,0.893981746250607
262,463,1.64820276204428
262,600,0.182850873793136
262,610,-0.253174103520863
262,648,1.54076150031698
262,894,0.285923731541709
262,947,0.636075985635276
262,1134,-0.342709505387346
262,1588,0.0586546430557597
262,1925,-0.991534866196146
262,1963,-0.508275109590361
262,2007,1.41538181630647
262,2021,1.98147892746246
262,2405,0.0165482158761936
262,2584,-0.506525134852782
262,2739,-0.234028005532797
262,3009,-1.964598689773
262,3149,0.115352770468031
262,3416,-0.571657058581627
262,3797,1.94539539456365
263,270,0.382448321921288
263,271,0.0632595933054416
263,275,0.55930295488554
263,276,1.19590330837463
263,409,-0.602119587716251
263,532,-0.798773381751832
263,594,0.243629477865685
263,651,-0.0944004646596053
263,1647,-0.281062843221316
263,1713,1.03273628556422
263,2105,-0.728953529395276
263,2796,0.451491081289412
263,2873,0.32164082900483
263,3251,1.39150409057278
263,3584,0.286604928260562
263,3661,1.1248707558533
263,3834,0.115693105808207
263,3981,0.544719443612496
264,267,-0.446357489029269
264,271,0.224111771306636
264,276,1.35675548637583
264,277,1.27827080272057
264,743,0.127788350491253
264,797,0.595606542508942
264,882,0.33150735130233
264,1443,0.979386624002249
264,1453,0.167880827830669
264,1458,0.0337394018862836
264,1543,0.569548697764079
264,1658,0.669074345842765
264,1758,-0.837954460527259
264,2019,0.469715277510832
264,2059,0.100412163486574
264,2183,-0.741269451950876
264,2338,0.827994870407257
264,2687,0.248680155806308
264,2719,-0.279645294154249
264,2974,-0.475058747950263
264,3151,-1.33800136209181
264,3285,-0.45916883726815
264,3320,1.31935857968463
264,3608,1.05426952333051
265,273,1.81603661235322
265,274,1.40508505890332
265,275,2.15445633356933
265,777,0.799070650387998
265,1045,2.34629311015062
265,1172,-0.738986208692378
265,1236,1.25416760694793
265,1266,1.57032585262046
265,1278,2.78239397899205
265,1289,2.88252563838857
265,1326,1.43399839755869
265,1364,2.03194440404627
265,1418,2.22182418504673
265,1438,2.26906502822918
265,1440,1.71169982950494
265,1625,2.27332585807563
265,1662,2.09958686461765
265,2032,2.35913149460447
265,2067,1.76865353837843
265,2190,0.139402576167295
265,2837,0.49265331619337
265,3083,2.07710508279055
266,270,1.46595182239131
266,278,0.919271710460661
266,279,1.1317816001554
266,370,0.359740132471453
266,584,0.319387615727756
266,707,-0.354169159546679
266,996,0.218582783141029
266,1413,0.626974586482934
266,1517,-0.533811841661404
266,1581,1.71065495823001
266,2802,-0.188709722796773
266,3083,1.56545520457677
266,3162,0.270311140144006
266,3335,1.91595562246943
266,3581,2.44936327642684
266,3794,0.601056383210035
267,270,0.989657988951751
267,271,0.670469260335905
267,272,1.09067705712368
267,273,0.82809290069989
267,277,1.72462829174984
267,279,0.655487766715844
267,1101,0.410903670806248
267,1154,-0.0205493341868563
267,1185,-0.0042587113135406
267,1361,0.525589847924062
267,1376,2.53781823189723
267,1616,0.659410112091898
267,1669,1.87837331224499
267,2289,-0.141051939650159
267,3007,0.445565309890486
267,3367,0.900747087526699
267,3368,1.27465697883407
267,3748,0.906921652403196
267,3929,-0.0542098225017773
268,270,-0.505775929698589
268,272,-0.404756861526665
268,273,-0.66734101795045
268,431,-1.15843574846661
268,763,-1.94074065793623
268,793,-0.462790116828076
268,916,-1.18792603635826
268,921,-0.854040838686743
268,1135,-0.63986493526362
268,1882,-1.77581233805179
268,1909,-0.987908605576248
268,1977,-1.15477950585909
268,2180,-0.346157318246341
268,2385,-1.33615687116842
268,2504,-0.522175106949496
268,2603,-0.845917940033979
268,3107,-0.0290085801869659
268,3354,-0.369829823780984
268,3583,0.211072765510331
268,3930,-0.720650182303748
268,3957,0.0287009094910681
269,271,-0.511768262745266
269,272,-0.0915604659574955
269,277,0.542390768668665
269,279,-0.526749756365327
269,281,0.147041406687422
269,322,-0.11679294683798
269,374,-1.29501426428448
269,440,-0.196395005754049
269,473,-0.0242881195560391
269,579,-1.10552101768934
269,612,0.540039753250802
269,682,0.139425794001729
269,1001,-1.16860027781414
269,1107,-0.782381833138159
269,2443,-0.779135278315818
269,2476,-0.466121978614779
269,2660,-1.36584093268243
269,3181,-0.96813917892799
269,3345,-0.717906384655668
269,3462,-0.434362655858449
269,3575,-1.99271685764679
269,3810,0.0760811782966078
269,3898,-0.0554866049966001
269,3932,-1.13856813173586
269,3986,0.216639099907018
270,272,0.101019068171924
270,277,0.734970302798085
270,278,-0.546680111930646
270,281,0.339620940816842
270,282,0.279997902144714
270,283,-0.924626013841521
270,372,-1.53880967923894
270,1045,0.368691409545542
270,1336,-0.104994491456256
270,2151,-0.457477223872785
270,2386,0.263162348450027
270,2554,-0.394647961683063
270,2618,1.06164083365691
270,2779,-0.683079086798653
270,2791,0.111661550407157
270,2809,-0.0096290470053156
270,2870,-1.36658800738906
270,3414,-0.654481304279013
270,3487,-0.432860661837358
270,3956,-0.877055425476174
271,277,1.05415903141393
271,283,-0.605437285225675
271,342,0.537400030749793
271,678,-0.96617630396975
271,767,-0.887868546275553
271,934,-0.513992133491282
271,1224,0.620391221886543
271,1285,0.277976865473383
271,1609,0.0886617389986789
271,1917,-0.684230593587857
271,2772,-0.75499552596512
271,3083,0.418692110801309
271,3297,0.262366447887522
271,3371,0.977991213488782
271,3459,0.174667715567585
271,3529,0.304979893272764
271,3589,-0.0028710629029512
271,3926,0.502562249493417
272,273,-0.262584156423785
272,278,-0.64769918010257
272,280,-1.37074536101669
272,283,-1.02564508201345
272,341,0.0428097042707206
272,471,-0.375274654486032
272,521,-0.081647447806918
272,703,-1.24033560352404
272,711,-0.170059433210957
272,855,0.656115649582121
272,1374,0.24233137384192
272,1505,-1.71467075156161
272,1561,0.330711269806124
272,1832,-1.3484186759741
272,2086,0.215612101761654
272,2435,-1.6933793310431
272,2644,-0.32969973998514
272,2862,0.577614959414396
272,3249,0.250522663457791
272,3906,-1.29599563313256
273,274,-0.410951553449901
273,277,0.896535391049946
273,279,-0.172605133984047
273,280,-1.10816120459291
273,281,0.501186029068703
273,283,-0.76306092558966
273,286,1.10003422041745
273,704,0.741046740851091
273,760,0.441903587254061
273,975,0.0815887338190744
273,1031,-0.996824993239902
273,1452,-0.848461550545551
273,2138,0.429655382826761
273,2251,1.05227403888986
273,2523,0.475015490174593
273,2631,0.294076389349319
273,3079,-0.843811638391698
273,3181,-0.613994556546709
273,3344,0.200845044506343
273,3432,-0.853200164552506
274,275,0.749371274666014
274,277,1.30748694449985
274,279,0.238346419465855
274,282,0.852514543846477
274,284,-1.34091758001791
274,287,1.89833536901535
274,735,-0.769745828775818
274,845,-0.435774181101269
274,877,0.387794069248811
274,891,-1.82329193897354
274,1065,-1.55083681401039
274,1253,-0.25010116993917
274,1526,1.36192109055541
274,1570,-1.07899247027382
274,2155,-0.265907368475975
274,2172,-0.959526350031507
274,2179,-0.946281053633579
274,2359,-0.319420180736322
274,2542,0.404873126955302
274,3224,0.47842378722642
275,276,0.636600353489094
275,277,0.558115669833833
275,280,-1.44658092580902
275,281,0.16276630785259
275,282,0.103143269180462
275,785,-0.0457228375742233
275,939,-0.166378217209095
275,1033,0.365277891619669
275,1534,-1.14109951891912
275,2307,-0.585969945711859
275,2455,-1.38671105253207
275,2561,-0.351190131112349
275,2664,-0.0949136284432957
275,3226,0.555294124170109
275,3395,0.182762389193797
275,3570,0.618940714658857
275,3675,0.679569762310827
275,3977,-0.627336561333564
276,278,-1.36013509838399
276,284,-2.72688920817302
276,285,-2.48521217847579
276,561,-1.33359656479244
276,562,-1.35513995454277
276,788,-1.94283064887146
276,1376,0.734705256492136
276,1594,-0.451621467022056
276,1665,-0.567387821543685
276,1920,-0.477560085590571
276,1975,-0.164307736451281
276,2225,-0.97235762046933
276,2398,-1.31865134125689
276,2670,-1.95581921258406
276,3105,1.03052112896974
276,3385,-0.680310227444182
276,3440,-1.33734744320857
276,3476,-0.275609189802868
276,3488,-1.91452595195655
276,3870,-1.62897952284638
276,3913,-1.06977763505139
277,278,-1.28165041472873
277,282,-0.454972400653371
277,283,-1.65959631663961
277,284,-2.64840452451776
277,467,-1.10376632824647
277,1013,-2.56937697740821
277,1043,-0.85323153916633
277,1182,-0.362680889171969
277,1341,-0.230172173957134
277,1468,-1.4047298474779
277,1670,-0.796492317627674
277,1878,-1.0731721090069
277,2412,-1.35199240280211
277,2813,-0.903044579538628
277,2905,-0.196205955712314
277,2931,-0.913432776024555
277,3127,-1.04291034014799
277,3222,-1.02113820641287
277,3869,-1.62042636795613
277,3978,-1.02191721657503
278,285,-1.12507708009179
278,286,1.48514924409624
278,288,0.278264675035457
278,290,0.484471536457377
278,350,2.24660877343602
278,520,-1.11670730066031
278,649,0.323014161593189
278,712,-0.344413743979307
278,1038,-0.3907835613561
278,1099,0.570944514392508
278,1174,-0.486449326176405
278,1343,0.235316153941133
278,1660,-0.689911280810351
278,1935,-0.917136192021431
278,1944,-0.219303050496366
278,2019,0.473094889518996
278,2314,0.0038310853939986
278,2464,-0.582160919416839
278,2682,-0.0773933349653917
278,2689,0.0827807849892594
278,3469,-0.20942173369494
278,3536,-0.437469215516148
278,3616,-0.274443609434168
279,283,-0.590455791605614
279,290,0.271961646762639
279,291,-0.0591580142474308
279,792,0.201760168434819
279,905,-0.100773449743102
279,1311,0.370181077512836
279,1707,0.758897981582196
279,2142,-0.0708187115823883
279,2326,0.311901396367548
279,2449,-0.233068307697046
279,2569,-0.697162199223293
279,2945,0.0833219890542132
279,2966,1.23660179557119
279,3071,-0.023878324215425
279,3134,0.81161590979443
279,3299,0.662593831060149
279,3311,0.456640644624018
280,281,1.60934723366161
280,284,-0.643707928874903
280,453,-0.199235787363317
280,495,1.01975299096839
280,965,-1.39445015571186
280,1015,1.04118452049405
280,1244,1.63362448606701
280,1503,1.21776439316743
280,1637,0.709923971014422
280,1659,1.90673549023463
280,2294,1.74008080724526
280,2318,0.345575860497869
280,2447,1.96556822328489
280,2664,1.35166729736572
280,2793,0.724076107933921
280,2995,0.478174727484071
280,3379,0.119988710150692
280,3615,0.476828921220249
280,3703,1.17373098942825
280,3708,1.09098761962448
280,3768,0.699511887922396
280,3807,0.767795187626397
280,3880,0.385268507357554
280,3904,0.271594566869289
280,3952,1.63372696812941
281,284,-2.25305516253651
281,286,0.598848191348748
281,287,0.986197786496741
281,290,-0.40182951629011
281,292,-1.64458272040718
281,458,-0.574972635820765
281,513,-0.140278501382638
281,843,-0.332267156708632
281,1477,0.36086772095718
281,1545,-0.554689095056509
281,1804,-0.106350818702773
281,2095,-1.15972352911691
281,2244,-0.856274242314417
281,2288,-0.463931009358954
281,2636,-0.853903406282107
281,3164,-0.522104689816364
281,3337,-0.495273014673289
281,3499,0.283352117238012
282,284,-2.19343212386439
282,290,-0.342206477617983
282,292,-1.58495968173505
282,293,-0.466082091523152
282,294,-0.55332464705617
282,453,-1.7489599823528
282,504,-0.397921829650615
282,569,-0.503707924214415
282,593,-0.302743497693137
282,676,-0.631719419000458
282,1571,-0.761635234014472
282,2028,-0.603884166455776
282,2415,-1.0671142260336
282,2451,0.353115970017006
282,2566,-1.35221628461059
282,2636,-0.79428036760998
282,2984,-2.0758408502422
282,3190,-0.947891154403541
282,3259,0.104071442703789
282,3558,-0.446617244215671
283,287,2.2504447411551
283,292,-0.380335765748818
283,296,1.64349471197733
283,552,1.38956813576707
283,567,1.16174143745206
283,643,0.778428439503813
283,703,-0.214690521510598
283,1820,-0.956779600388927
283,2086,1.2412571837751
283,2162,0.76984282740383
283,2692,0.380717314334469
283,2816,0.100844004530442
283,3143,0.553876422588814
283,3147,0.679870544307708
283,3361,0.169167763432566
283,3564,0.6944379809298
284,286,2.85190335388526
284,288,1.64501878482448
284,291,1.52010598523633
284,383,1.12352383148011
284,396,1.25430625842762
284,412,1.31321880606721
284,571,2.00061913748173
284,1019,0.375815908331728
284,1280,1.2412836711672
284,1310,0.893308356077007
284,1499,1.51048619600525
284,2248,2.17271123032409
284,2289,0.782724293117761
284,2368,0.943027950224396
284,3147,1.66867875218586
284,3297,1.85661194099135
284,3458,1.58661959572831
284,3515,0.268805771309944
284,3750,1.40224874925731
284,4000,1.44555806273883
285,292,0.3667954124321
285,475,1.4545215786331
285,558,0.976429322439357
285,580,2.31059362170149
285,754,1.01624026541476
285,791,2.21436182975079
285,855,2.42889190977648
285,1098,3.43003099804014
285,1100,1.17734533533904
285,1229,1.43467923513399
285,1232,1.46156674370873
285,1295,1.06345735920266
285,1431,1.13938766405102
285,2069,0.903867259706646
285,2104,1.73710376054607
285,2340,1.03121152951285
285,2466,2.02447920287274
285,2467,0.924976376158239
285,2574,0.602481264557524
285,2662,2.07202444192104
285,2766,1.72699929312515
285,3182,0.997391717537944
285,3630,0.836655509056621
285,3717,1.35664357497791
285,3824,1.46894198879544
286,287,0.387349595147993
286,292,-2.24343091175593
286,293,-1.12455332154403
286,295,-0.624246608915154
286,297,-0.867517911498017
286,514,-1.85738101725949
286,1358,-2.21528301325641
286,1387,-0.530583488342391
286,1596,-2.20838515049757
286,1763,-0.791463619723245
286,1828,-1.08704702376884
286,1848,-2.48256194808342
286,2483,-2.24271982433468
286,3143,-1.3092187234183
286,3337,-1.09412120602204
286,3633,-1.11703477698577
286,3648,-1.42807426938521
286,3904,-1.93660085814107
287,291,-1.71914696379692
287,297,-1.25486750664601
287,298,-1.84178310139873
287,300,-0.479929424190728
287,410,-0.978006934260494
287,518,-0.684092422722463
287,848,-0.860903248307728
287,866,-0.682599601888857
287,896,-2.10628988697251
287,1123,-2.84573677156387
287,1185,-2.31973542757887
287,1193,-2.19292577996102
287,1358,-2.60263260840441
287,1740,-1.79976602228879
287,1768,-1.34882710868928
287,2168,-1.5994564776905
287,2209,-2.74517835150688
287,2290,-1.18765042290942
287,2510,-3.20214259387407
287,2619,-1.9558540013887
287,3110,-0.655502868455185
287,3666,-1.81809464553718
287,4000,-1.79369488629442
288,289,-0.0050624218899752
288,293,0.0823312475167505
288,294,-0.0049113080162668
288,296,0.987284135030995
288,297,0.339366657562761
288,454,-0.454291766786015
288,534,-0.709725629031147
288,948,-1.25441187849968
288,1601,0.277111247488167
288,1946,-0.616326899366093
288,2044,-0.69576740073207
288,2274,-0.191238032629681
288,2914,0.111474056633046
288,2976,0.849066424301475
288,3096,0.142775065473164
288,3124,-0.424248753283103
288,3145,-0.648957650554418
288,3250,-0.232072026914581
288,3541,-0.341593146155579
288,3901,0.701588240908895
289,290,0.211269283311895
289,291,-0.119850377698174
289,295,0.587700382035599
289,302,0.899209375621754
289,632,1.33220197447183
289,758,0.384901512490371
289,1039,0.216345037641636
289,1099,0.297742261247027
289,1199,-0.324217994796108
289,1623,-0.0787504116955064
289,1826,-0.225811086094999
289,2206,-0.310093571855641
289,2341,-1.21954196388674
289,2800,1.02074748311046
289,3165,-0.585779015282354
289,3170,0.900842687108308
289,3307,-0.293781689331942
289,3450,-0.888595187063643
289,3673,0.596261055998599
289,3706,-0.101014884498231
290,293,-0.12387561390517
290,295,0.376431098723704
290,297,0.133159796140841
290,298,-0.453755798611879
290,302,0.687940092309859
290,615,0.345914132942233
290,842,-1.19885225006169
290,1440,-0.203693295626878
290,1612,0.0794718457423398
290,1844,-0.599208417888972
290,2000,0.367967057063272
290,2325,-0.689354287353667
290,3346,-1.09812092083198
290,3788,0.302721321453199
290,3879,-0.717480806779159
290,3907,0.306845489184131
291,292,-0.911633543107001
291,296,1.11219693461914
291,304,-1.2953993164472
291,463,1.46410712736658
291,561,-0.126813341855756
291,676,0.0416067196275941
291,689,-0.797507958315599
291,750,0.432608731818931
291,985,-0.267180413494843
291,1054,0.549368353515531
291,1442,-0.514674880946411
291,1572,0.118043176684835
291,2076,0.556956629933553
291,2090,0.649285184103083
291,2179,-1.125469458852
291,2315,-1.12081143639879
291,2747,0.43217274797355
291,2951,-0.885383463819642
291,3331,-0.686613121943475
291,3970,0.693094768494757
292,293,1.1188775902119
292,294,1.03163503467888
292,295,1.61918430284078
292,298,0.788997405505191
292,302,1.93069329642693
292,316,0.81259061997279
292,340,1.16006067042115
292,476,0.385396227486494
292,563,1.37074189259391
292,820,0.001919617176883
292,978,0.0517737827668045
292,1238,-0.134619395883459
292,1375,1.79507123831806
292,1565,1.25750478132742
292,1580,1.04873501924453
292,1627,0.492087079201759
292,2047,1.002285337064
292,2072,0.681628683213916
292,2074,0.833367205243639
292,2778,2.47129950203666
292,2953,2.02390540248165
292,3275,1.03879057973032
292,3518,1.20435666982657
292,3700,0.493158904493591
293,297,0.25703541004601
293,298,-0.32988018470671
293,300,1.03197349250129
293,301,-0.61626980831866
293,303,0.120765214663249
293,306,0.224683771970562
293,421,0.111990607303833
293,554,0.511511083770133
293,931,0.256880490825049
293,1045,0.55477559892398
293,1119,-0.597228386237018
293,1292,-1.01728466298944
293,2207,-1.51762378615829
293,2579,-0.466361864617475
293,2959,-1.41793592761816
293,3065,0.376367040694129
293,3189,-0.12365657124157
293,3191,0.565498124733637
293,3487,-0.24677647245892
293,3702,-0.752033656814287
293,3946,-1.32883342819025
294,296,0.992195443047261
294,300,1.11921604803431
294,301,-0.529027252785643
294,302,0.899058261748046
294,304,-1.41540080801909
294,306,0.311926327503579
294,307,-1.01713151510279
294,694,0.539449261019359
294,895,0.227911081582873
294,918,0.81495135084679
294,1411,0.28507407004709
294,1974,-0.263342534139459
294,2266,-1.27397110520297
294,2498,-0.680848680081294
294,2509,-0.0371729875810034
294,2712,-0.578708263799132
294,2715,0.660501024892881
294,2823,-0.27824325830618
294,2876,-0.873844037090844
294,2955,1.18207220582218
294,3261,0.218908150069752
294,3344,0.312606701165937
294,3501,-0.798632241142753
294,3938,-0.0102590954370685
295,297,-0.243271302582863
295,302,0.311508993586155
295,303,-0.379541497965625
295,304,-2.00295007618098
295,306,-0.275622940658312
295,399,-1.82964028125968
295,480,-1.74190300934137
295,572,-1.15350556011277
295,1026,0.794878559737123
295,1117,-1.22333359124461
295,1168,1.71392456572437
295,1362,-1.5250914023418
295,1603,-0.721283443708187
295,1675,-0.400325808696681
295,2148,-0.172887337244698
295,2273,-0.0088804236134422
295,2776,-0.199220118585699
295,3317,-1.42318987810397
295,3700,-1.12602539834718
295,3896,-0.469108343152396
295,3918,-0.994904377030412
296,298,-1.23483307222095
296,299,-1.37694655248422
296,300,0.127020604987048
296,302,-0.0931371812992156
296,304,-2.40759625106635
296,1121,-1.26625162737582
296,1717,-0.712659093928515
296,1805,-1.44041211602096
296,2702,-1.36793186626238
296,2759,-1.11136687824114
296,3234,-0.684868128794943
296,3252,0.0974184927347456
296,3365,-0.33520348168325
296,3458,-1.04568332412717
296,3560,-0.424362337310659
296,3745,-1.68584018232738
296,3957,-0.184391858946149
297,303,-0.136270195382762
297,304,-1.75967877359811
297,307,-1.36140948068182
297,309,-2.28410046206687
297,310,-0.8439286628189
297,579,-0.983892704227495
297,682,0.261054107463576
297,776,0.0580416407184071
297,1080,-0.459135392656524
297,1145,-0.400418366038572
297,1199,-0.668647074248844
297,1530,1.00989619030888
297,1581,0.173751915171131
297,1758,-1.45220618111731
297,1776,-0.782259998067316
297,2110,-0.800906724345958
297,2527,-1.18745781198142
297,2611,-0.92539793499774
297,2754,-0.562318515912617
297,3137,0.377040840380492
297,3270,0.0388702523556692
297,3392,0.189534826230742
297,3455,-0.265036652777102
297,3559,-0.741962001215833
297,3635,-1.52258589577968
297,3830,-0.514529511265262
298,300,1.361853677208
298,301,-0.28638962361195
298,305,-0.172453488593714
298,307,-0.7744938859291
298,473,0.684255788658528
298,907,0.0233690580414587
298,1605,0.0515438583189578
298,1822,1.02136724656088
298,3021,0.0639819108142508
298,3187,0.516298667332281
298,3274,0.326669587783191
298,3476,1.05381017073563
298,3485,-0.161032414229203
298,3564,0.285776341173427
298,3591,1.20105895760329
299,301,-0.144276143348686
299,303,0.592758879633222
299,308,-0.657273088003687
299,411,-0.25917394146919
299,545,0.0999809052947639
299,619,-0.0173121781537792
299,808,0.964037190905299
299,885,0.105773771578776
299,1114,1.2411113058083
299,1253,-0.16453995729252
299,1563,-1.27291590538396
299,1814,-0.937354484799019
299,2373,0.971073380039219
299,2472,0.798228273985646
299,2561,0.483742356200315
299,2665,1.0432681178506
299,2733,0.839257457177227
299,2762,0.142108619486591
299,2861,-0.464309052400268
299,2950,-0.10027302339259
299,3410,0.400102627089787
299,3822,0.248653309186356
300,310,-1.61886674527418
300,353,-0.834937529811337
300,929,-0.219105962416677
300,952,-1.12274515251485
300,1316,-1.04049555538255
300,1438,-0.554425975498759
300,1862,-1.16104055512003
300,1888,-1.81896921660312
300,2240,-1.02788299976246
300,2257,-0.994808703662076
300,2354,-1.19144059035669
300,2737,-1.31210769391369
300,3059,-2.07433972645967
300,3204,-1.310143324011
300,3762,-0.582281031311139
300,3910,-0.0521949801075182
300,3975,-1.71398847413851
301,305,0.113936135018236
301,308,-0.512996944655
301,414,1.39251357190146
301,420,1.28882848857523
301,962,0.0887079353223434
301,1166,0.391757395756131
301,1510,0.442910819143038
301,1572,0.527068937898595
301,1668,1.42638962286348
301,1709,0.232795192340439
301,2181,-0.345869197857492
301,2314,0.259504971160451
301,2448,0.523738005603248
301,2489,0.357206596725956
301,2710,0.813844748499051
301,2834,0.538107645490042
301,3235,0.442173515712226
301,3393,0.402654724151015
301,3911,1.5944587411217
301,3926,0.985727518574669
301,3968,-2.22751447211659
302,306,-0.587131934244467
302,309,-2.83888075823589
302,315,-1.86215986556007
302,481,0.334028834262474
302,497,-1.72530876092102
302,664,-0.145064445132768
302,750,-0.586451021500998
302,1009,-1.15316793457991
302,1619,-0.684398138124597
302,1699,-0.213964376889965
302,2075,-1.03713407246208
302,2584,-1.70968052285041
302,2917,-1.24118382559365
302,3083,-0.526228134651127
302,3805,-1.01303903371077
302,3834,-0.892486732949672
303,311,0.381876849804757
303,314,-0.606386225135464
303,315,-1.17110937400829
303,316,-0.42705218490236
303,410,0.413130767768278
303,657,-0.366283569272952
303,727,-0.313011803757943
303,766,0.134741275432712
303,1263,-0.730218459626153
303,1604,-0.861502700986211
303,1623,-0.286909295765481
303,1702,0.0411790394125204
303,1709,-0.50423983064147
303,1975,0.714466224717254
303,2036,-0.662004118876132
303,2513,0.459359598216233
303,2525,-0.0342197651865203
303,2564,-1.35314396135
303,2597,0.292414585023973
303,2804,-0.61293576843206
303,2960,-0.289883779046588
303,3328,0.0468301314867628
303,3931,0.467566915072216
304,306,1.72732713552267
304,316,1.19635639331299
304,317,-0.0739537826495984
304,482,1.89213691020194
304,635,0.29731436343981
304,760,1.96906605193274
304,872,0.267676721686432
304,1129,0.916553073647021
304,1134,0.768594176382156
304,1400,1.80250228738824
304,1944,0.92274439050353
304,2013,1.33183788433479
304,2226,0.66483875275052
304,2551,1.48414816412492
304,2697,1.33291566541681
304,2780,0.976149204864339
304,3002,2.5865817639589
304,3182,1.01436207844605
304,3469,0.932625707304956
305,308,-0.626933079673236
305,310,-0.0845595794724657
305,311,1.00497573776843
305,313,0.770461643676115
305,315,-0.548010486044614
305,317,-1.07426347290128
305,318,0.509045164171925
305,569,0.464707840609161
305,1105,0.733356248911428
305,1186,2.58574150812984
305,1321,0.616635141299204
305,1335,-0.0392442305802408
305,1653,-0.372150794511421
305,1865,1.71038966478422
305,1975,1.33756511268093
305,2226,-0.33547093750116
305,2639,0.572791870931211
305,2784,1.64503441064642
305,2911,0.174880567317432
305,2927,-0.226726633196247
305,2953,1.40736148557018
305,2982,0.140087911643936
305,3084,0.334734411551448
305,3638,-0.0223734966771116
306,309,-2.25174882399142
306,311,0.277958292497444
306,423,-1.43419472966313
306,592,-0.588343095855308
306,724,-0.353766011959997
306,769,-0.671683285895427
306,775,0.917697489122725
306,1206,-1.08133749737168
306,1220,1.27713224563182
306,1350,0.278321850093725
306,1575,0.646505828575689
306,2405,-0.59947523787697
306,3292,0.558175431924248
306,3331,-1.11854094101894
306,3385,0.0945451764170399
306,3443,-0.0021297382255286
306,3572,0.63411459242744
306,3771,-0.292365749771851
307,313,1.3725020410115
307,474,0.612913276165457
307,495,1.04048495813787
307,650,-0.315363407544601
307,827,-0.520132373575951
307,968,0.822968780813467
307,1178,0.563323198601558
307,1301,0.355625550346176
307,1402,-0.29581927067198
307,1477,1.99094692178827
307,1484,1.25696143826114
307,1517,-0.709305404038462
307,1759,0.157541964182595
307,1938,-0.484363770708442
307,1989,1.33952318148241
307,2095,0.470355671714184
307,2559,0.950315611742616
307,2677,-0.132753539409622
307,3154,0.293250212703609
307,3171,1.07341000139725
307,3328,1.27196941678582
307,3532,1.0826621820805
307,3600,2.29675165848069
307,3937,0.260668655331353
308,309,-0.897798299047197
308,313,1.39739472334935
308,316,0.822979782734548
308,319,0.485335591790061
308,321,1.62293055756912
308,575,1.6824198875399
308,819,1.69592525980085
308,1063,1.20134752664172
308,1173,1.37074537154148
308,1601,1.32404675294508
308,1657,-0.902053832200088
308,2354,0.96979965511826
308,3098,1.25742478967519
308,3252,2.13163813322265
308,3536,0.331201614905304
308,3695,1.58768261340074
308,3849,1.19049328293744
309,369,1.51682794442192
309,431,1.56048942263128
309,455,2.03400518662649
309,493,0.720367784303548
309,833,1.88540032718047
309,1099,2.23741364386116
309,1132,1.59947659086244
309,1305,1.26389585253584
309,1318,2.12395437715728
309,2195,1.51740633009602
309,2228,0.212017914644847
309,2276,1.05748569781021
309,3142,2.49522295405519
309,3159,2.48437225591507
309,3281,2.06219990957453
309,3474,0.735746298881183
309,3603,2.13012978043121
309,3619,2.79643341992696
309,3737,1.37194456063624
309,3943,3.37485971100141
310,312,-0.503718696890592
310,314,0.101272242300675
310,315,-0.463450906572149
310,316,0.280606282533778
310,319,-0.0570379084107092
310,321,1.08055705736835
310,322,0.848764029442768
310,774,-1.66924158102536
310,834,0.749497781387304
310,874,2.02424872472053
310,1528,0.0825805897810883
310,1921,0.734022082240372
310,2040,0.0080184291115916
310,2159,0.29748766767336
310,2282,0.0207945555507689
310,2328,-0.323171169236073
310,3241,0.619286230200911
310,3280,-0.429200113562985
310,3369,1.49802693324174
310,3463,-1.16766254963023
310,3737,-0.0682272386117321
311,315,-1.55298622381304
311,316,-0.808929034707118
311,323,-0.18874490286747
311,365,-1.45035119636054
311,1104,-0.791266231353239
311,1564,0.0327076789786955
311,1809,-1.20323755107283
311,2021,1.08749718121185
311,2026,-1.00800620952992
311,2043,-0.30257661535195
311,2093,0.426782968048691
311,2145,-0.606083382712389
311,2233,-0.241074418130405
311,2370,-0.9567643805016
311,2404,-0.310616886860487
311,2406,-0.917299123645782
311,2477,0.644951559384035
311,3138,-0.298727853483635
311,3316,-1.14036033983276
311,3615,-1.10945524671409
311,3746,-1.39744154500025
311,3793,-0.0734361213629686
312,315,0.0402677903184436
312,316,0.78432497942437
312,325,1.08890286513938
312,388,0.971603746489888
312,411,0.359444343224319
312,428,0.711564514547571
312,718,1.20435158927524
312,753,1.0587331690341
312,1060,0.991715182758952
312,1071,-0.140761975940519
312,1268,0.624082599885227
312,1534,0.312451253087051
312,1636,1.43981129790591
312,2912,0.679138043749751
312,2955,2.18544159995265
312,3197,1.64341445161486
312,3381,0.789580788775252
312,3386,1.18052123834416
312,3905,1.27694684522008
313,322,-0.0062571937058125
313,324,-0.306456337311623
313,326,-0.609280272013732
313,388,-0.387136173549285
313,557,0.790380492400915
313,743,-0.497555930428481
313,922,0.281536612557138
313,1007,-1.20858647966293
313,1467,-1.46692150957145
313,1832,-1.32944338879943
313,2035,-0.695415251821117
313,2104,-0.0166972124736267
313,2139,-1.67167650495786
313,2682,-0.70611722789329
313,3026,-0.994594734085173
313,3175,0.351050428872189
313,3274,-0.271338567299209
313,3538,-2.10971178194441
314,315,-0.564723148872823
314,317,-1.09097613572949
314,319,-0.158310150711384
314,322,0.747491787142093
314,323,0.799518172072751
314,324,0.447292643536283
314,340,0.526804090681459
314,355,1.24877284483603
314,1534,-0.292539686104215
314,1731,0.727095886459295
314,2309,0.534340605931911
314,2580,0.634691158817262
314,2794,0.223253541380363
314,2812,-0.552823472679724
314,3049,0.564863733781615
314,3152,1.35846842874666
314,3678,1.00697018856123
314,3731,-0.316901739043984
314,3756,0.220933167308374
314,3969,0.542217603015676
315,319,0.406412998161439
315,320,0.855077469795563
315,322,1.31221493601492
315,323,1.36424132094557
315,807,1.79565757338293
315,930,1.15691540278411
315,1079,-0.224012146213575
315,1080,0.848244176734525
315,1257,-0.194486795727246
315,1334,0.0469189839765164
315,1681,1.28595080408052
315,1707,1.66115610806976
315,1716,1.50598238828513
315,1808,0.951740754053917
315,1811,1.21982366236869
315,2406,0.635687100167263
315,3156,1.46969887708125
315,3633,1.05786270390329
316,320,0.111020280689636
316,322,0.56815774690899
316,323,0.620184131839648
316,326,-0.0348653313989293
316,328,1.10648054598788
316,429,-0.719119809053811
316,527,0.49393842637608
316,563,0.558151272621117
316,842,-0.76868966591741
316,855,1.2495058773716
316,966,0.107240365735309
316,1106,0.686245720111203
316,1490,-0.114946051981599
316,1856,-0.0884951363353834
316,2183,-0.792198792255808
316,3090,1.06106697013266
316,3830,0.0487928690198602
316,3888,-0.605396425248575
316,3959,0.595223818002062
317,325,1.5748880616776
317,329,1.26727407060989
317,572,0.923398298717808
317,692,1.09782995855596
317,873,0.178500536592531
317,1171,2.52284927947003
317,1285,1.72146947243768
317,1287,1.89107007310129
317,1392,2.54429408627115
317,1832,0.515281727777963
317,2260,1.32423406232254
317,2301,1.74752924076463
317,2312,2.08576091509799
317,2367,1.75560553142615
317,2395,1.10333485067892
317,2513,2.15672195908118
317,2533,2.23763404552152
317,2622,1.7668792468878
317,2640,0.633063379728266
317,2933,1.31007597355601
317,3023,0.817501168463471
317,3081,1.8623084664672
317,3129,1.78126825475489
317,3464,2.11778445690517
317,3735,0.988164290592456
317,3986,2.17189996961658
318,321,0.486952313723955
318,322,0.255159285798377
318,329,-0.316034566463317
318,453,-1.28958938170115
318,609,0.990582543280727
318,632,1.2380968141936
318,1016,-1.01918268431405
318,1017,-0.101705501182065
318,1104,-0.295335657756734
318,1136,-0.518195007661864
318,1160,0.532644343693623
318,1248,-0.342854608121069
318,1427,0.35998338090875
318,2256,-0.384039515135021
318,2330,-0.598459167006874
318,2423,0.0367647820436011
318,2768,-0.403670143043139
318,2784,1.13598924647449
318,2955,1.08811815941766
318,3154,-0.817835348803701
318,3356,0.100931918540012
318,3728,-0.724854800841961
319,324,0.605602794247666
319,325,0.642222076659499
319,326,0.302778859545558
319,328,1.44412473693236
319,329,0.334608085591783
319,332,1.50866809292937
319,528,-0.0724750732222817
319,665,-0.0184005663977943
319,1142,0.29717145938462
319,1246,0.348648537904125
319,1371,1.35383018148521
319,2124,-0.851135596065865
319,2246,0.183168441442093
319,2422,0.344462892060763
319,2723,-0.390044578007623
319,3216,1.17963004138441
319,3306,1.5932493128012
319,3621,0.194938303736999
320,324,0.156938322613543
320,327,0.853120570621222
320,329,-0.11405638604234
320,331,-0.340997848090899
320,489,-0.578411694862039
320,806,-0.496017211265815
320,1119,-0.401961696687542
320,1799,0.535212250815735
320,1846,0.543029902782753
320,2153,0.870574135780411
320,2488,0.814728858210079
320,2671,0.64842398565864
320,2691,-0.0454517137873641
320,2875,0.103147406780453
320,2899,-0.162525144404178
320,3121,-0.68003031770069
320,3475,-0.942349256239169
320,3617,-0.11763408185242
320,3666,-0.110925039295687
320,3869,-0.504105186230126
320,3915,-0.58157371631875
320,3992,0.210394706656379
321,325,-0.495372889119555
321,326,-0.834816106233497
321,329,-0.802986880187271
321,332,0.371073127150311
321,333,-0.732260687590063
321,334,-1.56748218750045
321,637,-1.59707876829964
321,722,0.618471458232448
321,1537,-0.244503694841
321,1607,-1.6902648569037
321,2080,0.206447737945959
321,2097,-0.918395804514561
321,2778,0.858758107229305
321,2903,-0.137510489590403
321,3178,-0.901657468083619
321,3185,-0.711022407122766
321,3347,-0.383754912369013
321,3487,-0.740440277054375
321,3599,0.0857263735428713
321,3652,-0.279678715780623
321,3654,-0.529049872319191
321,3866,0.0745046070560382
322,324,-0.300199143605811
322,325,-0.263579861193978
322,331,-0.798135314310253
322,985,-0.736295237269622
322,1003,1.09291945387912
322,1091,-0.144906583898475
322,1355,0.610892824777734
322,1414,-0.153754567935736
322,1579,-0.925713842263614
322,1582,-0.0322513198428127
322,1693,0.544640205670577
322,1697,-0.611370167018854
322,1886,-0.13702176492629
322,1928,-0.768702614124824
322,2075,-0.487189142916927
322,2133,-0.346973117723719
322,3071,-0.433835133742773
322,3168,-1.34189818565811
322,3288,-0.418448872887043
323,331,-0.850161699240911
323,740,-1.24405332977336
323,836,-0.681938334131573
323,959,-0.328623966278996
323,1301,-1.06264568189017
323,1381,0.016441691627638
323,1609,-0.358339961839265
323,2314,-0.670661998758745
323,2371,-1.36439028539852
323,2421,-0.954200697246669
323,2451,0.505300899939622
323,2608,-1.4550339891271
323,3021,-0.579795435492995
323,3032,0.151655980978114
323,3374,-1.42818595902777
323,3708,-0.306551645442382
323,3790,0.604864288151025
323,3913,-0.38413562082014
323,3928,0.0702282823058772
323,3941,-0.354104491043025
324,327,0.696182248007679
324,329,-0.270994708655883
324,335,0.830448885640396
324,544,0.748654360949455
324,690,-0.0205467257050063
324,693,0.478111677829447
324,709,-0.771830630025891
324,761,1.02090387575287
324,908,-0.821568707125757
324,917,-0.716525437126235
324,935,-0.3707192367154
324,955,0.756130921073912
324,1194,-0.0045716104278634
324,1240,0.158754977824585
324,1347,0.938216656530233
324,1362,-0.986456322776993
324,1396,-0.101721626457896
324,1789,-0.732489581579828
324,1846,0.38609158016921
324,2211,-1.77008269744901
324,2724,-1.87819808048698
324,3178,-0.369665296552231
324,3563,-1.39961247544006
324,3632,-1.19621971831732
324,3635,-1.22722211879773
324,3684,-0.93376757975445
324,3976,-0.783391082546903
325,326,-0.339443217113941
325,328,0.801902660272864
325,329,-0.307613991067716
325,334,-1.0721092983809
325,336,-0.619710469334042
325,337,-0.118393216851662
325,346,0.505436168032419
325,985,-0.472715376075644
325,1234,-0.49845684605216
325,1301,-0.747039435765534
325,2247,-0.472311530430794
325,3181,-0.587766370896032
325,3228,-0.430592192348688
325,3369,0.912842764992949
325,3634,0.562423880485543
325,3745,-0.779178210289036
325,3810,0.456453986328565
325,3865,0.883103869753277
325,3866,0.569877496175593
326,327,0.999006182709788
326,334,-0.732666081266957
326,1002,0.347320299816952
326,1175,-0.257597624697179
326,1329,0.942574214878797
326,1589,0.99081937913801
326,1627,-0.285638209372101
326,1694,-0.0745920439632805
326,2008,-0.361336364925998
326,2188,0.28194595234884
326,2344,-0.757731442691269
326,2380,-0.434335549124376
326,2381,0.816966876948607
326,2479,-0.492776277551752
326,2502,0.021598885743174
326,2633,0.301738993530337
326,2667,1.32598425049401
326,2856,-0.496783675359407
326,3121,-0.534144705612125
326,3142,0.809310203672372
326,3232,-0.0366557973698458
326,3458,0.200421865025115
326,3728,-0.376991008332419
326,3801,0.619868053509014
327,329,-0.967176956663562
327,331,-1.19411841871212
327,332,0.20688305067402
327,334,-1.73167226397675
327,335,0.134266637632717
327,337,-0.777956182447508
327,406,-0.332831279304672
327,639,-0.338095796714705
327,863,-1.16093871026085
327,1331,-0.0570422670184582
327,1552,-0.255123808088227
327,2005,-0.777348413208108
327,2348,-1.44399865929834
327,2843,-0.295715440182957
327,2926,-0.227443997636262
327,2936,-0.954425455397767
327,3154,-1.46897773900395
327,3275,-0.737940891553329
327,3968,-3.501638161507
327,3972,-0.158849617804071
328,330,-0.653615951432901
328,335,-0.0080730570443001
328,336,-1.42161312960691
328,338,-0.927796534109221
328,639,-0.480435491391722
328,739,-0.901638779493923
328,768,-0.198395637215952
328,788,-1.74348504878844
328,861,0.367018145983593
328,948,-2.13693670176519
328,1408,-0.961639727776165
328,1594,-0.252275866939035
328,1767,-0.136246136206429
328,1787,-1.17575302932098
328,2156,-1.21688436694708
328,2329,-1.8676419408738
328,2493,-0.613240743307243
328,2857,-0.89842337684711
328,3062,-1.51463643389651
328,3167,-2.63141298595394
329,330,0.455900699907679
329,334,-0.764495307313183
329,335,1.10144359429628
329,336,-0.312096478266326
329,339,-0.153434237460422
329,340,0.35050615580106
329,672,0.36917613871508
329,760,0.775745763972454
329,988,0.0831699655489236
329,1029,-0.430671987372914
329,1139,-1.30578190427081
329,1945,0.352405009025976
329,1985,0.394942342283861
329,2250,0.647399149582876
329,2319,0.724986338310669
329,2579,-0.157038789025659
329,2686,-0.700392629878141
329,2890,-0.736920712740084
329,3926,0.678780785847825
329,3929,-0.548460546483275
329,3966,-0.479502638285476
330,331,-0.682842161956238
330,334,-1.22039600722086
330,337,-0.266679925691624
330,340,-0.105394544106619
330,450,-0.907733791823523
330,653,-2.01637362694957
330,738,0.887626475782979
330,797,0.0918126076490355
330,1206,-1.00323134971698
330,1348,-0.802075291973383
330,1469,-0.56866257693067
330,1542,0.232033822754005
330,1720,0.0568965048693952
330,2116,-0.971012855786794
330,2499,-0.809200508512546
330,2515,-0.529001407417671
330,2749,0.951128057746135
330,3146,1.17932058966909
330,3197,0.406224877635515
330,3320,0.815564644824726
330,3851,0.0874812067614973
331,335,1.32838505634484
331,339,0.073507224588137
331,342,0.940560029152759
331,382,1.38572331592269
331,648,1.68568635617475
331,865,1.15213607559548
331,1278,1.52714100540578
331,1646,0.864913223540073
331,1964,-0.0243414236609583
331,1984,1.5736535218174
331,2130,1.1975575931151
331,2320,0.173270433532807
331,2426,0.584565845708703
331,2459,0.892926488590286
331,2504,0.705949549767906
331,2531,0.331055381148363
331,2606,1.14881656099631
331,2609,0.660620338090678
331,2702,0.0732855588922404
331,2740,0.573306869093565
331,3247,-0.355661314848792
331,3268,0.124066610579083
331,3360,0.912303726912686
331,3511,0.932246668467506
331,3872,0.085974598245223
332,338,-0.992339890106223
332,339,-1.327494244798
332,341,-0.534823969924684
332,343,-0.746585597315763
332,345,-1.61910246723139
332,2475,-2.95714841710777
332,2766,-0.623410641264621
332,2868,-1.08831289536749
332,2922,-0.508186841009471
332,3225,-0.546229938989992
332,3868,-0.951190546978176
332,3908,-1.2796695093939
332,3937,-1.70844234705022
332,3966,-1.65356264562306
332,3985,-1.01655318850951
333,340,0.279779963203851
333,341,0.56850984481569
333,719,-0.51721942652775
333,857,0.380466133823687
333,978,-0.82850692445049
333,1283,0.126563330280108
333,1355,1.11136048444222
333,1693,1.04510786533506
333,1789,-0.532221065521153
333,2040,-0.340277940666691
333,2560,-0.356589121292479
333,2593,1.85236253432147
333,2880,0.0904734996710248
333,2932,0.946923174938563
333,3083,0.524184454558508
333,3182,-0.24968440211145
333,3411,0.0876363190443873
333,3438,0.154971181239076
333,3761,-0.470160433942331
334,335,1.86593890160946
334,336,0.452398829046856
334,338,0.946215424544542
334,345,0.319452847419373
334,346,1.57754546641332
334,347,1.2281275761373
334,503,1.21496440943041
334,1460,0.161994486522632
334,1586,0.932204493271846
334,1819,0.977231016865862
334,2102,1.10960291158051
334,2641,-0.835092652694408
334,2964,0.075025617679408
334,3234,1.2939031416243
334,3365,1.64356778873599
334,3542,0.63140469509543
334,3839,0.667930167424501
335,342,-0.387825027192079
335,343,-0.67396918427446
335,344,-0.613648813389611
335,584,-1.75260053598958
335,1046,-1.95472598609482
335,1765,-1.81553446903846
335,1794,-1.64740650906914
335,1796,-0.582857341351147
335,2166,0.366028406190382
335,2464,-1.73487736067351
335,2511,-1.2762003705286
335,2551,-0.810615718131652
335,2597,-0.378940719017242
335,2607,-0.564143181324599
335,2788,0.309315288071063
335,3167,-2.62333992890964
335,3187,-0.605702036078893
335,3381,-1.09315167959269
335,3729,-1.23403691733159
336,337,0.50131725248238
336,339,0.158662240805904
336,341,0.951332515679225
336,342,1.02571504537053
336,346,1.12514663736646
336,347,0.775728747090441
336,418,-0.114608293120243
336,425,-0.324092786050284
336,575,1.17457268842438
336,820,-0.495538419176876
336,1094,0.435167110709671
336,1123,-0.712414301013704
336,1570,-0.844005368739007
336,1653,-0.253064913953703
336,2346,-0.968523738700336
336,2377,0.273671030859527
336,2579,0.155057689240667
336,2766,0.862745844339287
336,3050,0.109679874828445
336,3106,-0.223887373233049
337,344,0.298574006690614
337,346,0.62382938488408
337,582,0.314580321002496
337,656,-0.233966474431963
337,990,1.07224952974053
337,1480,1.32959210571272
337,1499,-0.0967615349602247
337,1720,0.323576430561019
337,1999,1.10194837030984
337,2599,-0.456820893397675
337,3171,0.0891382321371969
337,3274,0.116891704452243
337,3282,-0.668982065032178
337,3283,0.605063743367272
337,3407,1.62862123578578
337,3645,-0.164758054884604
338,346,0.631330041868776
338,395,-0.308043092432791
338,468,-0.0026065822126968
338,583,0.696778628598335
338,632,1.37241126342556
338,1263,-0.481850286602448
338,1464,-0.824244452061763
338,1658,0.439460993659178
338,1872,-0.935655229813685
338,2029,-0.730461590271241
338,2094,-0.315896447953956
338,2315,-1.20045252514324
338,2830,0.510667717283567
338,2985,0.178767186929551
338,3246,0.414625640592443
338,3254,-0.262299084491286
338,3765,0.253414983779339
338,3878,-0.534310425770087
338,3974,-0.384182983818321
339,346,0.966484396560557
339,348,0.268123738899474
339,349,-0.229052768517768
339,350,2.34877016393605
339,351,0.192127612376736
339,514,-0.270070382663228
339,531,0.342381534069993
339,637,-0.640657650651945
339,695,1.15042331172764
339,817,0.54268155332485
339,1206,-0.393896412348884
339,1241,0.294280416263036
339,1306,1.13075731011854
339,1524,1.05018466962459
339,2810,-0.848365923138587
339,2817,0.692014615765835
339,3246,0.749779995284224
339,3579,-0.290176356844282
340,345,-0.795548615694869
340,346,0.462544003299075
340,352,0.183091549264879
340,374,-0.95753362098587
340,395,-0.476829131002492
340,506,-0.704330609442566
340,925,1.39283954667239
340,1263,-0.650636325172149
340,1302,-0.58834361273733
340,1459,-0.224624243646998
340,1563,-1.78609265056318
340,1624,0.259866323876968
340,1846,0.306580133024034
340,1950,-0.373521964746884
340,2056,0.41300857238012
340,2738,-0.310145753034261
340,3074,-0.215465836259242
340,3375,0.440948659934102
340,3612,-0.625052373694872
340,3788,0.385413855149125
341,342,0.074382529691302
341,349,-1.02172304339109
341,351,-0.600542662496584
341,353,-0.132876999131128
341,591,-0.922792602301319
341,761,0.652662546995854
341,887,-0.44642101746181
341,1227,0.334710193233582
341,1372,-0.362493371334304
341,1415,-0.503093017348594
341,2602,-0.566888068101335
341,2661,0.512979476237124
341,2869,0.0478530916305822
341,3133,0.127668030637219
341,3225,-0.0114059690653088
341,3280,-1.34600632815696
341,3414,-0.798310076721657
341,3471,0.385884189890745
341,3559,-0.814839552990906
342,351,-0.674925192187886
342,352,-0.180020862038261
342,649,-0.441877252471403
342,659,0.0846230534296618
342,1059,-1.7619620329934
342,1431,-0.750580830105362
342,1447,-1.42021811865266
342,1636,-0.0550961432699563
342,1934,-0.197329064904624
342,2186,-0.277698581885469
342,2612,-0.920571914211979
342,2854,-0.117022202181771
342,2969,-0.0628075819631236
342,3080,1.19995007694599
342,3605,-0.560279070975523
342,3637,-0.379404392102382
342,3873,-0.83400768005679
343,345,-0.872516869915628
343,347,0.036157858802296
343,348,-0.312784908582767
343,349,-0.809961416000009
343,350,1.76786151645381
343,352,0.10612329504412
343,355,0.645000499933816
343,356,-0.206673839280934
343,702,0.0045315499762248
343,1130,-1.08061576028392
343,1150,0.101902815752498
343,1234,-0.618317265006263
343,1264,-0.684241778205708
343,1408,-0.279597486457404
343,1480,1.09133846990696
343,1568,-1.08681249211188
343,2358,-0.368711497456542
343,2474,-0.117319791433525
343,2763,0.560407471968645
343,2860,-0.640402991349417
343,2890,-1.1643951227619
343,2903,0.238001980575049
343,2948,1.60067170166408
343,3198,-0.0211848111580354
343,3734,0.123566005128907
343,3922,-0.515815777662823
344,347,-0.0241625120825533
344,350,1.70754114556896
344,351,-0.449101405990354
344,354,-0.275756721476929
344,355,0.584680129048967
344,412,-0.592602931588877
344,495,-0.242360817812795
344,1111,0.150396511840208
344,1306,0.489528291751447
344,1710,0.0742507802526153
344,1758,-1.37364247638615
344,1813,-0.716814872213366
344,1869,-0.979029138851596
344,1874,-0.79215146724241
344,2078,-1.11433549458416
344,2142,-0.39737644975471
344,2447,0.703454414503705
344,2529,-0.828075059747419
344,3398,-0.434828733991967
344,3764,-1.49987786624763
345,347,0.908674728717924
345,353,0.95140149817558
345,358,0.159949266929798
345,620,-1.05441706923717
345,722,1.86650079831353
345,883,1.33556603924903
345,970,1.02812320331849
345,1009,0.413013307120742
345,1254,-0.872724023322723
345,1262,0.178279525665207
345,1696,-1.11042185492841
345,1724,1.65556717525453
345,1781,0.56251546948168
345,2402,0.540549573414699
345,2695,-0.132660490692027
345,2772,-0.133734529716903
345,2854,1.04163882481624
345,3264,-0.025067621672939
345,3488,-0.160621240639144
345,3759,0.421059372803534
345,3877,0.161766900516684
346,348,-0.698360657661083
346,352,-0.279452454034196
346,353,-0.306691120818364
346,355,0.259424750855501
346,359,-0.733021592556918
346,438,0.21722442833851
346,686,-0.865073425543905
346,962,-1.03128895650464
346,1373,-0.404578053902305
346,1418,-0.0734204096882334
346,1491,-0.911788897910648
346,1724,0.397474556260582
346,2684,-0.324694145557532
346,2913,-0.958001625226806
346,2974,-1.33600214200263
346,3056,-1.18297988143234
346,3120,-0.785443361183326
346,3991,-0.620510327660462
347,349,-0.846119274802305
347,359,-0.383603702280898
347,734,0.355048952578313
347,1008,0.298553716518711
347,1053,-1.34939110601825
347,1562,-0.482917640106807
347,1591,-2.01504053916144
347,1658,0.157548842066422
347,1766,0.159003027286219
347,1786,0.328331891640719
347,1921,-0.0071803637648167
347,2037,-0.003753173811482
347,2067,-0.177173166080514
347,2115,-0.384994821791099
347,2674,0.0376056214852537
347,3114,-0.704341325013525
347,3206,0.481172287649835
347,3270,0.14159646916938
347,3294,-1.54092245037911
347,3681,0.207152580382987
347,3765,-0.0284971678134169
347,3796,0.113218899292127
347,3810,0.300435708572166
347,3831,0.393583262067333
348,349,-0.497176507417242
348,358,-0.399782694403063
348,687,0.460897472738372
348,1607,-1.00196747815548
348,1617,-0.285741688995028
348,1803,0.615199128257367
348,2127,-0.120146192266607
348,2147,-0.0035437037970264
348,2209,-1.03864186066209
348,2248,0.639994772135623
348,2401,0.259799761247023
348,2660,-0.792543635021806
348,2759,-0.0117804165741331
348,2776,0.495720168195938
348,2842,-0.423618120399015
348,3012,-0.0114903859741974
348,3036,0.983671627786845
348,3037,-0.559848735183756
348,3246,0.48165625638475
348,3425,-0.314762043990588
348,3457,0.0340147626512725
348,3649,0.0653724372534955
349,350,2.57782293245382
349,354,0.594525065407929
349,360,1.75618564450987
349,441,-0.517703098258082
349,556,0.904866327574533
349,674,-0.348672525503144
349,968,0.410404791747663
349,1104,0.403185914684772
349,1774,0.366642639281794
349,1840,0.55013170433535
349,1946,-0.006848065312838
349,2020,0.566164336617031
349,2422,0.39234181244717
349,2718,0.667374743136474
349,2828,1.33298157067793
349,3755,0.0600445581191109
349,3895,-0.317002448269661
350,353,-1.68897688819386
350,355,-1.12286101651999
350,359,-2.11530735993241
350,361,-1.06094323679378
350,362,-1.70614795239243
350,663,-1.25684990267685
350,696,-1.38028221025836
350,888,-1.9484152209429
350,938,-1.36010925405642
350,1906,-1.61950830913243
350,1942,-1.32238259894748
350,1967,-1.90215126631728
350,2071,-2.24390288964079
350,2542,-1.86757217625184
350,2645,-1.70584643392091
350,3135,-2.15993255684488
350,3301,-1.98312721402924
350,3313,-2.66401063385136
350,3510,-1.77024165770971
350,3869,-2.58538472666342
350,3934,-1.73572004768695
350,3961,-2.4786381874912
351,352,0.494904330149625
351,353,0.467665663365457
351,356,0.18210719582457
351,357,-0.729392737770849
351,364,1.17557632296428
351,525,0.691755732754815
351,760,0.73705238905614
351,847,0.355877077109372
351,1210,-0.91893556225743
351,1262,-0.305456309144917
351,2805,-0.461608181911076
351,2955,1.36545935096467
351,2981,0.545351467552218
351,3045,-0.279231400720661
351,3179,0.161075039294909
351,3255,0.771584893191201
351,3509,0.103842004389062
351,3677,0.936676291832224
352,353,-0.0272386667841684
352,357,-1.22429706792047
352,360,0.840100933465742
352,372,-1.57700011933462
352,578,0.557909866229801
352,697,0.508755983883411
352,755,-1.22879554984208
352,1297,-0.93099871483312
352,1501,-0.198509895481553
352,2066,-0.223051919506337
352,2283,0.112926342671119
352,3159,0.23303257442009
352,3227,-0.381171279261213
352,3414,-0.692671744374698
352,3467,-0.841848079570227
352,3603,-0.121209901063774
352,3770,-1.19866151333646
352,3778,-1.05306924772517
352,3995,-1.2396844269926
353,354,-0.294320978852032
353,359,-0.426330471738554
353,550,-1.49142097014987
353,681,0.145513205990741
353,957,1.30845979057379
353,1095,0.428876879682778
353,1123,-1.5308698175618
353,1376,1.53720846963396
353,1554,-1.17745614548164
353,1611,-0.703865204753415
353,1845,0.659139527948013
353,1906,0.0694685790614237
353,2195,-0.706694684614795
353,2269,0.592021716147292
353,2404,-0.0050107850824366
353,2494,0.841153442146415
353,3217,-1.35169987892491
353,3747,-1.32257863073551
353,3852,-0.299906709709281
353,3993,-0.543012212859268
354,355,0.860436850525896
354,357,-0.902737422284274
354,360,1.16166057910194
354,362,0.277149914653456
354,484,0.706006826699292
354,1124,1.83552149430481
354,1218,-0.906151487950632
354,1230,0.244591267223138
354,1848,-1.26072361037731
354,1958,1.12366816230746
354,2112,1.1303063003167
354,2139,-1.30626351842009
354,2244,-0.23328409595706
354,2527,-0.833137385773336
354,2532,-0.533491407369951
354,2792,0.711475720491792
354,3094,0.82849672203867
354,3290,0.440748296395614
354,3476,0.821215002190993
354,3744,-0.119234694656227
355,356,-0.851674339214751
355,358,-1.35756810291965
355,363,-0.677943113438296
355,365,-1.71086096625635
355,366,-1.27752291390658
355,480,-2.00474813107632
355,697,-0.0301212210062852
355,773,-1.56163895794774
355,1296,-0.661808485691063
355,1679,-0.518570080022054
355,2134,-0.38069357346672
355,2358,-1.01371199739036
355,2368,-1.54747391648066
355,2780,-1.28964599305158
355,2942,-0.386352493660934
355,3659,-0.910651753626288
355,3876,-1.20923094820901
356,357,-0.911499933595419
356,360,1.1528980677908
356,361,0.913592118940962
356,362,0.268387403342311
356,365,-0.859186627041599
356,367,-0.450378249024896
356,369,-0.421714602748008
356,745,-0.268166515205577
356,1181,0.366469253084906
356,1671,-0.206815877517418
356,1952,0.517384946812629
356,2114,-0.531971297079286
356,2208,-0.871381900601965
356,2299,0.669736616462774
356,3074,-0.0857602511990668
356,3262,0.184459278454084
357,359,0.770727929397752
357,360,2.06439800138622
357,362,1.17988733693773
357,364,1.90496906073513
357,368,0.198546346592917
357,464,0.90074662938831
357,507,0.522802717621169
357,600,0.791533630456885
357,654,0.269420745339909
357,735,-0.156155842652791
357,943,-0.887692311791583
357,1287,1.31449536534593
357,1489,0.513182427145615
357,1719,0.832790966846011
357,1846,1.34778565167963
357,2194,0.88547452057394
357,2399,0.722614178300671
357,2842,0.381770743894572
357,3191,1.56552056317999
357,3503,0.214289995697969
357,3676,0.592663953905732
358,359,0.365121759507228
358,361,1.41948588264586
358,363,0.67962498948135
358,365,-0.353292863336703
358,369,0.0841791609568879
358,445,0.0722272076769839
358,709,-0.215742728405997
358,1153,-0.823851829425181
358,1509,0.317257257476609
358,1688,0.374026904305833
358,1910,-0.329126230424999
358,2006,0.295240464671343
358,2531,0.389207112063815
358,2746,1.64893127056367
358,2854,0.88168955788644
358,3024,-0.396323990779955
358,3071,0.422451911482932
358,3538,-1.24716754301289
358,3554,0.273477907151568
358,3827,0.61093458236233
358,3864,-0.407890949404709
359,360,1.29367007198846
359,361,1.05436412313863
359,362,0.409159407539978
359,367,-0.309606244827229
359,368,-0.572181582804835
359,369,-0.28094259855034
359,372,-1.1234309808119
359,727,0.0370479199539045
359,937,0.43376317420647
359,961,0.89154863189072
359,1049,-0.109540279766446
359,1067,1.36790995840352
359,1155,-0.936568452447597
359,1182,0.787668112053153
359,1583,-0.518570594066125
359,1761,-0.0784251321528691
359,1805,-0.306164719458121
359,1930,-0.782446025879708
359,2530,0.217123318651215
359,2894,1.41714700208619
359,2970,1.07317509252386
359,2988,0.288631632578048
359,3085,-1.33512808621463
359,3371,1.07418118329997
359,3602,1.14194416342501
359,3666,-0.0768972197965643
359,3845,0.465850623923905
360,361,-0.239305948849834
360,364,-0.159428940651085
360,369,-1.5746126705388
360,373,-1.79614201021477
360,641,-1.05081027766734
360,754,-1.5338083001691
360,1036,0.141685242334598
360,1240,-0.943948952051212
360,1807,-2.72140195522267
360,2049,-1.31746380120702
360,2242,-1.71522803927499
360,2328,-1.97443998494883
360,2383,-0.687918829548047
360,2926,-0.63396567950438
360,3032,-0.598822420361215
360,3093,-2.5369504124754
360,3110,-0.207975514703029
360,3132,-0.624871555434884
360,3462,-1.12007449529046
360,3675,-0.0218669782863478
360,3807,-1.3802224787798
361,365,-1.77277874598256
361,371,-1.32319098291843
361,372,-2.17779510395053
361,374,-1.74142015486666
361,622,-0.776224041015198
361,873,-2.2231662236992
361,926,-0.768647680849345
361,1013,-2.47339209932172
361,1148,-0.765226756366259
361,1452,-1.649012063509
361,1635,-0.837662786436126
361,1665,-0.392918259801932
361,1721,-1.70992310067567
361,1780,-1.27037773778814
361,2073,-0.548149059070677
361,3206,-0.189588133207896
361,3386,-0.735160325409353
361,3462,-0.880768546440622
361,3524,-2.09167752829126
362,368,-0.981340990344813
362,375,-0.0377074376827303
362,746,0.215827708080971
362,1028,-0.223469464414234
362,1547,-0.304162871232952
362,1569,-0.69918836799688
362,1575,0.691324702054871
362,1582,0.049754558335686
362,1593,-0.630267218687187
362,1678,-0.691764810026149
362,1732,0.190472957777997
362,1774,-0.50503234077959
362,1811,-0.0103853954677235
362,2094,-0.623364304805792
362,2139,-1.58341343307355
362,2237,-0.46651962318938
362,2379,-0.41890929195293
362,2477,0.967728725360661
362,2637,-0.15735284257904
362,2754,-0.485148004357985
362,3404,-0.223242956296418
362,3503,-0.965597341239761
362,3641,-0.466242750700283
362,3853,-1.62440102916609
363,365,-1.03291785281805
363,366,-0.599579800468283
363,370,-1.00533622146694
363,374,-1.00155926170215
363,940,-0.209137919200394
363,1188,-0.0233985003240733
363,1194,-0.128108698289319
363,1321,0.0290927470732571
363,1440,-0.165026402647232
363,1654,-0.495873108731101
363,2162,-0.0539077179847767
363,2218,0.151071181878007
363,2382,0.436142654942304
363,2523,0.414325870375646
363,2668,-1.12354961671567
363,2892,0.509226351881886
363,3036,0.703829332708558
363,3250,-0.399611995356855
363,3362,0.298273418057827
363,3898,0.237968397585734
364,368,-1.70642271414221
364,371,-1.40306799111718
364,376,-0.842430340880043
364,377,-1.96592525669676
364,662,0.458295406335106
364,729,-0.53652304845153
364,846,-1.80693340597209
364,1238,-2.15844360838414
364,2387,-2.10709385015112
364,2475,-2.99735810765078
364,2699,-1.49557147089166
364,2767,-1.72132547292958
364,3023,-1.66404260002701
364,3509,-1.07173431857522
364,3798,-1.43824575157113
364,3934,-0.754653819091916
364,3959,-0.61600977452583
365,368,0.146233040039096
365,377,-0.113269502515454
365,479,0.406211132045797
365,587,2.13012528719136
365,619,0.458403288768778
365,647,0.652255212878058
365,712,0.242699465361016
365,865,1.56358066984764
365,1133,2.38515088591593
365,1249,1.35784386461752
365,1462,1.9788100604653
365,1767,1.61165657143486
365,1957,-0.417292249470436
365,2038,0.678071718299107
365,2285,0.776938087331228
365,2752,0.0211088151659118
365,3310,1.67771954060563
365,3787,0.450413761427476
365,3833,0.207130729770289
365,3970,1.43355985328239
366,372,-0.838354410317739
366,376,0.576887360951497
366,379,1.74317082408806
366,636,0.173187185427122
366,851,-0.0960604506021605
366,1045,1.06914667846674
366,1106,0.894329829414851
366,1151,0.749841584042898
366,1155,-0.651491881953436
366,1183,1.18125505988328
366,1384,1.57117381684753
366,1403,2.12632132513344
366,1421,-1.125699279588
366,1466,-0.287729322351955
366,1633,0.0626463241060556
366,1642,0.0755737442827667
366,1923,0.183841534810539
366,2074,0.228860694574497
366,2162,0.545672082483506
366,2720,0.545125976414273
366,2869,0.892137132994424
366,2917,0.0850029601641394
366,2922,0.870921170279054
366,3563,-0.923569762833232
366,3967,0.484101175386847
367,369,0.0286636462768886
367,370,-0.381226746665588
367,373,-0.192865693399079
367,542,-1.05672887388139
367,655,-0.684458420650143
367,967,0.184850493955323
367,1152,-0.997081165223473
367,1313,0.271718228456273
367,1784,1.07278627316546
367,2146,1.1310337352297
367,2283,0.87610172602107
367,2322,-1.06514351165373
367,2381,1.01471532918639
367,2770,0.132111584756101
367,2821,0.458521091948955
367,2916,0.079327077866599
367,3236,0.958971900894662
367,3274,0.535690156952309
367,3576,0.795254089102502
367,3702,-0.21313290293846
367,3808,1.81799386989992
367,3812,1.78777713753265
367,3841,-0.077427347493262
367,3864,-0.463406464084709
368,372,-0.551249398007065
368,373,0.0697096445785274
368,376,0.863992373262171
368,379,2.03027583639874
368,380,0.511484930662932
368,657,0.555957737243731
368,719,0.045659782331077
368,1616,0.657312404372019
368,1880,-0.187831865969835
368,1986,0.423719189503366
368,2005,0.681981559717073
368,2176,-0.589331184930474
368,2464,-0.141280750115613
368,2630,-0.0921192058016879
368,2824,2.04790262417326
368,3096,0.861919909809847
368,3107,1.46432763074349
368,3205,0.477035220804296
368,3347,0.911384984079877
368,3814,-0.0020178466376837
369,373,-0.221529339675967
369,375,0.652394568407588
369,380,0.220245946408437
369,399,-0.819096461031862
369,429,-0.515169671693983
369,682,1.02832662510853
369,691,-0.9124869582058
369,820,-0.606720865436079
369,1284,0.733922988465881
369,1795,0.192974998627869
369,1971,0.531346313672469
369,3037,-0.244245201737581
369,3043,-0.0411653410928287
369,3106,-0.335069819492252
369,3171,0.479273038360375
369,3547,-0.071781079938668
369,3592,0.514382669165113
369,3722,-0.164410262100797
369,3928,0.894362551505352
370,372,-0.432597989319083
370,373,0.188361053266509
370,375,1.06228496135006
370,378,1.14470401305377
370,806,0.228843599726125
370,1054,1.26225180695205
370,1316,0.911605437660156
370,1344,0.503774842320176
370,1829,2.08664614698902
370,1876,0.809788960640173
370,2454,-0.229280855113717
370,2799,1.67292458061796
370,2802,-0.548449855268225
370,2876,-0.0409590920824457
370,2975,-0.11719952684547
370,3006,1.10185884105539
370,3027,1.22089475814927
370,3082,1.20506342651942
370,3118,1.08038452583188
370,3469,0.350109844294268
370,3581,2.08962314395539
370,3797,2.47418321332247
370,3873,0.49041531199701
370,3997,0.477184365690927
371,372,-0.854604121032096
371,375,0.640278829637051
371,376,0.56063765023714
371,378,0.722697881340753
371,382,1.34758014711072
371,688,0.382892304150046
371,793,0.727191371077352
371,1005,0.257216591550151
371,1131,1.15818523399972
371,1229,0.447127601318395
371,1798,1.14977956349746
371,1879,1.08761727240892
371,2162,0.529422371769149
371,2218,0.734401271631933
371,2255,1.55761808637202
371,2418,-0.156792559838351
371,2607,0.726098706208267
371,2729,0.5426439096226
371,2874,0.263410673780823
371,3089,1.69397652361536
371,3166,0.443858852932853
371,3355,0.154355249797186
371,3401,-0.606495965708791
371,3538,-1.34346244274032
372,376,1.41524177126924
372,377,0.291746855452515
372,378,1.57730200237285
372,382,2.20218426814281
372,385,1.08126131054333
372,443,0.639698122380071
372,562,0.99712471114951
372,603,2.12692037640063
372,1088,1.81221713310021
372,1482,1.15475292816738
372,1743,0.745990667250886
372,1838,1.70194316587548
372,1889,0.669952380764342
372,2036,0.811486585647616
372,2057,1.39481880141715
372,2160,1.29368749940369
372,2575,0.780420509898887
372,3190,0.87091642698011
372,3343,0.635600645400627
372,3463,-0.401830312542618
372,3725,0.398223131776629
372,3976,0.531006040377663
373,374,-0.18458409350172
373,378,0.956342959787258
373,381,-0.0004335541497607
373,393,1.22326826019294
373,446,-0.71356606322217
373,809,2.03875604128838
373,1305,-0.0314027522101097
373,1393,0.114344138574225
373,1523,1.25418565752327
373,1619,0.859184015365338
373,1904,0.607307333403684
373,1962,-0.0419864374394971
373,2228,-1.0832806901011
373,2297,-0.535570397377706
373,2757,1.70183774886212
373,2949,0.420900769701366
373,3060,-0.180832515320633
373,3262,0.827703220878059
373,3409,1.09991015235609
373,3747,-0.393776220770644
374,375,1.05850800158528
374,378,1.14092705328898
374,380,0.626359379586124
374,381,0.184150539351959
374,383,0.312524339915502
374,385,0.644886361459457
374,387,0.883068757996722
374,776,1.23142759154104
374,1509,0.639191529697408
374,1627,0.289560029766484
374,1892,0.357782113411824
374,1981,0.454176798273567
374,2075,0.691032174529577
374,2346,-0.673592751781852
374,2347,1.3329520671685
374,2774,2.11267210598414
374,3046,-0.961398926783599
374,3153,-0.0067819892352776
374,3379,-0.0473028525390115
374,3571,1.38958238487542
374,3591,1.78752931367321
374,3690,0.371613521262223
375,378,0.082419051703702
375,379,1.08664228373666
375,382,0.707301317473664
375,385,-0.413621640125819
375,416,0.237082033694698
375,433,-0.83371221146051
375,438,0.57879405103818
375,732,1.16574164517451
375,776,0.172919589955768
375,964,-0.438679521245195
375,1046,-1.30476292819901
375,1702,0.0197867932671201
375,1712,-1.06188052506924
375,2319,0.273505801910204
375,2674,0.049757353908904
375,2697,-0.311885158943946
375,2713,0.183556455849739
375,2865,-0.703225907720321
375,3203,0.682604539002283
375,3766,0.149315384285919
375,3939,0.0067387403826957
376,379,1.16628346313657
376,384,-1.39486045165784
376,596,-0.17290735117754
376,740,-0.992672449581558
376,1073,-0.401368493816457
376,1441,0.267157830502939
376,1821,-0.980194134341203
376,1923,-0.393045826140957
376,2255,0.996980436134884
376,2385,-0.706813033500127
376,2479,-0.89644486059853
376,2499,-0.72513916560542
376,2698,-0.813544748656941
376,2767,-0.878895132049536
376,2782,-0.586778962540495
376,2919,-0.310835703506034
376,2972,-0.806288643571658
376,2988,-0.003179157879288
376,3017,-0.585632970900564
376,3216,0.473182598792071
376,3569,-0.689269497400999
376,3728,-0.780659591379197
376,3735,-0.650949137017984
377,381,0.328778632983317
377,384,-0.271365535841116
377,388,0.94197043123439
377,389,1.97849171223666
377,390,1.57360683775111
377,952,0.970206974394425
377,1498,2.04251535805208
377,1614,1.61551140170865
377,1781,0.869128568404039
377,2828,1.70215012351591
377,2835,1.11180461768467
377,2908,0.714498912013925
377,2920,0.0264321446676251
377,2953,1.96600644667774
377,3530,-0.60617485970189
377,3543,0.877729251024146
377,3630,0.411961140820604
378,380,-0.514567673702853
378,384,-1.55692068276145
378,388,-0.343584715685945
378,390,0.288051690830774
378,616,-0.390759962117476
378,783,0.589259816377696
378,1032,-0.918758569050089
378,1109,-0.235661920023816
378,1232,-0.248682771447625
378,1270,0.791585477333454
378,1578,-0.737356147164391
378,1600,-1.07025785358053
378,2079,-1.42406971571488
378,2116,-1.04901174398328
378,2215,-1.06791756975014
378,2433,0.398011454514401
378,2554,-0.433140284816976
378,2597,0.18860328717487
378,2950,-0.796843200874914
378,3011,-0.527261186494539
378,3303,-0.177222701478679
378,3539,0.0956784147978995
378,3616,-0.859616044498727
378,3676,-0.631934997052969
379,380,-1.51879090573581
379,381,-1.96099974596997
379,382,-0.379340966262992
379,387,-1.26208152732521
379,908,-2.08869681860699
379,1582,-0.999180287718239
379,1676,0.050706712091273
379,1723,-1.17480454521593
379,1787,-1.60435919811752
379,2006,-1.52797554842979
379,2099,-0.655769216726987
379,2132,-2.92708588502685
379,2259,-0.469064486096346
379,2470,-1.12091675142537
379,2598,-1.67752080208908
379,2946,-1.37621931845749
379,3060,-2.14139870714084
379,3069,-2.16103801463718
379,3574,-0.465542372974382
379,3602,-0.31615009016889
380,382,1.13944993947282
380,384,-1.0423530090586
380,393,0.781492974108535
380,555,0.288346896234623
380,911,-0.204483195272927
380,1064,0.463782320192168
380,1375,0.966184809296657
380,1376,2.02423559351442
380,1618,-0.605418121308156
380,1909,-0.0060573253087194
380,2062,0.0533333270104705
380,2193,0.336802334289068
380,2454,-0.859417194464631
380,2485,1.42079780358901
380,2487,0.161350511412722
380,2885,0.908034828941972
380,3205,-0.0344497098586361
380,3215,0.42771240200612
380,3343,-0.427133683269369
380,3544,0.894367324972854
381,386,0.564700782450583
381,388,0.613191798251073
381,391,0.617227597462692
381,434,0.618603244183879
381,469,0.330193709957621
381,507,0.254980280599486
381,764,0.0946457731208472
381,941,0.630435459507932
381,1147,-0.25157464703612
381,1357,-0.759625969790999
381,1369,1.88490199958949
381,1476,0.874374986806262
381,1483,1.23848040055315
381,1641,0.147245782257404
381,1831,1.9146405298842
381,1906,0.998704543176046
381,1953,1.33653117629498
381,2142,0.513295256984809
381,2373,1.23127971649391
381,2435,-0.674076072068066
381,2518,1.23272635058732
381,2948,2.45102303751875
381,3490,0.447913957141297
381,3646,0.812031468698611
382,390,-0.336830574939188
382,392,0.137152439850102
382,395,-1.28510482907556
382,424,-0.899256575181811
382,802,-1.85557703084372
382,1075,-0.408772585472158
382,1244,-0.29947639568163
382,1505,-2.27702627229356
382,2038,-1.11909619187574
382,2113,-1.75556298690229
382,2365,-1.79151130271129
382,2381,-0.373644202971746
382,2585,-0.854731143370721
382,2803,-1.35929190972318
382,2905,-0.124610241818104
382,2909,-0.649805824883227
382,3003,-1.00752303154198
382,3123,-1.23275899349501
382,3305,-0.625793260650851
382,3353,-0.294937427452202
382,3987,-0.605596384433855
383,394,0.4469843585409
383,395,0.168180150067876
383,601,0.315742951071036
383,635,-0.60150279925117
383,666,-1.27567456504038
383,693,1.04360951175464
383,978,-0.463277606583973
383,1152,-0.932155718238177
383,1190,-0.358340635456885
383,1585,1.40475768335431
383,1699,1.20167753018619
383,1796,0.81308937821444
383,1911,0.223841023114029
383,1970,-0.266849019155061
383,2048,-0.468681456487943
383,2054,-0.870913332177084
383,2056,1.05801785345049
383,2353,0.334555545223757
383,2433,1.22641416788788
383,2663,0.0484311658695681
383,2824,1.85025273318095
383,2957,-1.10905842423153
383,3098,0.731984237562649
383,3168,-0.476201208127104
383,3854,1.11898546654662
384,388,1.21333596707551
384,390,1.84497237359222
384,393,1.82384598316713
384,435,1.43189311619546
384,926,1.38876610348979
384,1254,-0.294745388559249
384,1258,1.04027533143454
384,1485,0.570449118627433
384,1534,0.554183473672669
384,2276,0.362764816038453
384,2617,1.92857411905294
384,2674,1.52425898496665
384,2780,0.805850011561335
384,2793,0.972778174716691
384,2848,0.765035492277653
384,3088,1.07483861588059
384,3431,0.728229631849751
384,3535,1.94871123702959
384,3654,1.29695810252536
384,3834,1.25167314351446
385,386,0.103964960343085
385,390,0.784092382660294
385,393,0.762965992235202
385,395,-0.164181871476078
385,443,-0.441563188163258
385,543,0.399979135253416
385,787,1.1035672518804
385,1206,-0.585189546083952
385,1312,0.339703042052426
385,1367,-0.369658916519245
385,1492,0.781183433247202
385,1526,1.24695281754926
385,1768,0.434539987319906
385,2043,0.471529628433226
385,2142,0.0525594348773118
385,2271,0.61560358449283
385,2446,-0.85939614201419
385,2610,-0.457127792979916
385,2950,-0.300802509045393
385,3483,0.433413723565421
385,3812,1.52034056297399
385,3835,-0.317721240421499
386,387,0.13421743619418
386,388,0.0484910158004901
386,389,1.08501229680276
386,393,0.659001031892117
386,394,0.0106573766538607
386,1360,0.10985205682065
386,1383,0.417611365951549
386,1475,-0.201713024031331
386,1965,-0.292161727457727
386,2177,-0.432750929216213
386,2354,0.0080321211186841
386,2359,-0.538353414085562
386,2392,-0.452505479111164
386,2706,-0.402727995810988
386,2821,0.0871195570472115
386,3069,-0.764739051117796
386,3241,0.199892196402105
386,3493,-0.506538394699472
386,3589,0.031523616833725
386,3734,0.409216558532994
387,388,-0.0857264203936897
387,391,-0.0816906211820704
387,393,0.524783595697937
387,394,-0.123560059540319
387,396,-0.439761991133706
387,400,0.568739635443471
387,826,-0.771133481314456
387,954,0.0713201217157013
387,1498,1.01481850642401
387,1681,0.268888427515385
387,1747,0.282780220887671
387,1998,0.102348036052619
387,2088,-0.449128731137315
387,2445,-0.659443472057973
387,2622,0.223563883465999
387,2675,-0.390548900507898
387,2800,0.966635596483638
387,2953,0.938309595049658
387,3539,0.353536710090155
388,393,0.610510016091627
388,394,-0.0378336391466294
388,414,0.895251966756392
388,447,0.531072647522088
388,833,-0.0226565216667948
388,1041,-0.643290268241578
388,1119,-0.478220183063423
388,1154,-0.705114930586575
388,1242,0.802025979135001
388,1465,1.08926135735553
388,1469,-0.303076749441213
388,1637,-0.254709929278314
388,2126,-0.62017760035217
388,2201,-0.848457170322523
388,2228,-1.69603893420242
388,2520,-1.06298930335316
388,2579,-0.347353661443881
388,3064,0.70003832921004
388,3143,-0.0656571987006752
388,3221,0.180371074722891
388,3457,-0.0416106083278967
388,3989,-0.987185442636198
389,393,-0.42601126491064
389,396,-1.39055685174228
389,398,-1.95737578761603
389,399,-2.24684664645947
389,400,-0.382055225165106
389,655,-2.14087225235464
389,700,-1.40381734407622
389,1026,0.377672194537324
389,1114,-0.148395436990344
389,1263,-1.52696632279158
389,1393,-1.53493538652935
389,1800,0.579642943985404
389,1973,-1.7644563198198
389,2141,-1.93524340198001
389,2697,-1.08724077596397
389,2759,-1.12392706855557
389,3061,-0.758166097353962
389,3942,-0.965787593119687
390,392,0.473983014789291
390,394,-0.669470045663348
390,398,-1.55249091313048
390,403,-1.44637755498985
390,415,-0.339315759547451
390,427,-0.792583089004326
390,489,-1.28630658775464
390,519,-0.852603115303808
390,581,-1.01498370688715
390,1672,-0.983607559260201
390,1890,0.148969882881783
390,2498,-1.28071943895744
390,2718,-0.537063541776656
390,2795,-1.99391570206461
390,2884,-0.719634837455988
390,2993,-1.24214655513498
390,3091,-0.366276971712922
390,3216,0.0230706768576835
390,3444,-1.57804881238451
390,3897,0.173420031552469
390,3958,-1.30006396689687
390,3975,-1.19464318498034
391,396,-0.358071369951635
391,398,-0.924890305825383
391,603,0.889167290502108
391,902,-0.710503248967169
391,1093,-0.45047344817951
391,1196,-0.418252785760339
391,1198,1.06462524640011
391,1239,-0.300890814650452
391,1296,0.216315752634731
391,1317,0.36115395464488
391,1353,-0.443251937460448
391,1472,-0.927062811077962
391,1649,0.118966368104235
391,1848,-1.24303622257742
391,1929,0.740811987841168
391,2314,-0.241792433196234
391,2358,-0.135587759064563
391,2729,0.159494944756173
391,2841,0.8285583329561
391,2964,-0.883820361263615
391,3635,-1.15057808177169
391,3728,-0.603170906008485
391,3899,-1.31693162378368
392,394,-1.14345306045264
392,399,-2.31594478676322
392,403,-1.92036056977914
392,413,-0.409809432664963
392,417,-1.73953981701585
392,453,-2.26948910896206
392,1182,-0.428237615127861
392,1307,-2.18252645606776
392,1489,-1.47345122943315
392,1650,-1.2642721827884
392,2074,-1.27212160310068
392,2094,-1.43011062444683
392,2129,-0.183602081372977
392,2253,-0.139702618837029
392,2363,0.669587561458826
392,2760,-0.886799739419129
392,3604,-1.75610777628145
392,3856,-1.94859278182941
392,3921,-0.898961280821968
393,398,-1.53136452270539
393,404,-0.767886150515128
393,406,-0.166479211150958
393,588,-0.790102999707122
393,923,-0.161642096054098
393,1050,0.259818067638329
393,1363,-0.639934368289454
393,1439,-0.387666330426728
393,1749,-0.076572618175236
393,1800,1.00565420889604
393,1955,0.478071146921942
393,2160,-0.550539803374842
393,2234,-0.196097063995928
393,2306,-1.54939328161491
393,2314,-0.848266650076242
393,2543,-0.428460427485323
393,2948,1.22732122317605
393,3269,-1.30488143493272
393,3302,1.08347304066882
393,3862,0.5782486080958
393,3869,-1.19087368869763
393,3876,-0.937580926763222
394,398,-0.883020867467134
394,406,0.481864444087299
394,558,-0.352401837884421
394,581,-0.345513661223803
394,656,-0.197226933487501
394,871,-0.28325597087798
394,1006,0.638906166030714
394,1074,0.208259506136138
394,1169,0.215124570961332
394,1567,-0.989353949812273
394,1799,0.496787403586483
394,1921,0.303970671787706
394,2167,-0.228012789108356
394,2742,1.16604680933609
394,2778,1.50926375414498
394,2847,-0.564688417002683
394,2878,-0.481529215975926
394,2949,-0.154023835253317
394,2959,-1.26109408529793
394,3382,0.224272692322982
394,3436,-0.494961952860033
394,3578,-0.29681958606957
394,3667,-1.09224898769822
394,3900,-0.624444228160967
395,398,-0.60421665899411
395,402,0.294152347093022
395,403,-0.498103300853476
395,405,1.28092046530884
395,407,-0.0242638064061096
395,655,-0.787713123732723
395,853,0.612024024494436
395,1125,0.590390491012378
395,1366,-0.135795970727822
395,1732,0.805983907062624
395,1937,-0.468958804952354
395,2095,-0.198372348128378
395,2428,1.92410606958994
395,2472,0.761880659808921
395,2994,0.77645899794956
395,3124,-0.070933950006606
395,3366,-0.254663149269711
395,3399,0.592516361688251
395,3658,-0.366401231388601
396,399,-0.856289794717191
396,429,-0.552363005379312
396,753,0.441164993284225
396,873,-0.925052835695561
396,1270,1.48920576375942
396,1467,-0.725749765282154
396,1757,0.711826708648022
396,1806,0.872919992659555
396,1832,-0.588271644510128
396,1833,1.75855648689473
396,2190,-1.17907116114574
396,2203,-1.31722348444908
396,2320,0.110049669806043
396,2481,-0.0561543956761227
396,2525,0.559589223390339
396,2667,1.45787572276958
396,2775,0.190810868917834
396,2858,0.0466502917440273
396,3031,0.613113392389436
396,3372,1.67591672242496
396,3602,1.38569342829002
396,3789,0.313508518142546
397,401,0.266396512903489
397,875,-0.918725739134455
397,1324,0.262303483141549
397,1643,-0.150303859408436
397,2224,0.215085474460494
397,2494,1.47172678415829
397,2584,-0.464327437313462
397,2715,1.00679584868178
397,2838,0.527362816717157
397,2915,1.21903389317647
397,2942,0.810336720024807
397,3073,-1.16371192534083
397,3144,0.42105211918454
397,3169,0.163652463647684
397,3244,0.400963933613696
397,3316,-0.204180896042831
397,3486,1.06737707040739
397,3869,-0.26583449645768
397,3964,-0.098438126927634
398,400,1.57532056245092
398,405,1.88513712430295
398,549,1.45072355809068
398,731,1.68047065828957
398,880,0.921767008299552
398,899,0.130188532018625
398,1221,0.953082184403649
398,1350,1.54286833185164
398,1788,-0.684697688910591
398,1886,1.16471172153095
398,2059,0.783058562729888
398,2181,0.0777237036112063
398,2196,2.07398542151123
398,2340,0.585401236656206
398,2343,1.50833096784267
398,2889,0.816267460291164
398,2897,0.670717233182025
398,2975,0.0025356824004725
398,3203,1.86462470959829
398,3277,1.13981680370137
398,3308,1.12745622528107
398,3392,1.48643294606411
398,3639,0.12192740535805
398,3892,1.26824783364401
398,3960,0.863997615409357
399,400,1.86479142129437
399,401,1.16219270221237
399,407,0.869423711431444
399,408,0.743910083171254
399,411,0.598165962191638
399,673,1.05022590380205
399,1099,1.5396821604711
399,1122,1.50902643508901
399,1135,1.38132875244421
399,1354,0.730052088195873
399,1371,2.03923258893241
399,1486,1.43115938210304
399,2038,1.05969615503738
399,2267,2.15947698457943
399,2441,0.459068548482972
399,2477,2.47692719248284
399,2482,0.561013473903717
399,3367,1.42650685658419
399,3701,0.660044548809783
399,3839,0.923445353150304
399,3972,1.82833783189848
400,402,-0.676951556363792
400,405,0.309816561852027
400,409,-1.33394157292267
400,432,-0.869260645479703
400,584,-1.49593786994868
400,600,-0.743946660653032
400,613,-0.453593086063124
400,709,-1.34561684962539
400,718,-0.421718213051806
400,1105,-0.304435277052562
400,1208,-1.82410965143703
400,1335,-1.07703575654423
400,1739,-1.40016533227544
400,1893,-1.10963996085769
400,2625,-1.63137162533813
400,2664,-0.267432658764171
400,2863,-1.52204266952423
400,3211,-1.07344577944748
400,3295,-0.379641915020868
400,3303,-0.488104041629894
400,3362,-0.151975713680216
400,3727,-0.577674891172562
401,403,-0.766608485228291
401,407,-0.292768990780925
401,410,0.701036848849959
401,413,0.743942651885885
401,591,-0.425738774061803
401,714,-0.702718920749664
401,1268,-0.299388483359822
401,1290,-1.02728474838081
401,1395,-0.403910333031999
401,1828,0.204647164193619
401,2014,0.227191355000077
401,2406,-0.247516192759343
401,2885,0.785184534169903
401,2887,0.577505873412536
401,3054,-0.987850556267382
401,3116,0.587346167494753
401,3445,-1.32010275503825
401,3491,0.804003159589072
401,3761,-0.541616450518505
402,408,-0.443929781759322
402,412,-0.272637522573799
402,413,0.718295489167678
402,581,-0.360861799843801
402,597,0.865918299869211
402,699,-0.101239135707549
402,951,0.758937333710587
402,1276,-0.674016865072215
402,1303,0.0723204587885739
402,1549,-0.489339872459501
402,1581,0.572281028917367
402,1914,-0.464780272223155
402,1997,0.550245560230484
402,2538,1.14301098800886
402,2670,-0.814786333052049
402,2735,-0.948012803636115
402,2823,-0.223992110138972
402,3281,0.176628561253897
402,3370,0.547822254101377
402,3773,0.227647346942955
402,3942,0.0932191884092115
403,404,0.657365014049628
403,408,0.348325866187176
403,409,0.135265631387623
403,410,1.46764533407825
403,411,0.20258174520756
403,413,1.51055113711418
403,534,0.141692475098826
403,884,0.631964935483484
403,1123,-0.400084503225122
403,1414,1.04186556038087
403,1526,1.90923798987881
403,2085,0.648457498273419
403,2207,-0.583874434511563
403,2513,1.51387416452621
403,2813,0.951759264284618
403,3103,0.985530712067438
403,3151,-0.761468320989135
403,3195,0.347535944310799
403,3580,0.820071033328907
403,3618,2.38553994382736
403,3737,0.278628860262102
403,3782,0.667426982687969
404,406,0.60140693936417
404,407,-0.183525519602262
404,409,-0.522099382662005
404,415,0.449696781392769
404,417,-0.476544261286338
404,464,0.177108528539055
404,653,-1.59341166503661
404,847,0.361631714030965
404,932,-0.986962204763639
404,1069,-0.474359395290365
404,1713,1.11275649061846
404,2238,0.392172389522188
404,2370,-0.177737978436499
404,2454,-0.873024018058038
404,2541,-0.645201789938655
404,2571,0.214074216493743
404,2694,-0.269132971077175
404,3060,-0.636214624998444
404,3292,1.0592435414919
404,3430,-0.302689225386636
404,3646,0.356215804871039
404,3683,-0.0147206006557597
404,3738,0.372879043779699
404,3914,0.752391650123239
405,406,-0.520251812748518
405,408,-1.43069789997514
405,415,-0.671961970719919
405,418,-1.58130226149398
405,832,-1.40086960772173
405,1039,-0.716323046280682
405,1451,-0.291409792139983
405,1484,-0.692687046890264
405,1615,-1.0701870722894
405,2041,-2.21394543986266
405,2269,-0.0562167356783459
405,2415,-1.44630654902604
405,2416,-0.0243601348127962
405,2441,-1.71553943466342
405,2838,-0.751448977120358
405,3725,-1.79977677259946
405,3742,-1.10438646374144
405,3891,-0.145554705083293
405,3977,-1.10967215350647
406,407,-0.784932458966432
406,411,-1.05619020820624
406,573,-0.312910424249525
406,756,0.236704562980144
406,1587,0.0337247912569426
406,1741,-0.0740424992942406
406,1751,-0.31622586739132
406,2618,0.922702421268277
406,2662,0.261328837509962
406,2859,-0.324234522956197
406,2911,-0.652475707750067
406,2937,-1.89012492789657
406,3283,0.159938840224436
406,3867,-0.7835159648595
406,3873,-0.75473479031148
406,3966,-1.11384831564437
407,416,0.839149351702705
407,420,1.13246853745593
407,568,0.816096382765285
407,819,1.02656836402655
407,1063,0.531990630867417
407,1194,0.417009879835561
407,1366,-0.111532164321713
407,1430,-0.207982066486667
407,1768,0.622985665202094
407,1961,0.159743159426997
407,2128,0.0995299239841207
407,2205,-0.664127657036527
407,2642,1.2915877144022
407,2964,-0.538882908026233
407,2992,0.121139805081358
407,3385,0.779138805586959
407,3392,0.90648009347611
407,3594,0.293604849484615
407,3649,0.330648720300089
407,3681,0.821371630814643
407,3863,-0.24874774625256
407,3936,0.905496607803464
408,410,1.11931946789107
408,411,-0.145744120979616
408,412,0.171292259185523
408,413,1.162225270927
408,414,1.36166724904235
408,420,1.25798216571612
408,424,0.53562568856005
408,451,0.0998305916934939
408,492,0.12860951693267
408,819,1.15208199228674
408,1417,0.378097947732922
408,1488,0.0267413395298721
408,1874,-0.02825627646801
408,1918,1.03109114567445
408,2117,1.52483543350077
408,2682,0.147434227941948
408,2764,0.859981556879
408,2807,0.864647090395669
409,413,1.37528550572655
409,416,1.17772321476245
409,419,0.20840706682476
409,554,1.30999480402923
409,761,1.78105922907604
409,964,0.501961659822555
409,1184,0.42769067046582
409,1187,0.78171056486318
409,1341,1.48936603847849
409,2024,0.0791094189579038
409,2395,0.325221424736317
409,2560,0.203297715972015
409,2595,0.89595649098138
409,3020,1.74727534759517
409,3076,0.994815304638149
409,3509,0.631696023972661
409,3916,1.40050073903302
410,418,-1.26992382940991
410,419,-1.12397263586587
410,420,0.138662697825042
410,422,-0.0199336012513164
410,472,0.732471776220849
410,490,-0.0747173298347121
410,506,-1.19704351166485
410,1235,-1.02887195275299
410,1293,0.308618029344792
410,1326,-0.891415096099479
410,1563,-2.27880555278546
410,1766,-0.220583761913008
410,1823,-0.935199595488411
410,1950,-0.866234866969167
410,2323,-0.1905745997026
410,2454,-1.68330433808666
410,2793,-0.893461977963935
410,3294,-1.92050923957834
410,3427,0.018126526252757
410,3578,-0.98755741082132
410,3596,-0.383645492581884
410,3711,-0.213803712145294
410,3721,-0.50414513856794
410,3851,-0.299837151354167
411,415,0.904480050234837
411,418,-0.0048602405392218
411,420,1.40372628669573
411,436,0.266493765181203
411,437,0.864771635786787
411,806,0.0398837056238722
411,1499,0.514303770103177
411,2196,1.76529031816303
411,2300,-0.525467674563737
411,2903,1.08732092144422
411,3042,-0.435726257787714
411,3060,-0.181431356156376
411,3095,1.97848705009838
411,3371,1.57605428069054
411,3584,0.821408402156875
411,3943,2.07896226541972
412,413,0.990933011741477
412,415,0.587443670069698
412,417,-0.338797372609409
412,598,0.38194620311402
412,829,-0.740436417889687
412,863,-0.0889536029150748
412,864,-0.0408647854205175
412,948,-0.922611899742402
412,1347,1.31401951586833
412,1780,-0.0311768974240813
412,1938,-1.17460661507023
412,1975,1.24936266565453
412,2292,-0.0120491612469643
412,2352,-0.839985141821509
412,2361,0.322825602731035
412,2525,0.500676675750753
412,2549,0.251024403792787
412,3175,1.0333096255219
412,3270,0.710036888675704
412,3957,1.13469225484212
412,3981,0.762486537343671
413,416,-0.197562290964105
413,417,-1.32973038435089
413,418,-1.31282963244584
413,419,-1.16687843890179
413,425,-1.52231412537588
413,426,-1.17781801595344
413,685,-2.25900948359899
413,841,-0.368651392593964
413,1066,-1.62820870227333
413,1179,0.556013024392158
413,1451,-0.022937163091843
413,1493,-2.17247854607394
413,1551,-0.695871382188062
413,2174,-1.80891787820478
413,2194,-0.691349703339863
413,2286,-1.58751915204767
413,2606,0.0357502378884807
413,2628,-0.143726049836536
414,415,-0.602931319787124
414,419,-1.36632041701714
414,422,-0.262281382402587
414,427,-1.056198649244
414,499,-1.71603611716353
414,1099,-0.565895171742497
414,1109,-0.787329171094262
414,1386,-0.853384534046414
414,1879,-0.186747860002285
414,1927,-1.59514198461931
414,2034,-2.54863871935773
414,2061,-0.575076907548228
414,2284,-0.708494560653705
414,2430,-1.50001562939112
414,2511,-1.26032361540694
414,2566,-1.66237795667024
414,2737,-1.0563779649952
414,2751,-1.23372875118488
414,2951,-1.86887127450734
414,3057,-1.85901589586712
414,3121,-1.65154077083296
414,3339,-0.387123540822296
414,3508,-1.29210678436749
414,3590,-0.513763459362471
414,3598,-0.46927590852301
414,3670,-2.16446760726502
414,3912,-1.19116072419237
414,3955,-0.543372911238019
415,417,-0.926241042679107
415,424,-0.223110240695171
415,427,-0.453267329456875
415,510,1.0577210673753
415,516,-0.838170994905497
415,691,-1.59603650960041
415,857,-0.0314431929665936
415,934,-0.820409116524364
415,1525,0.193653901647305
415,1643,-0.757153682526031
415,1698,0.404333760236437
415,1983,-1.3929024584186
415,2501,-0.0320344365086644
415,2632,0.446821410175158
415,2793,-0.532878439328082
415,3066,-0.750728926440096
415,3559,-0.658239034965497
415,3593,-1.39511857915949
415,3763,-1.56441279457405
415,3794,-0.852123693598507
415,3818,-0.546433012916331
415,3998,0.612053936595301
416,417,-1.13216809338678
416,426,-0.980255724989331
416,443,-1.09226686198378
416,687,-0.112975595917739
416,866,0.450063820299816
416,945,-0.671097362112255
416,1053,-1.5743214072893
416,1563,-2.12414906485728
416,1569,-0.898562964008848
416,1584,-0.614120155566658
416,1705,-1.03102073091246
416,2138,0.0749349894499905
416,2180,-0.0335366936726621
416,2345,0.146877467872873
416,2587,-0.239840795935873
416,3190,-0.861048557383736
416,3356,-0.271596085091835
416,3433,-1.34657078541021
416,3504,-1.68149348108857
416,3531,-1.2319565630015
416,3899,-1.811143522249
417,422,1.26689098006364
417,426,0.15191236839745
417,427,0.472973713222232
417,554,1.26443968265357
417,829,-0.401639045280278
417,1505,-0.674638895127815
417,1682,1.35925971268634
417,1768,0.91600440688617
417,1908,1.60105826622279
417,2069,0.171122855946079
417,2188,0.693722249594232
417,2227,0.430127677127854
417,2854,1.04020188821405
417,3019,0.940558528683739
417,3179,0.643373937502841
417,3219,1.54545156315372
417,3686,0.720761496897997
417,3870,0.123488251868836
418,419,0.145951193544045
418,420,1.40858652723495
418,429,-0.289378932314537
418,631,0.346705229158692
418,839,1.10967992624981
418,924,-0.414676557681719
418,933,0.71743618825956
418,1071,-0.495346078625615
418,1517,-1.07765162769589
418,1824,0.897620059141219
418,2019,0.848526813945173
418,2057,0.778121158535032
418,2082,1.32029362877256
418,2170,0.040634979682732
418,2523,1.23556243827955
418,2632,1.35616170094922
418,2764,1.01058591839784
418,2835,0.786853830255067
418,3370,1.14235639737954
418,3685,-1.0009993152614
418,3877,0.143429212009444
419,423,-0.619434304258224
419,430,-0.486947437779053
419,677,0.566465767385008
419,1236,0.0527267491556298
419,1371,1.29997567373595
419,1383,0.840188800411805
419,1630,0.226739019116384
419,1716,1.04571488237443
419,1882,-0.493875565540421
419,1969,0.841765516697223
419,2015,-1.01790556753496
419,2124,-0.904990103815124
419,2394,-0.283115608970109
419,2708,-0.447927592655013
419,2824,1.83650318575416
419,2999,-0.371897271640748
419,3045,0.0402155520381778
419,3261,0.721742247971075
419,3328,0.757671999584352
419,3370,0.996405203835492
419,3754,0.212745954625593
419,3767,0.365941535528417
419,3829,1.5587088295383
419,3971,-0.127131200592593
420,424,-0.722356477156066
420,425,-1.61807102016499
420,426,-1.27357491074255
420,427,-0.95251356591777
420,462,-0.852879096338974
420,855,0.270660226875915
420,956,-1.3420625177773
420,1222,-0.930819923547806
420,1275,-1.92948108018821
420,1474,1.22819682987467
420,1477,0.214014170895891
420,1512,-1.90163895739498
420,1719,-0.839790151856908
420,1748,-0.41023849081954
420,2065,-1.05011872869529
420,2200,-2.36525711247676
420,2574,-1.55575041834304
420,3338,-2.1523680779392
420,3554,-0.993497041660827
420,3610,-1.02125690482216
421,423,-1.3215015649964
421,429,-1.13739738659676
421,432,-0.445793400119971
421,434,-0.225587364544621
421,597,0.612433988865152
421,613,-0.0301258407033909
421,645,-0.5706122924768
421,657,-0.357508961913537
421,961,0.550263515538287
421,1107,-0.515708716934135
421,1877,-0.774132852836567
421,1924,0.0969486736665422
421,2224,-0.330442512165261
421,2535,-0.72361467836892
421,2664,0.156034586595561
421,3564,-0.156094450837116
421,3740,-0.081162329728402
421,3952,0.438094257359242
422,424,-0.563760178079708
422,943,-2.40167713141814
422,985,-0.988386841779954
422,1014,-0.314841827800491
422,1052,-0.0823538409598444
422,1393,-1.13138468988089
422,1599,-0.438178897962697
422,1699,0.0838889481448531
422,1867,-0.414899678722916
422,1876,-0.624300921081453
422,1920,0.0080167090610022
422,2049,-0.76705061944737
422,2452,-1.52852211354202
422,2564,-1.74634112786696
422,2660,-1.50113959035478
422,3014,-1.17999768763033
422,3235,-0.688058673786644
422,3565,-1.2048224315075
422,3704,-1.79036766730046
422,3895,-1.52277491101988
423,424,1.15971316079307
423,428,0.830463522576654
423,430,0.132486866479171
423,500,0.918824935192953
423,1006,1.69157528140305
423,1036,2.41557176296703
423,1529,1.65251143231847
423,1840,1.06783258045791
423,2192,2.41114279566086
423,2335,1.05219019439921
423,2382,1.73086233356039
423,2420,-0.286309525094915
423,2766,1.45083724817371
423,3168,0.129483548704336
423,3377,0.683850412349154
423,3591,2.08068973058914
423,3823,0.962265474950543
423,3843,0.395946028882736
423,3913,1.13927249847296
424,434,-0.0637989603412902
424,488,0.150790738738662
424,680,-0.918743008702143
424,1446,0.21629085758522
424,1628,-0.164506520068284
424,1718,1.01458929705563
424,2620,-0.705238781058099
424,2621,-0.271545620445007
424,2635,-0.0570724826057093
424,2765,-0.147153377047356
424,3448,-0.513067612946185
424,3602,0.962447451275912
424,3908,-0.365134780748639
425,427,0.665557454247224
425,430,-0.131511751304968
425,433,0.253957589256565
425,435,1.04506128585479
425,686,0.58416599787284
425,771,-0.116270326281275
425,971,0.650097762644129
425,1423,0.714223224724139
425,1557,0.73376517008472
425,1774,0.620344897620215
425,1983,-0.274077674714505
425,2137,2.31402677664073
425,2181,-0.0166266662677257
425,2307,0.722481216539257
425,3150,0.320666302653493
425,3193,0.30516133247073
425,3405,1.6606279123875
425,3579,0.192578670011906
425,3652,1.15949742872326
425,3724,-0.51933531242184
425,3918,0.450914675506887
426,432,0.267213437669846
426,433,-0.0905385201658778
426,434,0.487419473245196
426,435,0.700565176432348
426,437,0.734620259833607
426,439,1.19750170049625
426,1948,0.480652690551758
426,1999,1.58286229942006
426,2191,0.65980493084256
426,2280,1.88342544966604
426,2750,-0.142208523135637
426,2900,-0.96956774835039
426,2954,0.303071164016852
426,3018,0.506354263244792
426,3613,0.566654873070891
426,3620,-0.483544469660477
427,429,-0.74545189363172
427,431,-0.186620743728377
427,434,0.166358128420414
427,435,0.379503831607566
427,438,1.00090639750803
427,490,0.739133538258016
427,533,0.903965371006048
427,651,-0.0108097115412534
427,752,0.818004877400437
427,1153,-1.13831321231981
427,1445,-0.315246209595533
427,1808,0.18135148037008
427,1882,-0.803997333313559
427,2069,-0.301850857276153
427,2111,-0.366126132018328
427,2397,0.0715594764149105
427,2407,0.880503146471119
427,2524,-0.175975549130823
427,2816,-0.357742934271439
427,3153,-0.643177644350702
427,3258,1.11406940489068
427,3319,-0.103372336033241
427,3505,0.801694480855172
427,3790,1.19871633541276
427,3862,1.34970530667503
427,3995,-0.735454911857276
428,434,0.265450677875123
428,436,-0.0856264061420494
428,438,1.09999894696274
428,439,0.975532905126173
428,440,0.561316152869719
428,643,0.418934050156641
428,756,0.94077459986313
428,1060,0.280150668211381
428,1078,-0.588658292744405
428,1088,0.838539078355626
428,1472,-0.662987779924027
428,1559,-0.0018502630576082
428,1595,-0.450385828325386
428,1609,0.334604634877181
428,1624,0.680096839202123
428,1893,-0.195134673078217
428,1998,0.448113688388625
428,2029,-0.479017113515787
428,2388,0.519013279148023
428,2445,-0.313677819721967
428,2933,0.112526262470218
428,3854,0.894206700801409
429,431,0.558831149903343
429,432,0.691603986476785
429,434,0.911810022052134
429,437,1.15901080864055
429,439,1.62189224930318
429,440,1.20767549704673
429,441,-0.184106400535165
429,442,1.85692802386322
429,657,0.779888424683219
429,726,0.984247363378643
429,867,1.94710504637473
429,1047,2.22835095043309
429,1277,0.86749283357826
429,1800,2.522562801107
429,2018,1.14804719210734
429,2154,0.668339819956053
429,2880,0.87728339596934
429,3025,1.04962463214592
429,3084,0.857807517543946
429,3160,-0.235177870542962
429,3306,1.97472493091052
429,3365,1.59515618512392
429,3404,0.982028721487884
429,3657,0.167184311034827
430,439,1.67350956122366
430,516,0.41216554010357
430,586,1.27323983986002
430,730,1.14666471970384
430,1170,1.77348140344969
430,1329,1.67844600445415
430,1378,0.457310713357316
430,1567,-0.0691717009191036
430,1587,1.43577148423741
430,1753,-0.335263883706861
430,1772,1.1700192361858
430,1897,0.446411118582652
430,2108,0.551767732243943
430,2224,0.858572186351966
430,2333,-0.434634453919995
430,2623,1.85591371470034
430,2629,1.35967609713372
430,2642,1.90870194841624
430,2820,1.20493020344145
430,2867,-0.152889369179321
430,2932,1.78535038315735
430,3002,2.16096249162019
430,3222,0.976940376977042
430,3554,0.756085729809135
430,3635,-0.188526394520271
430,3676,0.669665606672775
430,3861,0.928693746319603
431,441,-0.742937550438509
431,810,1.06398816765422
431,848,1.11757529777387
431,1001,-0.323360924916705
431,1156,0.764324312597878
431,1274,-1.1787102598576
431,1403,2.07852587498026
431,1911,0.0865904516424839
431,2006,0.167399825505095
431,2332,-0.712099660880647
431,2535,-0.145048441675508
431,2818,-0.626016654084169
431,2960,0.297457065006239
431,3031,0.606645247865405
431,3109,-1.32581549004011
431,3243,1.06396089735446
431,3363,-0.924653153143029
432,434,0.220206035575349
432,436,-0.130871048441823
432,440,0.516071510569946
432,624,-0.273042183813329
432,893,0.912391684350841
432,927,0.314878707406056
432,1040,-1.61423181151833
432,1148,0.393645650539909
432,1258,0.0417339540015764
432,1816,-0.0845898912414056
432,1948,0.213439252881912
432,1975,1.16903423219664
432,2176,-1.05700448396777
432,2457,-0.507525356941254
432,2571,0.271492671712785
432,2692,-0.0240217173124769
432,3014,-0.332232513633983
432,3185,0.116444190288827
432,3201,-1.20538852695848
432,3204,0.0556329613064273
432,3230,-0.089042269526183
432,3545,-0.201678804939627
432,3684,-0.638293153874245
432,3985,0.181986536052389
433,434,0.577957993411074
433,442,1.52307599522216
433,444,0.878187766714793
433,549,1.10241559895518
433,1116,1.60179897035402
433,1413,0.038661704121927
433,1552,1.09428482363538
433,1820,-1.00376667420015
433,2006,0.392378946767377
433,2054,-0.783184782386346
433,2744,-0.0777043782046628
433,2941,0.541421883518827
433,3018,0.59689278341067
433,3131,0.254989224209627
433,3367,0.788728038605248
433,3447,0.791775432177382
433,3615,0.084741568405781
434,437,0.247200786588412
434,438,0.834548269087617
434,444,0.30022977330372
434,733,-0.942832680763503
434,918,0.841305552554561
434,1399,2.35329887207055
434,1436,0.784219467761859
434,1580,0.0434541862734122
434,1584,-0.121283903822523
434,1888,-0.673398966861036
434,1949,0.131651925670866
434,1958,1.13997990338617
434,2075,-0.111721609006261
434,2217,0.254210008344826
434,2367,0.292605142465234
434,3912,-0.301320203368787
435,437,0.0340550834012593
435,440,0.0827197718074437
435,441,-1.30906212577445
435,442,0.731972298623933
435,448,-0.786090834833865
435,1087,0.582197949683187
435,1969,0.152139917316518
435,2111,-0.745629963625895
435,2631,0.219046544529531
435,2886,0.325657398291908
435,2999,-1.06152287102145
435,3020,0.849242681389703
435,3099,-0.0076281327508983
435,3322,-0.326272882122971
435,3658,-0.901596228128213
435,3730,0.974820621629345
436,437,0.598277870605584
436,441,-0.744839338570128
436,444,0.651306857320892
436,449,-0.0414906987827376
436,742,0.455872514020999
436,885,0.0984539478667624
436,913,1.55297652067613
436,1518,0.555363744849649
436,1654,0.0540094534523826
436,1670,0.589236015806809
436,1764,0.16142700885171
436,1993,-0.194354483948869
436,2033,1.2707668382696
436,2185,0.208715974149672
436,2497,0.626263378570136
436,2772,-0.423426223944568
436,3252,1.46704522150695
436,3334,1.05838272049153
436,3339,0.853794064018461
436,3360,0.840713030530271
436,3406,-0.491058098308633
436,3630,-0.18434365232942
436,3746,-0.430125639274285
436,3749,-1.54685440881887
436,3934,0.614966644454824
437,440,0.0486646884061844
437,442,0.697917215222673
437,443,-0.846631396828051
437,449,-0.639768569388321
437,671,-0.864311497611833
437,1107,-0.537322138977925
437,1245,-0.240430837680903
437,1379,0.169053229711113
437,1386,-0.21074479981124
437,2317,0.401927157573556
437,2386,0.315642508480841
437,2651,-0.0002749328258643
437,3124,-0.640184030147478
437,3435,-0.163214292532032
437,3466,0.0488185529103633
437,3853,-1.57814016002233
438,440,-0.538682794093021
438,441,-1.93046469167492
438,449,-1.22711605188753
438,450,-1.48210767935449
438,1323,-1.59611373259186
438,1495,-0.4205532899985
438,1545,-0.749935476708057
438,2356,-1.60214307572777
438,2520,-1.90294901837358
438,2773,0.482659777622476
438,2789,-0.272572963530358
438,2797,-0.522498553627144
438,3383,-0.967601092495329
438,3475,-1.85856745763547
438,3495,-0.0745705358828596
438,3801,-0.442235759975856
439,442,0.235035774560035
439,444,-0.409852453947331
439,445,-1.11867453088911
439,447,-0.184421025661768
439,640,-1.02097472249132
439,1730,-0.52246837488998
439,2177,-1.19673561820056
439,2181,-1.55862447618641
439,2296,-0.0391331707328029
439,2480,-0.775233802031033
439,2523,-0.0969508787090927
439,2540,-1.34229589699989
439,2777,-0.923259866568467
439,2848,-1.16379414798171
439,3378,0.475394799884572
439,3485,-1.08739806894618
439,3985,-0.74830172677401
440,444,0.0043642983091234
440,445,-0.704457778632651
440,448,-0.868810606641309
440,451,-0.667861611519862
440,532,-1.17740623204849
440,747,-0.822499428833284
440,897,-0.404822872262225
440,1581,0.248518607463334
440,2002,0.870603363548729
440,2032,0.385345265624021
440,2178,-0.113085204307167
440,2441,-1.05253373790164
440,2752,-1.10886903448043
440,3218,0.0283427900039748
440,3244,-0.214842163462034
440,3522,-0.260010495894382
440,3680,0.138579804309501
440,3698,1.06719263814114
441,444,1.39614619589102
441,447,1.62157762417658
441,448,0.522971290940587
441,449,0.70334863978739
441,451,0.723920286062034
441,508,0.884204962844615
441,642,1.45146904159161
441,726,1.16835376391381
441,1066,0.158106263022211
441,1813,0.671170012929574
441,1815,0.64420523523049
441,2046,-0.439210525811385
441,2768,0.81255452765645
441,3471,1.92531033153991
441,3489,1.79965925758293
441,3679,0.315402658604377
441,3712,1.46798485184595
441,3819,0.529249305461377
442,444,-0.644888228507366
442,449,-1.33768578461099
442,455,-0.824581109964661
442,500,-1.12220726706991
442,590,-1.24683228341204
442,736,0.374466993698401
442,772,-1.88293943636624
442,1099,-0.621172652729996
442,1130,-1.79398567042422
442,1154,-1.65564437833047
442,1325,-0.938801121987821
442,1976,-1.69825345226469
442,2245,-2.12196127909797
442,2519,0.0372957285963988
442,2701,-1.55485023976485
442,2719,-1.46838284926859
442,2768,-1.22847989674194
442,3143,-1.01618664644457
442,3463,-2.58607704697341
442,3725,-1.78602360265417
442,3817,-0.852784394809046
442,3859,-0.287801684661109
442,3941,-0.871728574012786
443,447,1.12509181182892
443,448,0.026485478592927
443,455,0.719967502086064
443,548,1.04232212234258
443,714,-0.156832419687669
443,948,-0.623715758535999
443,969,1.26840994412293
443,1149,0.624308204391665
443,1453,0.523691884767053
443,1774,0.387859925192217
443,1918,1.15869502769533
443,1959,1.30137731303341
443,2304,0.651943359529109
443,2514,2.32695090685109
443,2720,0.743782264351942
443,3528,0.581954024976702
443,3855,-0.678855299969427
443,3871,1.09207470210937
443,3874,1.0392465721117
444,450,-0.947789183570592
444,451,-0.672225909828986
444,453,-1.46951090689258
444,454,-0.723256030365697
444,457,0.16178229095573
444,579,-0.913490310244416
444,601,-0.47471626585302
444,608,0.10827058116081
444,1319,-0.798114968751914
444,1962,-0.960385900777335
444,2267,0.643510399885692
444,2274,-0.460202296209363
444,2456,-0.199319575578719
444,2544,-0.571295243719308
444,2834,-0.264795178891549
444,2889,-0.410228265559126
444,2891,-0.0326856857099086
444,3455,-0.194634258794023
444,3573,0.3780867220151
444,3831,0.361259439236701
444,3853,-1.63116914673764
444,3958,-0.974068779616674
445,446,-0.923143449618234
445,448,-0.164352828008658
445,450,-0.238967106628818
445,453,-0.760688829950804
445,456,0.191464025635752
445,457,0.870604367897505
445,550,-0.772195946581072
445,660,-0.696150147793737
445,849,1.27119815836605
445,869,1.2833783562138
445,1016,-0.490282132563706
445,1600,-0.323492280189337
445,2260,0.269825976999684
445,2499,-0.14043382331784
445,2767,-0.294189789761955
445,2933,0.255667888233151
445,3348,0.657161657671926
445,3439,-0.514800807692667
445,3644,0.230022783624132
446,449,0.939167970456379
446,450,0.684176342989416
446,454,0.908709496194311
446,455,1.45227264510271
446,456,1.11460747525399
446,458,1.39606500487159
446,557,2.50384097327368
446,1390,1.86206205910017
446,1542,1.82394395756694
446,1560,1.68879740213255
446,1609,1.40088971025835
446,1678,0.933432598962307
446,1723,1.49932770982645
446,2681,1.66956502398427
446,2817,1.67458981321067
446,3243,2.04271777846195
446,3292,2.22819171439189
446,3535,2.06169957727757
446,3859,1.98905207040627
446,3869,0.745960634717475
446,3893,0.788759377059281
447,450,-1.17322061185615
447,452,-0.928528365122121
447,454,-0.948687458651259
447,459,0.263484137701497
447,460,-1.06113151503568
447,679,-0.817348671997923
447,704,0.353501397629174
447,729,-0.0436408705112437
447,757,0.619957049282464
447,956,-1.08156828186922
447,1034,-0.788746439752506
447,1057,-1.00326644141147
447,1084,-0.482504966264891
447,1931,-1.63808695048928
447,2024,-1.13143874564969
447,2135,-0.413480838456386
447,2532,-1.04284086788052
447,2673,-1.72390468710403
447,2699,-1.00268929295137
447,3055,-0.960185922661411
447,3160,-1.67264909418438
447,3472,-0.715400783704574
447,3713,-1.25552049991009
448,450,-0.0746142786201598
448,456,0.355816853644409
448,838,0.617144095112541
448,843,0.879979862374148
448,858,0.0352983618753952
448,1200,0.27663676645323
448,1262,0.110455879067082
448,1274,-0.958744000359673
448,1282,1.96760332433548
448,1299,-0.709916306739251
448,1517,-1.12713758578677
448,1559,0.305644190713982
448,1784,1.22042740817714
448,1870,-0.46147214211279
448,2357,0.874526815946498
448,2754,0.381258783020895
448,3011,0.383857214905312
448,3049,0.7657846121969
448,3071,0.514577531814606
448,3165,0.0133692041984214
448,3263,0.690076138775836
448,3456,0.311953624309168
448,3837,1.15012287300496
449,450,-0.254991627466963
449,453,-0.776713350788949
449,454,-0.0304584742620677
449,456,0.175439504797606
449,458,0.456897034415212
449,459,1.18171312209069
449,462,0.325844123958292
449,698,0.385066219244694
449,945,0.21430667243179
449,1038,-0.24521494386761
449,2324,0.592894158679387
449,2433,1.12875250706745
449,2616,0.347547167884609
449,2721,-0.532757033248593
449,2724,-1.41036190738221
449,3165,-0.167008144648382
449,3835,-0.0830208796979711
449,3898,0.829341658551955
450,454,0.224533153204895
450,455,0.768096302113297
450,456,0.430431132264569
450,457,1.10957147452632
450,459,1.43670474955765
450,462,0.580835751425255
450,463,2.01801924776934
450,546,0.816484359914167
450,780,-0.584822808371735
450,902,-0.0643194854214835
450,1110,0.230162301190403
450,1305,-0.0020130319773555
450,1595,-0.0682770959336364
450,1770,0.397082798848142
450,2106,0.242450659104753
450,2140,2.27335843328838
450,2196,1.79527887923153
450,2281,0.517819542609332
450,2508,0.323704755792253
450,2582,0.508189396924642
450,2724,-1.15537027991525
450,2970,1.60503675098293
450,3231,0.778804480590845
450,3465,0.9616301331999
450,3663,1.2148468605517
451,457,0.834008200784715
451,458,0.436325388140569
451,459,1.16114147581605
451,461,0.915981037455556
451,462,0.305272477683648
451,463,1.74245597402774
451,464,0.386317084708013
451,1000,0.928731391244243
451,1207,0.647276250227403
451,1792,0.704371496124501
451,1847,0.910916830270184
451,1878,0.333475276935679
451,2000,0.977435564734495
451,2146,1.07772587511992
451,2323,0.82891427649498
451,2482,-0.282727200961031
451,2506,0.319890718044726
451,2528,-1.01696724767343
451,2713,0.811306810424442
451,3889,0.570623390013425
452,456,0.185738885530536
452,463,1.77332700103531
452,464,0.417188111715587
452,475,0.48531249676273
452,1164,0.636535075834771
452,1190,-0.445702915544382
452,1579,-0.147379144820109
452,1695,0.68741670126216
452,1876,0.406125380872384
452,1900,-0.940500360066546
452,2514,2.13038746014429
452,2519,1.38528089394032
452,2553,0.446926536492478
452,2734,0.79191922839262
452,3368,0.987547100034381
452,3601,0.936814499111286
452,3793,0.945669863878664
452,3978,0.415601196375117
453,456,0.952152855586555
453,463,2.53974097109133
453,466,0.63064193556386
453,683,0.812475362049019
453,922,1.83254247376248
453,1044,0.790161053198291
453,1049,0.944043102014602
453,1239,0.86701467221722
453,1769,1.52128632481179
453,1894,1.49963266943873
453,2619,0.838926806132968
453,2812,0.244433407677708
453,2932,1.9912041827736
453,3313,0.504880107862102
453,3364,-0.314286501014497
453,3392,1.7294481271064
453,3854,1.79803715651515
453,3888,0.37119449534196
454,457,0.885038321321427
454,459,1.21217159635276
454,466,-0.115612940963022
454,725,-0.556361386825884
454,885,0.170403120911568
454,899,-0.373051163465968
454,938,1.06252661113016
454,1468,0.0529476590013871
454,1540,0.394263571714089
454,1907,1.3519862849911
454,1953,1.14095418917308
454,2122,-0.157445761693248
454,2175,0.484192911817061
454,2260,0.284259930423606
454,2270,0.940523159352366
454,2297,-0.730713830349847
454,2311,-0.601114748686545
454,2316,-1.3644248445219
454,2933,0.270101841657073
454,2980,-0.336235108540249
454,3109,-1.25576810512692
454,3137,1.17069926472927
455,461,0.423448009083866
455,465,-0.459369787636952
455,467,-0.189651970675586
455,605,-0.951042221945791
455,964,-0.303462195042182
455,974,-1.26707189108046
455,1025,-0.216324958727599
455,1309,-0.933287725853953
455,1365,0.619047972083611
455,1429,0.0725488027247748
455,1520,1.29099342607406
455,1570,-1.47236505720279
455,1650,-0.284601099261619
455,1869,-0.80749756814238
455,2342,0.297649610317933
455,2521,-0.197981641038111
455,2703,-0.672803249927827
455,2841,0.706645794388488
455,2969,0.334547774943625
455,2986,-1.1712634573472
455,3141,0.642871150624899
455,3334,0.586768744627931
455,3411,-0.157900698555856
455,3750,-0.332041417689564
455,3884,-0.149550122897511
456,457,0.679140342261753
456,458,0.281457529617606
456,459,1.00627361729308
456,466,-0.321510920022696
456,500,0.0400390127434799
456,632,1.5755333403082
456,752,0.868775026982326
456,832,-0.224870157963045
456,858,-0.320518491769014
456,1651,-0.617616273494917
456,1717,0.52301882882882
456,1927,-0.488173185793417
456,2296,0.888077334520551
456,2311,-0.807012727746219
456,2388,0.470690879275204
456,2441,-0.539539984904738
456,2689,0.0529098976801432
456,3231,0.348373348326275
456,3691,0.770515956216373
456,3792,-0.0030197553232183
457,461,0.0819728366708406
457,463,0.908447773243021
457,464,-0.447691116076702
457,467,-0.531127143088612
457,538,-0.622828643770123
457,812,-0.926309477335077
457,1235,-0.843391277340123
457,1321,-0.234113839019881
457,1332,-0.187361444222736
457,1355,0.524348294428951
457,1459,-0.531856470456415
457,1549,-0.979248883178388
457,1756,-0.549202870132715
457,1898,-0.305954637561509
457,2074,-0.633925691986924
457,2123,-1.03034133574191
457,2419,-0.928371254806303
457,2456,-0.361101866534449
457,2466,0.190390893210081
457,3077,-0.588449268453508
457,3711,-0.028323036732429
458,460,-0.599799565061703
458,462,-0.13105291045692
458,463,1.30613058588717
458,469,-0.352738785841561
458,476,-0.684213857099922
458,622,0.0981130787003186
458,1710,0.301989991192953
458,1816,-0.369125178432058
458,2206,-0.348219735636881
458,2485,1.180074148024
458,2492,-0.0541369166160404
458,2900,-1.52131647321089
458,3130,0.134774850690976
458,3193,-0.591083501812211
458,3209,-0.334380228638301
458,3432,-0.779413557800443
458,3558,0.0687323529329666
458,3626,0.893777657679795
459,461,-0.245160438360489
459,467,-0.858260418119941
459,468,-0.805758122623145
459,469,-1.07755487351704
459,470,-1.62137595822274
459,471,-0.763719978985661
459,622,-0.626703008975158
459,1345,0.0365720903155992
459,1416,-0.579174334060626
459,1865,0.532507409433805
459,2067,-0.698412554898206
459,2202,-0.432513460336405
459,2358,-0.92610874507653
459,2640,-1.61908234852343
459,2641,-2.5844596176494
459,2797,-0.477095623830306
459,2873,-0.550271885588012
459,3193,-1.31589958948769
459,3235,-0.849644874656425
459,3310,0.0544618266631087
460,461,1.07945521437669
460,463,1.90593015094887
460,470,-0.296760305485563
460,471,0.560895673751519
460,473,1.00344267463901
460,506,-0.0140804585461331
460,663,1.27823001889415
460,811,1.64425111506859
460,922,1.19873165362002
460,961,1.31132119352931
460,991,1.36943800707089
460,1446,0.815560131372911
460,1521,-0.197191364544396
460,1608,1.29047841493853
460,1805,0.113607842180469
460,1875,-0.41246307286428
460,1956,0.813288945458791
460,2466,1.18787327091593
460,2992,0.310297018569189
460,3016,0.435565234283297
460,3170,1.46251608838877
460,3210,2.81280136566633
460,3375,1.13119881083053
460,3436,-0.0027367244930678
460,3463,-1.10548873171593
460,3524,-0.617540843514041
461,464,-0.529663952747543
461,466,-1.08262409895529
461,471,-0.518559540625172
461,472,0.835979614962873
461,473,-0.0760125397376837
461,612,0.488315333069158
461,916,-0.926454060970738
461,1009,-0.771740372054386
461,1239,-0.846251362301929
461,1623,-0.596532224791734
461,1701,-0.847404519020665
461,1857,-2.22939768003364
461,2429,-0.0404273355426983
461,2610,-1.15898011598659
461,2801,-1.52295510525969
461,3078,0.652419699213236
461,3644,-0.722554420944214
461,3961,-1.02301348029688
461,3983,-1.16936175751908
462,465,-0.27210923694891
462,469,-0.221685875384641
462,470,-0.765506960090346
462,473,0.534696020034224
462,474,-0.311140378387947
462,625,0.198660902577184
462,829,-0.974247228081307
462,1001,-0.609616138223879
462,1048,1.17189991412344
462,1206,-0.676333309318716
462,1282,1.46138185153038
462,1606,-0.187370620238671
462,1887,-1.59647561596339
462,2003,-0.052545659929287
462,2263,-0.133262046483135
462,2350,0.665786250864851
462,2372,-0.503228894228824
462,2725,-0.536096269016939
462,3164,0.183920856461321
462,3395,0.726021627618893
462,3423,0.860068454823232
462,3717,0.0512909884163191
463,466,-1.90909903552747
463,470,-2.20269045643443
463,472,0.0095046783906928
463,613,-1.17499831366124
463,847,-1.17161570382781
463,871,-1.69696089345989
463,1001,-2.04679963456797
463,1004,-0.908138188755534
463,1036,-0.0508022749872197
463,1704,-0.579381543825271
463,1956,-1.09264120549008
463,2213,-1.85771249439817
463,2226,-2.09466769106327
463,2255,-0.197366362718062
463,2996,-1.55432802078344
463,3362,-0.873380941278332
463,3451,-2.77955140694914
463,3560,-0.776272530058097
463,3988,-0.175351274896002
464,465,-0.353153843973275
464,467,-0.0834360270119095
464,474,-0.392184985412312
464,475,0.0681243850471431
464,476,-0.634205553667367
464,842,-0.975700827098481
464,915,0.953322163207022
464,1232,0.0751695501227661
464,2138,0.553450293011378
464,2224,-0.119176095803387
464,2255,1.15877252660166
464,2617,0.695505757861881
464,2758,-0.173803822140376
464,3645,-0.185584547202325
464,3865,0.980670594287218
464,3888,-0.812407586429646
464,3965,0.188455761072
465,469,0.050423361564269
465,471,0.364258256095646
465,473,0.806805256983134
465,474,-0.0390311414390372
465,476,-0.281051709694091
465,477,0.536517555833924
465,492,-0.0043843154955616
465,831,-0.127930277844455
465,904,1.76631147248014
465,1202,0.700719860687364
465,1344,0.0360769948100761
465,1990,0.155803981976899
465,2068,-0.139892785833344
465,2155,-0.199910167767984
465,2241,0.30758942008884
465,2317,0.987960839952495
465,2363,2.10862843262256
465,2395,-0.0208326424914682
465,2422,0.15296138390848
465,2942,0.829228993734201
465,3019,0.640059582831621
465,3110,1.30882970126815
465,3483,0.614379197279567
465,3653,-0.768867699803637
466,468,0.522026414692633
466,472,1.91860371391816
466,473,1.00661155921761
466,475,0.621084531254889
466,544,1.36256194927931
466,596,0.541844885496985
466,654,-0.0783657378406545
466,714,-0.217623831902309
466,1019,-0.699298168743718
466,1088,1.1117275985055
466,1180,-0.339054493391495
466,1520,1.95016951594548
466,1531,0.305316904048219
466,1652,0.994453566690129
466,1794,-0.20305003509889
466,1811,0.821715458289443
466,1922,1.81817017882847
466,2025,-0.717907633261186
466,2051,-0.287143450603195
466,2209,-0.581039479549068
466,2527,-0.278186446669626
466,2811,-0.317478349982273
466,3049,0.731478678575186
466,3795,0.688030506131561
467,474,-0.308748958400403
467,478,0.142564459417599
467,479,-0.358786163776783
467,512,1.58665434197791
467,849,0.931720933557158
467,1049,-0.156122952745095
467,1446,0.349204896755672
467,1640,0.526576447663122
467,1651,-0.765629472668058
467,1694,-0.233032509531372
467,1727,-0.849207175959008
467,1732,0.553049692339327
467,1961,-0.117454861702411
467,2080,0.882823378611365
467,2231,0.290860253366039
467,2461,0.109315330374033
467,2473,-0.335092459616601
467,2944,-0.768106875551259
467,3219,0.975234800340231
467,3587,-0.365441689748399
467,3787,-0.314583534395105
467,3951,-1.47811062303844
468,471,0.0420381436374841
468,474,-0.361251253897199
468,476,-0.603271822152253
468,478,0.0900621639208025
468,481,1.27605408105066
468,806,-0.561074360242138
468,1220,1.63202555817553
468,1330,0.335901743847922
468,1503,0.264331830274249
468,1677,-0.660103872867391
468,1731,0.371684416560233
468,1794,-0.725076449791523
468,2007,1.15425167509702
468,2468,0.621170837198842
468,2996,-0.167255399948599
468,3060,-0.782389422022386
468,3373,0.948241672798245
468,3623,-0.708153105007718
469,470,-0.543821084705705
469,471,0.313834894531377
469,477,0.486094194269655
469,478,0.361858914814696
469,481,1.54785083194455
469,522,-0.327052842558853
469,943,-1.48570845877089
469,1408,0.240560139439645
469,1584,0.167125630403736
469,1655,-0.100142539368355
469,2603,0.247948470510094
469,2726,-1.24802107818887
469,2737,0.121872090054646
469,3031,0.542075909942872
469,3467,-0.215567158629057
469,3504,-0.900247695118178
469,3530,-1.26514720264283
469,3606,-0.119051600021608
469,3626,1.24651644352136
469,3673,0.91087367805892
469,3865,1.28340107669622
470,471,0.857655979237082
470,472,2.21219513482513
470,476,0.212346013447344
470,477,1.02991527897536
470,479,0.404329376326018
470,480,-0.295768920539748
470,569,0.908201543481489
470,854,0.73626319639568
470,871,0.505729562974548
470,883,1.52702787993616
470,930,1.05239861961182
470,1036,2.15188818144721
470,1128,0.599710956067828
470,1211,0.53630944611733
470,1810,1.77951028257445
470,2591,0.786377163923188
470,2918,0.719834443199664
470,2979,0.951309546334227
470,3624,1.08334371515877
470,3650,0.331708669183926
471,472,1.35453915558805
471,474,-0.403289397534683
471,475,0.057019972924772
471,476,-0.645309965789738
471,480,-1.15342489977683
471,484,0.696893207472885
471,600,-0.120317411053796
471,795,-0.200817422150498
471,802,-0.917946855625741
471,931,0.345051887760718
471,1762,-0.625183070660929
471,1799,0.428116958201929
471,2079,-1.11132180626686
471,2212,0.267033908638191
471,2461,0.0147748912397529
471,2614,0.605668225016305
471,3659,-0.0593285223267987
471,3684,-0.883924549754713
471,3726,-0.0605423257216548
471,3743,0.862970936444019
471,3847,0.39982446313025
471,3906,-0.920720978646531
472,473,-0.911992154700557
472,474,-1.75782855312273
472,481,-0.120523218174873
472,482,-0.876874212002535
472,485,-1.12423038535384
472,828,-0.950983724059897
472,979,-2.35455790815298
472,1192,-1.30877747501904
472,1333,-0.309333560718479
472,1478,-0.454206628741227
472,1615,-1.49128041642618
472,1738,-1.26525889650787
472,2721,-2.30528933194167
472,2850,-1.70672243757269
472,3189,-1.39002432989395
473,474,-0.845836398422171
473,476,-1.08785696667723
473,477,-0.27028770114921
473,484,0.254346206585397
473,600,-0.562864411941284
473,958,-0.0449149533000468
473,1125,-0.199631163732688
473,1195,-1.26559221588874
473,1267,0.0291359509037795
473,1341,0.33650671426757
473,1496,-0.16860801057205
473,2496,-0.229938978848866
473,2883,0.145688996762341
473,3125,-1.20773220780873
473,3403,-0.45336066034554
473,3956,-1.04534684004955
474,479,-0.0500372053763803
474,480,-0.750135502242146
474,483,0.526226815406903
474,485,0.633598167768885
474,706,0.835846183424508
474,925,1.92548342135199
474,1283,0.379427241755853
474,1665,0.923612148758452
474,1923,0.160931249738133
474,2132,-1.2068253460112
474,2142,0.272556050030495
474,2409,1.51568987324581
474,2644,0.448864312035574
474,2884,0.284454160357489
474,2910,0.306274492338566
474,3278,0.69886106925633
474,3545,-0.0440208032854116
474,3600,1.68383838231523
475,476,-0.70232993871451
475,477,0.115239326813506
475,479,-0.510346575835836
475,482,0.420644970660738
475,486,1.36737198810134
475,559,0.525525472161722
475,630,-0.929583463873135
475,1054,0.373275730421529
475,1150,0.251205574193399
475,1201,1.062573679594
475,1264,-0.534939019764808
475,1289,1.12215955117282
475,1358,-1.05957826770149
475,1709,-0.352323191967324
475,1777,-0.0564778451620989
475,2260,-0.221211659868262
475,3119,0.629351086065889
475,3322,-0.195572512165709
475,3453,-1.18225096328414
475,3473,-0.209102872533374
475,3507,1.38415273976464
475,3663,0.484842117054937
475,3679,-0.862959097212813
476,479,0.191983362878674
476,481,1.87932590320291
476,488,0.834474304564571
476,489,-0.0401970216861082
476,912,0.230954765831377
476,1164,0.853552517786551
476,1225,0.419475253487565
476,1308,0.636220207458793
476,1324,0.562247466545034
476,1359,1.80734470215294
476,1534,-0.0446793338510235
476,1852,0.0379249544054063
476,2556,-0.268142399771463
476,2605,0.724889540782882
476,3325,1.15927144181539
476,3492,0.269826503453035
476,3833,-0.0070970393968344
476,3913,0.663242903505803
477,479,-0.625585902649341
477,480,-1.32568419951511
477,481,1.06175663767489
477,483,-0.0493218818660583
477,485,0.0580494704959242
477,486,1.25213266128783
477,487,-1.95520077601486
477,488,0.0169050390365562
477,489,-0.857766287214123
477,490,0.375090749794206
477,1053,-1.27916981558856
477,1915,-1.01554542540591
477,2288,-0.0223137819662824
477,2438,-0.879111455441352
477,2557,0.890864350080472
477,2643,-0.719397169465164
477,2699,-0.674712751405487
477,2892,0.510347170004801
477,3377,-0.609748448146019
477,3386,0.0058213858780699
477,3840,1.09323168279944
477,3962,-0.989476884615128
478,481,1.18599191712985
478,483,0.074913397588901
478,489,-0.733531007759164
478,490,0.499326029249166
478,665,-0.622184350929042
478,817,0.120071616924964
478,960,-0.674702393502921
478,1258,-0.25192146216221
478,1691,-1.70626445021973
478,1979,-0.102168674701236
478,2043,0.240212825768407
478,2096,-0.387502930874346
478,2184,-0.234997148080557
478,2302,0.425253871727821
478,2898,-0.807384716886565
478,3003,-0.117916876607312
478,3052,-0.301279455308866
478,3216,0.575846256853159
478,3299,0.554655174855031
478,3685,-1.69687978558744
478,3814,-0.763346561838767
479,480,-0.700098296865766
479,483,0.576264020783283
479,485,0.683635373145265
479,488,0.642490941685897
479,1234,0.0413320692704734
479,1352,-0.0439391928605751
479,1474,2.44225350997797
479,1627,-0.0852925111634091
479,2147,0.343320721896943
479,2239,0.956950262501093
479,2252,0.311795297186919
479,2476,0.454039744739811
479,2544,0.156835772190357
479,2836,0.584046286095321
479,2886,0.966704344085006
479,3030,1.1173261074437
479,3064,1.12252812588318
480,486,2.57781686080294
480,488,1.34258923855166
480,745,0.884907276655991
480,762,0.1248333584913
480,1080,1.03949631410199
480,1133,2.6790380507359
480,1179,2.37441110657211
480,1315,0.24753147537493
480,1388,0.43708340920566
480,1450,0.169298993099491
480,1457,1.26458289328745
480,1533,1.21634869131218
480,1729,0.465401148686274
480,1933,1.89963895961805
480,2305,1.36882309165232
480,2833,1.20442136493359
480,2916,0.782022620703271
480,3332,0.699628842995389
480,3366,0.55128709664954
480,3456,0.867008032134166
480,3461,0.36827327231716
480,3602,2.15424595108891
480,3641,0.955218444503595
480,3674,0.632222037140264
480,3847,1.55324936290708
481,484,-0.537122729940287
481,485,-1.00370716717897
481,486,0.190376023612935
481,487,-3.01695741368976
481,488,-1.04485159863834
481,492,-1.60265850900438
481,580,-0.320923921420017
481,1011,-1.68182250463985
481,1561,-0.528030013121016
481,1568,-2.11450569815938
481,1802,-0.774462902137614
481,2377,-1.49359306347612
481,2405,-1.52063600638391
481,2686,-2.15556024594746
481,3176,-1.0360120543372
481,3361,-1.71521860150802
481,3765,-1.02003251505862
481,3854,-0.630685274792003
481,3864,-2.14815175843804
482,489,-1.16317193106136
482,1204,-1.20691509420349
482,1419,-0.0325921758464663
482,1595,-1.21892681009114
482,1724,0.511708093119061
482,1743,-0.996228369259453
482,1850,-0.374904475324312
482,2528,-1.89205368808932
482,3095,0.857825897009377
482,3134,0.27403633028712
482,3477,-0.604021070545485
482,3519,-1.23362562554455
482,3684,-1.36158949334022
482,3717,-0.518522974315927
482,3722,-1.06414091634958
482,3809,-0.5070418278009
482,3856,-1.35147511034683
482,3998,0.395872833741134
483,485,0.107371352361982
483,487,-1.90587889414881
483,490,0.424412631660265
483,491,-0.690594584023319
483,495,-0.0986551334344922
483,496,-0.710627885647005
483,611,-0.295998074333122
483,777,-1.0272128817752
483,826,-0.83918128503091
483,871,-0.474863834134753
483,1633,-0.486490776373254
483,1890,0.626832065288358
483,1943,-0.443657471431021
483,2118,0.210995175030746
483,2302,0.35034047413892
483,2454,-1.18417437659168
483,2495,-0.561165810075374
483,3405,0.680349551542523
483,3762,0.414926440253604
484,489,-1.38240019494873
484,492,-1.06553577906409
484,493,-1.91541907825452
484,494,-0.39218684759078
484,774,-2.86485664433546
484,978,-1.67582561798231
484,1099,-0.398373218696914
484,1117,-1.33174868915295
484,1330,-0.403029607262447
484,1604,-1.34945929686018
484,1623,-0.774865891639447
484,2038,-0.878359224130639
484,2117,0.330690137504003
484,2499,-1.2713446947339
484,2855,-0.424649534849032
484,2958,-0.215470459020251
484,2976,0.158013366247509
484,3442,-1.00237214269685
484,3781,0.0234193489066114
484,3927,-0.753549094507293
485,491,-0.797965936385302
485,494,0.0743975896479023
485,539,-0.354563788254532
485,566,0.20948219378834
485,712,-0.847147039830047
485,769,-0.589136887223398
485,895,-0.0014688472486771
485,1234,-0.642303303874792
485,1337,-0.275792056612465
485,1646,0.186511312601166
485,2109,-0.894751866241024
485,2184,-0.417281898031441
485,2188,-0.201343722587734
485,2212,0.036725138403989
485,2242,-0.792989849633657
485,2323,0.201184009430394
485,2585,-0.14740973838694
485,2689,-0.419952510861481
485,2774,1.05418419190898
485,2862,0.722580843666226
485,3185,-0.359495975825843
485,3248,-0.860064469179953
485,3408,0.171812498075442
485,3598,0.164830481761255
485,3645,-0.426997729558898
485,3883,-0.726685063344727
485,3926,0.227320336957477
486,489,-2.10989894850195
486,494,-1.119685601144
486,496,-2.01208242880089
486,599,-0.551326052427326
486,883,-0.755020060327033
486,941,-1.43798510600717
486,1339,-1.53420554965554
486,1387,-0.742250730888801
486,1505,-2.76378805810169
486,2018,-1.21358015127602
486,2537,-1.98411653941118
486,2716,-2.31652608820781
486,2896,-1.29449211869221
486,3027,-1.03545330648258
486,3056,-2.01547336201446
486,3326,-1.88665165999445
486,3520,-2.5101713342395
486,3832,-1.30001124193768
487,493,0.564415605494946
487,494,2.08764783615869
487,496,1.1952510085018
487,497,0.957619818506259
487,521,2.0765686829557
487,526,0.97735318677638
487,623,2.36418183969791
487,851,1.26068134306734
487,1155,0.70524991171606
487,1494,2.55077489646192
487,1773,0.77714317337759
487,2243,0.838637103807254
487,2343,2.33958113126757
487,2703,1.20524975789006
487,3072,1.57895830688947
487,3509,1.70432517692582
487,3562,2.14098598697739
487,3622,1.68966314764496
487,3923,1.56548738738451
487,3970,2.35696359460211
488,491,-0.756821504925934
488,496,-0.77685480654962
488,500,-0.391678964338776
488,501,-0.0358159977885177
488,828,0.214391092753314
488,1008,0.351869967911846
488,1072,-0.913084564597287
488,1119,-0.698221328076182
488,1144,0.23656593944893
488,1897,-0.731605914469906
488,2358,-0.351553104865703
488,2549,-0.264099764320402
488,2899,-0.458784775792819
488,3114,-0.65102507362039
488,3124,-0.607572942639018
488,3224,-0.0090016069360684
488,3322,-0.327716878015771
488,3753,-0.315286767914071
488,3839,-0.506881157319662
489,494,0.99021334735795
489,501,0.838855328462162
489,753,0.741799603782129
489,1424,0.195775023353326
489,1466,-0.0284220174831989
489,1668,1.58379819895634
489,2110,0.229807070111568
489,2216,0.187201185960915
489,2277,-0.211521750621583
489,2337,1.55218087520452
489,2615,0.884839715047906
489,2764,1.04823645583097
489,2915,1.55917489826607
489,3054,-0.381313038274299
489,3146,2.09957659839646
489,3164,0.777278824790431
489,3303,0.821032195445187
489,3840,1.95099797001356
489,3969,0.830274976954976
489,3979,0.679833786308201
490,491,-1.11500721568358
490,495,-0.523067765094757
490,500,-0.749864675096426
490,501,-0.394001708546168
490,502,1.07864713215096
490,772,-1.51059684439276
490,1519,-0.311156426032308
490,1773,-1.55314835243148
490,1791,-1.18655942965208
490,2075,-0.684497018843864
490,2793,-0.818744648129223
490,2801,-1.55174561416701
490,3046,-2.33692812015704
490,3141,0.190632632633721
490,3197,0.0936238493545628
490,3528,-0.59025199510054
490,3678,0.0621705254921975
490,3777,0.102224821118717
490,3920,-0.197632474991498
491,492,0.199014594559892
491,496,-0.0200333016236857
491,501,0.721005507137416
491,503,0.796974589612179
491,616,0.489645113481645
491,746,1.05152116965912
491,893,1.23441745462147
491,991,1.37619949947047
491,1294,0.464435811188502
491,1337,0.522173879772837
491,1363,0.507396007715348
491,1508,-0.0297792304645454
491,1835,0.768131588652013
491,2149,2.88990678097882
491,2529,0.0062252086542026
491,2581,0.252228170484979
491,2863,-0.330756253773894
491,2867,-0.574084897305945
491,3022,-0.389499879197872
491,3661,1.58433518639722
492,494,0.673348931473312
492,496,-0.219047896183578
492,499,-0.482978385053851
492,502,1.99463975327466
492,715,0.914837290290809
492,1472,-0.58522124651306
492,1524,1.04424132509923
492,1586,0.315200078893725
492,1690,-0.0762774260378336
492,1735,-0.364142740879518
492,2444,-0.453122837652885
492,2487,0.328173318749097
492,2527,-0.473608433408535
492,2793,0.0972479729944689
492,2866,0.0235963936230247
492,3168,-0.623213440461351
492,3192,0.422611918592598
492,3422,-0.196022682807056
493,498,0.828457594670065
493,1237,1.54352873645994
493,1247,0.664362663040278
493,1407,1.17439633135228
493,1489,0.819857256416574
493,1613,1.28816875944181
493,1654,0.896032879911732
493,1945,1.34977920115147
493,2006,1.00752146383283
493,2043,1.50676271683337
493,2297,0.0393604230646968
493,2314,0.9499324305591
493,3560,1.78728781792089
493,3654,1.27131119999357
493,3709,1.61360360591721
493,3890,0.616813045861815
493,3897,1.9927455026129
493,3958,0.519261504163567
494,497,-1.13002801765243
494,500,-0.507220985446046
494,501,-0.151358018895788
494,507,-0.693754683771616
494,671,-0.947242431210644
494,881,-1.13974083806781
494,901,0.880957285511218
494,967,-0.570585222866939
494,1004,0.132189928559714
494,1041,-0.978833434361607
494,1142,-0.563294664745414
494,1297,-0.923259048305431
494,1695,-0.0455821824579016
494,2228,-2.03158210032244
494,2541,-1.13812109048219
494,2818,-1.30912724642018
494,3056,-0.895787760870456
494,3085,-1.78095755820967
494,3256,0.373567507558003
494,3340,-0.282752506826396
494,3746,-1.11133444347868
494,3950,0.676663151399905
495,496,-0.611972752212513
495,504,0.13204937437048
495,1141,0.567892147874692
495,1720,0.2673632416832
495,1788,-1.66067128620001
495,1862,-0.0651779501207919
495,1880,-0.925418845325327
495,2139,-1.33965942208423
495,2214,0.360505441078447
495,2458,0.239943314746509
495,2677,-1.17323849754749
495,2817,0.293146415211539
495,2825,-0.583873807231432
495,2847,-0.657641146824965
495,3008,-0.347762009898215
495,3009,-2.29204925905766
495,3092,-0.781143992065244
495,3551,-0.181377161165883
495,3778,-0.764905505753105
495,3861,-0.0844412323958483
496,500,0.385175842210844
496,509,-0.204295072591586
496,661,0.766692207577725
496,999,-1.43297909753805
496,1165,-0.263656971875972
496,1229,0.624868097200448
496,1287,0.990334791610039
496,2495,0.149462075571631
496,2510,-1.01437781247159
496,2835,0.726687847987137
496,2923,0.163745213855832
496,3133,1.13344285716876
496,3298,0.458104839203952
496,3434,0.236410696307906
496,3555,1.10084668917738
496,3765,0.801673890129338
496,3823,0.428616381968433
496,3937,-0.167843550594002
497,499,-0.026299298874732
497,501,0.978669998756643
497,506,0.250345525472675
497,510,2.14452656587697
497,866,1.74279636950916
497,948,-0.42325007131043
497,1070,1.05201256627235
497,1094,0.727240611557526
497,1096,0.855883204259754
497,1368,1.34160608615889
497,2069,0.331687311768642
497,2507,0.224141101868948
497,2687,0.804956899968261
497,2805,0.181255172119418
497,3006,1.09522439521997
497,3089,2.10934820949295
497,3219,1.70601601897628
497,3282,0.124408688298057
497,3366,0.223183854643037
497,3532,0.891781166150685
498,503,0.619385699572654
498,506,-0.184907856186077
498,507,0.0010199522220626
498,510,1.70927318421822
498,511,1.24452355773129
498,614,0.981045354947205
498,1023,-0.624505131745265
498,1276,-0.337270895725196
498,1537,0.7273997828017
498,2772,-0.409860392155284
498,3141,1.12805095827778
498,3492,0.0145848137748722
498,3500,-0.526624465979309
498,3584,0.568480468764956
499,503,1.08093838010614
499,508,0.614484136597256
499,591,0.346912713100492
499,1100,0.631464686275765
499,1258,0.647723514766167
499,1387,1.53376218678236
499,1393,0.322370044880047
499,1904,0.815333239709506
499,2185,0.68383448647244
499,2582,0.68682558299771
499,2902,0.999817669143135
499,2919,0.691472931483431
499,2993,0.210274001788868
499,3121,0.0644953463305627
499,3148,0.918777649924117
499,3544,1.54416851736308
500,501,0.355862966550258
500,504,0.358846284372149
500,509,-0.589470914802429
500,511,1.05696990718365
500,512,1.69462852840757
500,524,0.706069373750689
500,1066,-0.760720894306265
500,1228,0.061873917765268
500,1522,0.80212575295752
500,1627,-0.336104488510531
500,1640,0.634550634092784
500,1689,-0.185383226752663
500,1993,-0.368342302707218
500,2565,1.14603086328045
500,2616,0.132068650343523
500,2803,-0.219147108941257
500,3018,0.19602405525842
500,3058,0.715666712060958
500,3095,1.53800546615883
500,3278,0.498086297285589
500,3283,0.775647464491122
500,3322,0.0639620863230053
500,3486,0.924525713585077
501,504,0.0029833178218909
501,507,-0.542396664875829
501,510,1.16585656712033
501,511,0.701106940633395
501,513,0.320249684761996
501,514,-0.798004639766113
501,675,-1.26336102715512
501,694,0.387029761435695
501,790,-0.400467894726362
501,823,0.294048533208877
501,1062,-0.483960565909452
501,1181,0.212769804183328
501,1321,0.0491245239481336
501,1685,-0.104094555763747
501,2047,-0.18176919719855
501,2958,0.328074407466318
501,3001,1.01167471064955
501,3305,0.158488573580815
501,3802,-1.63069560141519
501,3891,0.634542765381653
502,506,-2.2009733139811
502,507,-2.01504550557296
502,508,-1.86313400173125
502,510,-0.306792273576807
502,512,-0.133883278839823
502,513,-1.15239915593514
502,677,-1.56143667079711
502,1150,-1.31777163456528
502,1204,-2.35524733230143
502,1249,-1.12769105202279
502,1608,-0.89641444049644
502,1657,-3.56914636992153
502,1665,-1.10567443045968
502,1680,-1.56564389931181
502,1771,-3.05006921084748
502,1844,-2.01315858873158
502,2004,-1.31129567318955
502,2435,-2.94410185824051
502,2551,-1.55632098417497
502,2570,-1.86390859283701
502,2659,-0.984094007782553
502,2693,-1.24952045774336
502,2815,-2.25770142868267
503,508,-0.466454243508881
503,510,1.08988748464556
503,511,0.625137858158633
503,512,1.26279647938255
503,513,0.244280602287233
503,516,-0.806004577635233
503,941,-0.242910568442145
503,965,-2.6192382857036
503,976,0.636866828554376
503,1114,0.62797161431292
503,1213,-1.22077756918647
503,1289,0.949862100636515
503,1403,1.47080421906527
503,1644,-2.03684037151382
503,1791,-0.868526803580676
503,2295,-0.180928381285803
503,2754,-0.446429132392015
503,2816,-0.77884384645805
503,3414,-0.609543141425984
503,3434,-0.580597194927958
503,3508,-0.6570090473101
503,3521,-1.1347100212272
503,3616,-0.776185558511785
504,512,1.33578224403542
504,514,-0.800987957588004
504,791,0.660528565234254
504,1022,0.0327243885230016
504,1239,-0.484023480484965
504,1479,-0.0505222874970173
504,1482,-0.266132823565655
504,1693,0.738350720467917
504,1805,-0.603619490379258
504,2195,-0.577818983797378
504,2248,0.377200936110321
504,2421,-0.708463797518671
504,2679,0.0314470788560958
504,2821,-0.148539923799411
504,2855,0.115912013815645
504,2885,0.549883405878932
504,2994,0.272652685283774
504,3044,-0.776814605342219
504,3166,-0.122422777768087
504,3312,-0.841942154732307
504,3388,-0.964129528822105
504,3603,0.0349044665378115
504,3616,-0.703199793858913
504,3707,-1.79523707618985
505,506,-0.368087058078689
505,511,1.06134435583867
505,513,0.680487099967275
505,517,0.874510825652071
505,518,1.12287096512419
505,643,0.334947086195363
505,647,-0.0003934478598401
505,772,-0.756357720641314
505,1043,0.362883424164825
505,1179,1.42787528101424
505,1423,0.0637713559703458
505,1480,1.50455027549159
505,1502,0.593222974919735
505,1516,0.458815040138128
505,1888,-0.491935252947191
505,2058,0.892581737792441
505,2483,-0.823106031636023
505,2639,0.365518668785419
505,2955,1.3898901214438
505,3016,0.0815586347507414
505,3289,0.257183260632928
505,3696,-1.11632530214229
506,508,0.337839312249849
506,511,1.42943141391736
506,514,-0.0696801664821445
506,516,-0.0017110218765018
506,517,1.24259788373076
506,880,0.545051827745516
506,1161,0.324549457286649
506,1494,1.34280955248298
506,1597,1.31564650889469
506,1678,0.151247617698552
506,2175,0.610717426747617
506,2398,0.34403536380822
506,2456,0.650460969717534
506,2677,-0.57398008081211
506,2740,0.700189860686511
506,2773,1.86675881870263
506,2864,-0.434112624318939
506,2917,0.233779409854702
506,3100,0.478284502568419
506,3113,0.64293663380446
506,3577,0.6403233361223
506,3837,1.12672851335079
506,3902,0.260464147803105
506,3903,-0.253985097847229
507,508,0.151911503841709
507,510,1.70825323199615
507,517,1.05667007532262
507,519,0.137244808864499
507,611,0.21598766742861
507,693,0.917003031718696
507,1158,0.183920867096175
507,1264,-0.0888707229505234
507,1341,1.16810203904457
507,1385,-1.61974395246188
507,2423,0.520695993740284
507,2475,-1.61519176453682
507,2817,0.706477023538779
507,3704,-0.799185565295072
507,3900,-0.304066349656008
507,3923,0.17159423499744
507,3991,0.360436476673039
508,510,1.55634172815444
508,511,1.09159210166751
508,518,1.15311871095303
508,583,0.89448388722135
508,629,0.768156568579638
508,686,-0.0360381250521138
508,695,1.01297421565887
508,772,-0.726109974812474
508,802,-0.680810035577938
508,1308,0.228047061716859
508,1973,-0.521635025007658
508,2302,0.710414712058942
508,2455,-0.69846401320591
508,2471,-0.417276278268759
508,2620,-0.429728360974125
508,2911,-0.0021448889995196
508,3730,1.39967778455918
508,3820,-1.56850931878278
508,3952,0.875393081646548
509,510,2.11119044847301
509,512,2.28409944321
509,516,0.215298386192217
509,518,1.7079674312716
509,520,-0.597146285910475
509,805,0.928631403960395
509,848,1.53115660568633
509,1183,1.54704091764256
509,1345,1.59227760966763
509,1826,0.566952181800315
509,1969,1.13184580056492
509,1990,0.583531266247625
509,2232,1.02572094164761
509,2518,1.38068328646469
509,2986,-0.284166385439523
510,514,-1.96386120688644
510,523,-1.43758556660468
510,662,0.132208517452914
510,779,-1.97447783183767
510,1331,-0.630221897117684
510,1513,-1.74161133469689
510,1600,-2.07671485223915
510,1749,-0.816104316428176
510,2056,-0.776841858581609
510,2086,-0.728318151858956
510,2092,-0.830435049777638
510,2129,-0.428024374411534
510,2366,-0.975739445510651
510,2609,-1.10667771072067
510,3003,-1.38909776443064
510,3330,-0.765444789206191
510,3348,-1.09606091437789
510,3428,-1.39608506156357
510,3677,-0.564986920014251
510,3745,-2.01192080598411
510,3749,-3.2425617612478
510,3843,-2.0445984399808
510,3909,0.379968096844489
510,3934,-1.08074070797411
511,513,-0.3808572558714
511,516,-1.43114243579387
511,518,0.0615266092855158
511,523,-0.972835940117746
511,711,-0.649240060344637
511,1039,-0.637332516449131
511,1139,-2.38138886454667
511,1718,0.198507615472087
511,1844,-1.24161668866784
511,2031,-0.605863724707436
511,2249,-1.26052089564873
511,2558,-1.82091742964601
511,3266,-0.547165875670601
511,3297,-0.637021976033928
511,3345,-1.10552654583185
511,3470,-0.538862308089684
511,3562,-0.496410770918907
511,3571,-0.293052040585248
511,3891,-0.0665641752517425
512,515,-0.658048797505474
512,516,-2.06880105701778
512,521,-1.19848669616451
512,523,-1.61049456134166
512,532,-2.39908002020264
512,597,-0.679517909738971
512,937,-1.19947384075009
512,1153,-2.82221060388896
512,1182,-0.845568902903402
512,1240,-1.2835158950193
512,1670,-1.27938033135911
512,1754,-3.16630220557683
512,2005,-1.52343703804432
512,2384,-2.19036069658865
512,2587,-1.26454380734048
512,2698,-2.15497097315616
512,2787,-0.257294238081909
512,3207,-2.77487686064097
512,3635,-2.66949299164162
513,515,0.36046707958984
513,577,-0.8915839421124
513,581,-0.887782132356669
513,855,0.557792278319841
513,1361,-0.663410580461893
513,1376,1.34881780351128
513,1541,-0.683648287916193
513,1603,-0.606403359891955
513,1710,-0.132704143245174
513,1884,-0.277073536980085
513,1981,-0.847600371315702
513,2077,-1.06118957634594
513,2403,0.131848358967014
513,2672,-0.257338678668991
513,2761,-0.0729402963806134
513,2988,-0.326089505283193
513,3373,0.432605503412449
513,3421,-1.29793405196168
513,3883,-0.969974318858837
514,515,1.47872140411795
514,518,1.56063818968502
514,519,0.392852783754783
514,524,1.14821104696654
514,525,1.15395372779478
514,526,-0.16093199072041
514,527,0.920479151852434
514,771,-0.328954970474235
514,816,0.498115193874456
514,1161,0.394229623768793
514,1198,1.6824805381536
514,1629,1.20557910493091
514,2110,0.188956381415519
514,2353,0.463557040078099
514,2544,0.348165468059089
514,2564,-0.499551050971281
514,3238,1.36804330997542
514,3352,-0.0793370782275265
514,3788,1.15942463107383
515,519,-1.08586862036317
515,520,-2.223196931615
515,526,-1.63965339483836
515,528,-1.46229994280836
515,1032,-1.44007576494022
515,1156,-0.448145025194184
515,1379,-0.443236449343746
515,1490,-1.16712673062319
515,1822,-0.0544066465483167
515,1852,-1.44145011672248
515,1912,-1.82336613015492
515,2195,-1.25555243032732
515,2210,-0.76520009829453
515,2530,-0.758064898799867
515,2586,-0.946476053974666
515,2807,-0.466670103466361
515,2848,-1.31320238637393
515,3016,-0.959395544806374
515,3058,-0.320913018841136
515,3462,-0.801592640753073
515,3651,0.0967963367546562
516,517,1.24430890560726
516,525,1.08598458318914
516,526,-0.228901135326052
516,529,0.944225999967569
516,672,0.724711614233087
516,745,0.308169531053315
516,884,0.363074134946584
516,1348,0.0093608834523033
516,1648,0.551283265344152
516,2102,0.700643079785337
516,2709,0.0568802830684377
516,2898,-0.182673542429093
516,2938,-0.118603368577448
516,3275,0.584771540628241
516,3374,-0.44943024631741
516,3585,1.52389377714156
517,519,-0.919425266458121
517,520,-2.05675357770995
517,521,-0.373994544753994
517,528,-1.29585658890332
517,530,-1.52637187164123
517,558,-1.08869403470208
517,582,-0.384972334870703
517,652,-1.72055605354452
517,993,-0.816754859377669
517,1036,0.626610450777025
517,1134,-1.31349954166739
517,1202,-0.33116014684139
517,1300,-0.720432715536429
517,1637,-0.953168486949347
517,2041,-1.94812137984451
517,2135,-0.58086674860533
517,2598,-1.02817141204122
517,2916,-1.03902403050667
517,3071,-0.751414711570333
517,3198,-0.48248383122547
517,3575,-2.19350348863638
517,3616,-1.21448988648381
517,3811,-0.332290586489634
517,3824,-0.596181368346004
517,3841,-1.19577845586653
517,3884,-0.722060342789313
517,3951,-2.24027281360583
518,520,-2.30511371718207
518,521,-0.622354684226114
518,528,-1.54421672837544
518,529,-0.548443045111812
518,645,-1.28643217914252
518,691,-2.2505345597743
518,1105,-0.596787918358554
518,1255,-1.8520940478186
518,1394,-1.22723540961603
518,1459,-1.01125165740731
518,1656,-2.06452844488263
518,1690,-1.36090188853427
518,1727,-1.85972950599852
518,1728,0.081824380325043
518,1731,-0.586335617982478
518,1780,-1.27311861766766
518,1794,-1.68309648433423
518,2309,-0.779090898509862
518,2904,-0.724072141091104
518,3090,-0.0730304940760131
518,3244,-0.860383939677784
518,3581,0.341685149444416
518,3645,-1.11267085022992
519,523,0.133422856526979
519,524,0.755358263211761
519,527,0.527626368097651
519,528,-0.376431322445198
519,530,-0.606946605183108
519,531,0.219599132978438
519,559,0.834348960111508
519,765,0.329909667667007
519,805,0.388449378619037
519,1082,-0.488154971893166
519,1298,0.163810639271736
519,1534,-0.438185784615747
519,1542,0.718586359030551
519,1651,-0.608366396777325
519,1791,-0.387405865094584
519,1897,-0.290638060670058
519,2058,0.937496178598492
519,2543,0.403016297393393
519,2895,0.827240309690881
519,3172,-0.595935892001321
520,521,1.68275903295596
520,525,1.89842925529183
520,526,0.58354353677664
520,529,1.75667067207026
520,530,0.530381706068725
520,574,1.18602942823199
520,783,2.29113955210256
520,1040,-0.470731381121955
520,1202,1.72559343086856
520,1965,1.0176422767807
520,2140,2.98950548899324
520,2228,-0.337743914163494
520,2472,1.80353783222819
520,2558,0.422669678250547
520,2644,1.43470674077774
520,2827,-0.141649660309751
520,2897,1.10815774660718
520,3209,1.09365548894873
520,3784,0.102279387820855
520,3935,0.331953114214521
521,522,-0.934514943769343
521,546,-0.150127617336938
521,547,0.721884244374758
521,626,0.22613660106085
521,735,-1.36163409084259
521,741,0.823905307066696
521,774,-2.46159064354169
521,1056,-0.229785197815241
521,1173,0.0360228088243754
521,1715,0.151642823826197
521,2649,0.211485661722765
521,2677,-1.44258341978888
521,2963,0.286086157571013
521,3089,0.990399345043512
521,3303,-0.158101998709772
521,3596,-0.0552053198938015
522,523,0.522507078592195
522,524,1.14444248527698
522,529,1.00842658288364
522,530,-0.217862383117891
522,533,1.35306961937075
522,567,1.15225874701488
522,1265,-0.0148157678742932
522,1863,-0.599996086889968
522,2157,-1.41937267969131
522,2279,-0.3326535888968
522,2698,-0.0219693332223043
522,3041,0.279821412446633
522,3184,0.530658657330948
522,3304,0.503686131322798
522,3472,0.425722794669819
522,3889,0.814089630273271
523,525,0.627678087513018
523,527,0.394203511570672
523,528,-0.509854178972176
523,529,0.48591950429145
523,532,-0.788585458860978
523,669,-0.574078683201267
523,803,-1.37473192552001
523,831,-0.373807875442066
523,884,-0.0952323607295351
523,1520,1.5044856161134
523,1538,-1.26600347645526
523,1561,0.82436658279019
523,1567,-0.939643736698793
523,1595,-0.622881208007593
523,1625,0.688360402282691
523,1933,0.86459471833926
523,1954,-0.742306842291349
523,1964,-0.354053905867629
523,2403,0.72382704321336
523,2792,0.82074275976342
523,2868,-0.0170239081880168
523,2991,-1.13021578975013
523,3027,0.50731931304156
523,3278,0.413952330219682
524,537,-0.164374804661663
524,706,-0.0709979622969227
524,1417,-0.622708888977703
524,1642,-0.85418068651107
524,1740,-0.703246456847846
524,1934,-0.208416924643317
524,2239,6.89114032819498e-05
524,2601,0.60249367065637
524,2799,0.337413728825467
524,3226,0.502849595261722
524,3251,0.779756606778851
524,3277,-0.315429257337066
524,3295,-0.259567413608379
524,3302,1.15959150233577
524,3538,-2.2569671628198
524,3770,-1.38977023511341
524,3931,0.172948778484387
525,533,0.202884453265532
525,736,0.784862206189384
525,988,-0.647279142122206
525,1003,0.933664198469681
525,1037,-1.09076531977452
525,1120,-0.689370387230586
525,1996,-0.832235807036496
525,2016,-0.160383183903841
525,2131,-0.249306484135168
525,2155,-1.07346585287861
525,2220,-0.448538259600656
525,2240,-0.417035539340478
525,2549,-0.584232854560552
525,2658,1.12570585487614
525,2753,-0.0342831018585509
525,2764,-0.146567960659861
525,2819,-0.586429788238023
525,2861,-1.35742874944955
525,2962,-0.0553710984662672
525,2998,-1.01411802277787
525,3335,0.214961957377251
525,3437,-0.389683098222302
525,3438,-0.504751733834845
525,3572,0.437672332318688
526,529,1.17312713529362
526,532,-0.101377827858807
526,537,1.14476823302529
526,550,-0.40062532102404
526,563,1.14562398881788
526,871,0.453661873237672
526,875,-0.458503432020501
526,1010,0.59406333953141
526,2060,1.42974747697894
526,2756,1.3580158482102
526,2799,1.64655676651242
526,3127,0.771903838464407
526,3387,0.248748502379666
526,3401,-0.210857648101318
526,3552,0.904724522802037
526,3954,0.794002445902441
526,3990,-0.882185045494523
527,537,0.0633570904524471
527,540,-0.183998193638933
527,1704,0.489830080299444
527,1773,-1.28162115597163
527,1978,-0.371413578222615
527,2091,-1.5755649756115
527,2094,-0.631150862451381
527,2810,-1.49877469232779
527,2933,-0.45417262878266
527,2958,0.205599895379997
527,3067,-0.650752426686315
527,3323,0.543966764046831
527,3342,-0.247102136897093
527,3598,0.11931639892282
527,3783,-1.25456710601776
527,3878,-0.849564840267511
527,3908,-0.602584033785105
528,535,0.443683216481467
528,540,0.720059496903916
528,635,-0.488922765706413
528,1111,1.04527445156094
528,1190,-0.245760601912128
528,1673,1.07021082007245
528,2187,0.36700939527812
528,2273,1.20783252342131
528,2304,0.655322226454562
528,2347,1.13300776079775
528,2360,1.24954967756701
528,2378,0.910648471359544
528,2652,1.67454472903533
528,2770,0.309617065286154
528,2897,0.347260757800548
528,2914,0.745549043522176
528,3245,0.571010375891457
528,3487,0.469629761946961
528,3890,0.0265220125503861
529,535,-0.552090466782159
529,536,-0.876746304154264
529,537,-0.0283589022683307
529,724,-0.408449688847181
529,834,-0.116762920243331
529,1063,-0.207286675189686
529,1446,-0.112874388172024
529,1531,-0.626286500075313
529,1887,-2.05616348090354
529,1949,-0.261312280427668
529,2178,-0.210183935411104
529,2364,0.220024166303503
529,2651,-0.146038352335986
529,2757,0.690703852729465
529,3016,-0.492869285261637
529,3034,0.467004612067514
529,3035,-0.404651870945017
529,3303,-0.232013637824073
529,3705,-0.617501702491249
529,3977,-0.543765187848619
530,531,0.826545738161545
530,533,1.57093200248864
530,534,0.154864640595893
530,536,0.349542661847272
530,537,1.19793006373321
530,538,0.67250818039233
530,541,1.29301520765756
530,543,1.07543647308004
530,622,0.995767090218624
530,863,0.443836687954691
530,978,-0.120182290301306
530,981,1.37137884251488
530,1158,0.653622663414784
530,1626,1.62758242097589
530,2505,0.951958634495283
530,2588,0.968880595026489
530,2633,0.907508209036087
530,2661,1.789813955202
530,3047,0.400782530440967
530,3532,0.92520962858848
530,3566,1.07888480947098
530,3982,0.664033147507583
531,532,-0.874761735312437
531,1206,-0.736277946418877
531,1213,-0.959255763678816
531,1399,2.360077893812
531,1869,-0.680181654554498
531,1934,0.327342205590006
531,2203,-1.66989147938044
531,2278,-0.315567097620252
531,2500,0.282610573344271
531,2920,-0.914170710758113
531,3039,-0.421780391256993
531,3114,-0.42965635279898
531,3115,-0.396630036147924
531,3126,-1.14457044802652
531,3469,-0.449641877264902
531,3821,0.215812170424402
531,3834,0.039704752247602
532,537,1.2461460608841
532,544,1.70546350830821
532,680,0.0265967086930414
532,785,1.31235349906315
532,1262,0.419051504474264
532,1298,0.818973241605735
532,1379,1.29779477335342
532,1480,2.20462731863164
532,1752,0.553325411009804
532,1858,0.640717168105148
532,2051,0.0557581084257006
532,2228,-0.819909623081327
532,2325,0.429658840846185
532,2381,1.47095208960525
532,2524,0.539207079502658
532,2531,0.789928357802671
532,2533,1.6561744136145
532,2603,0.84107969333773
532,2618,2.24286253733003
532,2934,0.724722910386512
532,3184,0.796737037599731
532,3185,0.777778911767372
532,3250,0.680734239863351
532,3266,1.21425552330812
532,3372,2.19801046280603
532,3402,-0.493791263792886
532,3416,0.0321407739304539
532,3655,0.226532951911258
532,3865,1.87653229952386
533,534,-1.41606736189274
533,537,-0.373001938755431
533,540,-0.620357222846811
533,542,-2.21964011310206
533,545,-0.996023245020055
533,836,-0.992051657875883
533,1170,0.0724468268914541
533,1728,0.285624388949755
533,1860,-1.12181166450741
533,2132,-2.32229662582639
533,2377,-0.971759008343461
533,2463,-1.41681185525654
533,2560,-1.21919648963193
533,2784,0.518690252001146
533,3050,-1.13575016437454
533,3242,-0.906133066488715
533,3288,-0.78058858156201
533,3690,-1.16874750485925
533,3793,-0.194804542239809
534,536,0.194678021251379
534,541,1.13815056706167
534,543,0.920571832484145
534,545,0.420044116872688
534,546,0.847385068954404
534,959,0.777330071869437
534,1159,0.267451963952501
534,1401,1.40613644036389
534,2083,-0.120361152420556
534,2095,0.158038477626272
534,2349,0.656118893677101
534,3027,1.09282413415575
534,3166,0.737794360652349
534,3472,0.488720537191818
534,3614,2.53828887501611
534,3700,0.166338190829587
534,3936,1.237643627152
535,537,0.523731564513829
535,539,0.060296602968414
535,541,0.618816708438183
535,679,-0.132561209725015
535,962,-0.254838855071903
535,1349,0.572875714540238
535,1775,2.18323918256199
535,2278,-0.163219858678084
535,2287,-0.0762857105689963
535,2731,0.726272218773689
535,3010,-0.827378406117536
535,3116,0.692928319000733
535,3149,-0.0032638933901577
535,3381,-0.0283081429638165
535,3472,-0.0306133214316665
535,3861,0.124392673030623
535,3988,1.35423482329009
535,4000,-0.0090689516779854
536,538,0.322965518545058
536,544,1.30770484931004
536,545,0.225366095621309
536,547,1.52471890941472
536,549,1.00823970359984
536,568,0.953565380862447
536,753,0.565500074667133
536,859,-0.409863267842759
536,887,0.480870799655791
536,963,0.568182582591801
536,1050,1.34869873585288
536,1286,-0.296813762623354
536,1560,0.840843746931991
536,1586,0.455764965663366
536,1731,0.838853731283598
536,2198,0.46775510320887
536,2255,1.65687557284014
536,2369,0.508150339710034
536,2393,0.578470896306402
536,2438,-0.197644697342225
536,2775,0.315145950300742
536,2816,-0.0403189646361223
536,2863,-0.389205961564145
536,3294,-0.789234401850296
536,3704,-0.679026430823735
537,539,-0.463434961545414
537,543,-0.122493590653168
537,545,-0.623021306264624
537,549,0.159852301713903
537,1190,-1.21317538290742
537,1476,-0.108833561207821
537,1502,0.0471539571756874
537,2494,0.787180858246955
537,2939,-1.27489766048341
537,2964,-1.24980131181501
537,3083,0.034579024974486
537,3200,-0.874502533492005
537,3288,-0.40758664280658
537,3292,0.531850657305394
537,3596,-0.100758056739772
537,3615,-0.857821728835495
537,3839,-0.656896762069912
538,545,-0.0975994229237485
538,647,-0.0210405822630116
538,1034,-0.102268658652551
538,1152,-1.26156858234784
538,1337,0.140758653437529
538,1418,0.704720010571547
538,1448,0.936173475863407
538,1486,0.376239150223695
538,1596,-0.809418492202082
538,1730,0.348430431871743
538,1972,-0.297586813557692
538,2270,0.678313481801062
538,2329,-0.793035028373579
538,3363,-1.11681544578115
538,3410,0.202522298871275
538,3546,-1.04474447280287
539,541,0.558520105469769
539,543,0.340941370892246
539,545,-0.15958634471921
539,562,-0.143174363754989
539,903,0.644871761132527
539,1006,0.69449073866649
539,1289,1.30343454211792
539,1357,-1.27939955625967
539,1518,0.303116318547688
539,1691,-1.53398541191608
539,2474,0.213257957952477
539,2804,-0.279744138812811
539,3261,0.344092009492734
539,3489,0.802572492710845
539,3531,-0.640290653542153
539,3546,-1.10673139459833
539,3685,-1.52460074728379
539,3844,0.0733735861445511
539,3917,1.54632168720002
539,3955,0.445297267300778
540,543,0.124861693438211
540,549,0.407207585805282
540,551,1.11036626643453
540,1151,0.231817242002103
540,1269,0.529309202648595
540,1382,-1.20278311234291
540,1426,0.295156472007849
540,1607,-1.20025431480628
540,1795,-0.320915371469105
540,1985,0.0819660041940099
540,2421,-0.643956798144168
540,2555,0.88619889262388
540,2557,0.971298990385045
540,2769,0.236590624802716
540,3287,0.110251536916889
541,548,-0.0167989356516137
541,554,0.165417393256363
541,688,-0.461322755192126
541,719,-1.10191000003613
541,946,0.635487472453727
541,1145,-0.489476646506331
541,1469,-0.768178643128577
541,1933,0.311948972391786
541,2221,0.0030753896705704
541,2389,-1.68703946110784
541,2594,-1.78122494797569
541,2699,-0.936718539116649
541,2973,-1.36326883830722
541,3000,0.493663622314772
541,3207,-1.71702804524678
541,3269,-1.15947331252846
541,3426,-0.90476282108308
542,545,1.22361686808201
542,554,2.10714071152735
542,602,1.85549380562008
542,801,2.06718677191561
542,870,0.956544376899515
542,877,1.5969912446827
542,938,2.12153322458461
542,1106,1.97558837762931
542,1243,0.77602227005881
542,1589,2.24529670525719
542,1786,2.07827071263023
542,1855,0.823508550377019
542,1888,0.808633903655393
542,2115,1.36494399919842
542,2238,1.71141767968231
542,2313,0.196014056905515
542,2882,0.737035551853735
542,3212,1.23923555420684
542,3250,1.28122635332589
542,3710,1.84233247880096
543,545,-0.500527715611456
543,546,-0.0731867635297404
543,548,0.200779798925909
543,553,1.32100249478473
543,554,0.382996127833886
543,556,0.0845412900682811
543,794,-0.260156908670071
543,826,-0.932930220030607
543,981,0.295942369434842
543,1155,-1.29437791743244
543,1188,-0.0667047353347967
543,1349,0.171637740679577
543,1363,-0.276947511307668
543,1604,-0.869252442259209
543,2008,-0.831003622500286
543,2619,-0.572466040632926
543,2898,-0.976047049475163
543,3154,-0.939638813868447
543,3497,-0.717630899571047
543,3749,-2.14004320601308
543,3752,0.232818762737522
544,550,-2.00471100147344
544,551,0.403693534919042
544,557,0.348182468763083
544,637,-1.81374095771771
544,989,-1.5348699346602
544,991,0.0100449423701805
544,1126,-1.77205537888169
544,1507,-0.544939587548351
544,1581,-0.279538668796381
544,1701,-1.12734236934469
544,2194,-0.824873911885934
544,2548,-1.82818393699368
544,2913,-1.16460053573201
544,2926,-0.279916110578038
544,2954,-1.00827106048265
544,3348,-0.57535339722044
544,3516,-2.26973394690407
545,550,-0.922372247784706
545,553,1.82153021039619
545,554,0.883523843445342
545,556,0.585069005679737
545,681,0.714561928355906
545,763,-0.876867779183991
545,953,1.27097362990238
545,1006,0.8540770833857
545,1279,-0.666307096561897
545,1306,1.04001275674151
545,1541,0.0737911005716586
545,1793,0.433820677175152
545,1803,0.792578313779812
545,1815,-0.193295184922388
545,1886,0.496861771418798
545,2189,0.921696719630715
545,2418,-0.282901168991544
545,2506,0.206310583953882
545,2616,0.213395387519121
545,2683,-0.330902504206299
545,2743,0.219020678060203
545,2912,-0.0394611462385218
545,3443,0.594566793420242
545,3821,0.467449151117366
546,548,0.27396656245565
546,552,0.595698118897476
546,554,0.456182891363626
546,559,0.439045855744318
546,937,0.149140472751365
546,1156,0.242420490801792
546,1454,-0.933212681062131
546,1520,1.24260536827319
546,1982,0.778551457412212
546,2271,0.288811212769155
546,2567,0.627667745777673
546,2657,-0.887405035552448
546,2868,-0.278904156028228
546,3037,-0.809810501743026
546,3171,-0.0862922616450709
546,3229,-0.806751644707311
546,3383,-0.301977773055006
546,3419,-0.265257276248105
546,3459,-0.0137650160763297
546,3643,-0.459657399062114
546,3963,1.0547488832626
547,552,-0.27631374281422
547,554,-0.41582897034807
547,556,-0.714283808113674
547,557,0.131168408658404
547,560,-1.41553467057266
547,564,-1.2647912752359
547,1058,-1.34801563867992
547,1265,-1.67121495601839
547,1594,-0.379422345308474
547,1846,-0.579576840884925
547,2030,-1.27384001727806
547,2262,-1.05788254934744
547,2903,-0.57118673911315
547,3008,-1.33899117651436
547,3038,0.493393063618948
547,3344,-0.701975908485282
547,3740,-0.896511776542771
548,552,0.321731556441826
548,560,-0.817489371316612
548,669,-1.10992549349713
548,717,-0.155666441625247
548,764,-0.966848983165976
548,826,-1.13371001895652
548,854,-0.538858934639227
548,1400,-0.0294358310260197
548,1504,0.330214209669854
548,1562,-0.657903201736664
548,1943,-0.738186205356627
548,1998,-0.260228501589442
548,2134,0.0531635060349435
548,2212,-0.150432243159635
548,2500,-0.16705996050013
548,3221,-0.267931883312859
548,3559,-0.814221346031979
548,3653,-1.55059210769711
548,3740,-0.298466477286724
548,3821,-0.23385836342
549,554,0.100650235466815
549,555,-0.412505113259198
549,556,-0.19780460229879
549,561,-0.744918237263974
549,562,-0.766461627014307
549,737,-0.342003042343332
549,1358,-1.5015905400157
549,1366,-0.982302869824388
549,1636,-0.0616615000608893
549,1685,-0.449778460016418
549,1819,-0.507448214342454
549,1996,-0.8219706232605
549,2007,0.613181286220547
549,2509,-0.535276391417338
549,2523,0.088673742997852
549,3932,-1.17076525653132
550,554,1.80589609123005
550,555,1.29274074250404
550,556,1.50744125346444
550,557,2.35289347023652
550,558,0.785141327255271
550,559,1.78875905561074
550,740,0.364228839287095
550,958,1.60384565811169
550,1122,1.47407787391813
550,1238,0.0408880213645554
550,1542,1.67299645452978
550,1554,0.313964824668229
550,1759,0.347552901006701
550,2301,1.46531710202285
550,3078,2.37719285036265
550,3146,2.62028322144486
550,3521,0.300821012758128
550,3725,0.339882649376046
551,553,0.335497921788414
551,554,-0.602508445162433
551,555,-1.11566379388844
551,558,-1.62326320913721
551,559,-0.61964548078174
551,560,-1.60221414538702
551,702,-0.991336644526337
551,787,-0.281916456369333
551,1035,-1.54452411434349
551,1101,-1.50668965769963
551,1174,-1.96106477766118
551,1325,-1.22129940635009
551,1577,-1.16686110922933
551,1923,-1.44454907366479
551,2221,-0.764850448748225
551,2890,-2.16026331726446
551,3052,-1.45544636089378
551,3103,-1.06223816851185
551,3845,-0.877463414057259
551,3919,-1.03940510890721
552,559,-0.156652263153158
552,563,-0.399162008921977
552,648,0.498395507230395
552,760,-0.184603622923344
552,867,0.270671955777824
552,965,-3.12911857048217
552,1006,-0.168961987593492
552,1088,-0.191534668064267
552,1092,-0.914676248078931
552,1303,-0.720199556215634
552,1667,-0.843711335326703
552,1796,-0.441763133950666
552,1917,-1.46836144412925
552,2056,-0.196834658714619
552,2262,-0.781568806533222
552,2430,-1.3747981771123
552,2506,-0.81672848702531
552,2662,-0.0646748720269459
552,2822,-2.39033037891093
552,3410,-0.722917349184169
552,3765,-0.5252142858851
552,3875,-0.242048419873093
553,555,-1.45116171567686
553,557,-0.391008987944373
553,558,-1.95876113092562
553,565,-1.37492111598976
553,595,-1.86529596575309
553,760,-0.983094762340341
553,1218,-2.45295395483369
553,1378,-2.06923082857706
553,1674,-1.54649984253153
553,1773,-2.54348715055564
553,1776,-1.97474203874228
553,2111,-2.09559846840051
553,2189,-0.899833490765474
553,2321,-1.36923712461429
553,2480,-1.62826578274175
553,2778,-0.0970955388962186
553,3482,-1.23286534756899
553,3910,-0.469738938327205
553,3988,-0.368005645355299
554,555,-0.513155348726012
554,566,-0.15989151668326
554,673,-0.790618748598885
554,1105,-0.280488508159128
554,1356,-0.322610934669498
554,1364,-0.271084190950502
554,1544,-0.379962366024216
554,1632,0.295224337548539
554,1728,0.398123790524468
554,1845,0.344664406867835
554,1908,0.336618583569221
554,2257,-0.474346294930916
554,2457,-1.35283923352752
554,2608,-1.6526479112967
554,3073,-2.10876038843289
554,3193,-1.15186209120783
554,3255,-0.0105558912544335
554,3357,-0.591478142224796
554,3739,-1.06748410222391
554,3826,-0.83378187400721
554,3937,-1.35521649907459
554,3968,-3.35529536420538
555,559,0.496018313106705
555,560,-0.486550351498577
555,568,0.357830790521808
555,628,-1.07521982289956
555,828,0.317028299548359
555,834,0.164248793570294
555,910,0.0221042246616812
555,1134,-0.732404922214068
555,1549,-0.629189311203846
555,1649,0.0056382290981395
555,1740,-0.286218840640888
555,1795,-0.31561784401519
555,1928,-0.505187572499066
555,1970,-0.869030955060305
555,2015,-1.60633795601342
555,2034,-1.77075069081905
555,2040,-0.577230558705418
555,2382,0.522995640823707
555,2905,0.726492801420089
555,3048,0.373480193473583
555,3061,0.16099124543059
555,3457,-0.158974546545611
555,3523,-0.595084196449515
555,3671,-0.592606984864552
556,558,-0.722299926209172
556,568,0.1431302795614
556,816,-0.447768747845538
556,868,0.213742320421201
556,1064,-0.0392650870028619
556,1622,-1.24449541268522
556,1911,-0.593041423751623
556,1950,-0.545395130542168
556,1953,0.391274928865787
556,1997,0.19569561052573
556,2249,-0.707293256969213
556,2320,-0.576050350112095
556,2699,-0.803681094607407
556,2763,0.46550256039412
556,2842,-0.831307940556306
556,3007,-0.571064735687355
556,3028,-0.375037230489476
556,3093,-1.68563109554006
556,3204,-0.491226077514238
556,3218,-0.0024447382467447
556,3405,0.502059326474545
556,3683,-0.504161184257383
556,3963,0.897020829664574
557,559,-0.564134414625781
557,561,-1.39256585173726
557,565,-0.983912128045383
557,566,-0.706888895689734
557,569,-1.09613429546787
557,635,-2.2638374628889
557,719,-1.81432477229896
557,1121,-1.41980720263818
557,1408,-1.21995461480401
557,2058,-0.460987196138797
557,2061,-0.857341606742037
557,2432,-1.30961319382452
557,2507,-1.74786041561365
557,2801,-2.1510754243468
557,3119,-0.460308800721615
557,3612,-1.64237775626223
557,3622,-1.2399581883439
557,3701,-1.72779748259762
557,3953,-0.869890580529226
558,561,0.175186291243988
558,562,0.153642901493656
558,568,0.865430205770573
558,571,0.782512785345142
558,613,0.591108446805087
558,769,0.0622441662797786
558,879,-0.238847477492427
558,1405,2.39853015485845
558,1429,0.588732617535056
558,2413,0.851629767044005
558,2555,1.39909583532656
558,2781,-0.740805894738245
558,2896,0.550972125602876
558,3017,-0.0138730092871824
558,3086,0.705631803182755
558,3139,0.0810869405794668
558,3446,-0.604687800693299
558,3699,0.867123186287299
558,3775,-0.861861084757609
558,3931,1.09757580994011
559,564,-0.831825269268524
559,565,-0.419777713419602
559,568,-0.138187522584897
559,569,-0.531999880842087
559,570,-0.933324809742339
559,730,-0.424733419660375
559,1153,-1.91264214613183
559,1250,-0.84903052284151
559,1540,-0.636733490739502
559,2292,-0.920554435671814
559,2319,-0.0787107854319717
559,2798,0.644249116941335
559,3008,-0.906025170546982
559,3994,-0.853564916292769
560,562,0.132593837743468
560,565,0.562790951185679
560,566,0.839814183541329
560,567,0.911394229443437
560,569,0.450568783763194
560,572,-0.165004231029438
560,961,1.15044873929658
560,1102,0.204903096948445
560,1385,-1.6087690568326
560,1852,-0.207361791865544
560,2390,0.651691244901852
560,2455,-0.535577613734926
560,2495,-0.0382051726843672
560,2578,-1.7424641209891
560,2674,0.68010943117201
560,2859,0.488982695265334
560,3096,0.54863843441087
560,3231,0.505842929537641
560,3410,0.41630357857427
560,3536,-0.309870521613899
560,3684,-0.483901330235926
561,565,0.408653723691879
561,570,-0.104893372630858
561,589,0.434163892312377
561,669,-0.446573349674316
561,721,-0.0006901614075191
561,1199,-0.0775542752421774
561,1689,-0.142011860291619
561,2082,0.918323170754832
561,2242,-0.316795087374468
561,2398,0.0149452235355546
561,2499,-0.328565495236027
561,2608,-0.807079438565912
561,2619,-0.109893695736023
561,2652,1.29219588359011
561,2667,1.31888933781663
561,2671,0.787214685069821
561,2882,-0.524536686942826
561,3016,0.120555552556765
561,3094,1.06526909483725
561,3163,-1.07417423288847
561,3180,0.796027648332892
561,3469,-0.235960267286492
561,3599,0.913447567098983
562,566,0.707220345797861
562,570,-0.0833499828805254
562,572,-0.297598068772906
562,723,0.325174203058765
562,738,1.38980487880983
562,789,-0.420774101931622
562,877,0.356962395636476
562,909,-0.63222067015153
562,1262,-0.22048523110943
562,1313,0.0884182532914339
562,1535,0.754052308387284
562,1616,0.211437091229574
562,1630,-0.0077368556069669
562,1828,0.393107076486175
562,1873,0.342848732878896
562,2082,0.939866560505165
562,2385,-0.288695973380401
562,2667,1.34043272756696
562,3163,-1.05263084313814
562,3237,-0.569460360061858
563,565,-0.177267967650782
563,568,0.104322223183923
563,573,-0.239752124864455
563,574,-0.543138097362533
563,575,0.30128883218423
563,1084,-0.322304824298402
563,1528,-0.756176965373807
563,2427,-0.423966339488477
563,2480,-0.430612634402775
563,2579,-0.71822616699948
563,2585,-0.257136667470413
563,2720,-0.221109405510491
563,3382,-0.184433452379247
563,3626,0.592645849672305
563,3671,-0.846115552202437
564,572,-0.315747626366195
564,952,0.24667956110414
564,958,0.646911871769471
564,1070,0.47597073268405
564,1263,-0.272002023845206
564,1349,0.637603917733523
564,1597,0.989950200779064
564,2098,-0.63888566729843
564,2108,-0.187805137851751
564,2269,1.12650889995495
564,2513,0.91757603399718
564,2683,-0.36546404276381
564,2728,-0.0883423465501005
564,2819,0.17214746495899
564,2892,0.931886293925109
564,2996,0.0399862805959465
564,3107,1.00030276000776
564,3418,0.55579911757094
564,3779,0.516424607266122
564,3787,-0.159844149347356
564,3817,0.316188070878951
564,3859,0.881170781026887
565,567,0.348603278257758
565,568,0.281590190834705
565,569,-0.112222167422485
565,570,-0.513547096322737
565,575,0.478556799835012
565,576,0.762079931830247
565,962,-0.602158207727539
565,1079,-1.34895264028984
565,1122,0.10509653172699
565,1133,1.36284541929218
565,1807,-1.73162272701402
565,2090,0.367444802266959
565,2101,-1.09363726985174
565,2321,0.0056839913754687
565,2487,-0.203236984509003
565,2558,-1.12922987969319
565,2630,-0.968191632386345
565,2708,-1.11260058082058
565,2840,-0.769375642753453
565,2899,-0.432388168684877
565,3067,-0.537697305280569
565,3231,-0.0569480216480387
565,3467,-0.692169784827326
566,567,0.0715800459021083
566,570,-0.790570328678387
566,572,-1.00481841457077
566,573,-0.339507389569322
566,574,-0.6428933620674
566,576,0.485056699474598
566,579,-1.07847686126836
566,610,-0.996133352390337
566,655,-1.57497874161284
566,1160,0.187736267478252
566,1236,-0.888969471365583
566,1597,0.300879412574492
566,1765,-1.37503351742087
566,2190,-2.00373450214622
566,2253,0.495289032208514
566,2753,0.0352233631338907
566,2857,-0.449849368185219
566,2872,-0.996628849990757
566,3263,-0.348085317198537
566,3341,-0.836428203914464
566,3401,-1.45623690162407
566,3438,-0.435245268842404
566,3658,-1.15366684926872
567,571,-0.149930507848483
567,573,-0.411087435471431
567,910,-0.402739653283179
567,1245,-0.530026421322259
567,1384,0.633603124315788
567,1650,-0.700860577644963
567,1692,-0.499500426443399
567,1753,-1.83548758790924
567,1941,-0.804655289874777
567,2348,-1.20934439121557
567,2459,-0.0665376620390696
567,2720,-0.392444716117467
567,3055,-0.971321091301897
567,3099,-0.331278799793514
567,3192,-0.457401662923259
567,3203,0.401562386821951
567,3270,-0.127293950587301
567,3597,-0.764300605809326
567,3633,-0.415681068430724
567,3687,0.0342315615702924
567,3988,0.6583121923767
568,570,-0.795137287157442
568,575,0.196966609000307
568,715,0.101836796198003
568,1114,0.412931115272401
568,1136,-0.867670042356292
568,1408,-0.517632677593329
568,1429,-0.276697588235517
568,1518,-0.265496621974239
568,1531,-0.703105576783496
568,1672,-0.827165881483005
568,1806,0.0436896931800165
568,2152,-1.73601169452011
568,2387,-1.55833375342826
568,2616,-0.514803897722017
568,2696,-0.281572832472947
568,2697,-0.525914223701225
568,3039,-0.898342695805166
568,3093,-1.82876137510147
568,3227,-0.513083175353018
568,3344,-0.130822379933008
568,3662,-0.531220901527615
568,3700,-0.981905211284239
568,3818,-0.729307094686585
568,3842,-0.819019156938763
569,581,-0.464729670852764
569,596,-0.0727652370775396
569,654,-0.692975860415179
569,988,-0.188527277351629
569,1263,-0.571827412271642
569,1336,0.118715530613445
569,2167,-0.347228798737317
569,2188,-0.0215805165979387
569,2566,-0.848508360396175
569,2752,-0.888974484035356
569,2985,0.0887900612603566
569,3209,-0.346021901572523
569,3234,0.257710591410563
569,3412,0.855899497703449
569,3496,-0.0273535302104731
570,578,1.22113525729544
570,582,0.633428781218249
570,583,1.00812643182939
570,643,0.478837376632245
570,765,0.428885517297839
570,1099,0.649299353431815
570,1278,1.42982722935692
570,1397,0.64900283806023
570,1977,-0.0239686251905499
570,2238,0.554738813516606
570,2564,-0.793427985095233
570,2638,0.24842570848302
570,2799,1.19174784166806
570,2952,1.06884777716733
570,3122,0.0020734354789652
570,3176,0.548783247731813
570,3397,0.898015773133351
570,3536,-0.359114376476842
570,3701,-0.230338258229504
570,3810,0.89369566339598
571,573,-0.261156927622947
571,575,0.279884029425738
571,579,-1.00012639932198
571,681,0.0692800635401992
571,808,0.218774420794829
571,809,1.03372048887298
571,915,0.580777249008484
571,1120,-0.541513460291769
571,1457,-0.250282508565549
571,1494,0.406392918109164
571,2415,-0.874301239650943
571,2641,-2.1821801407399
571,2689,-0.551084242703445
571,2804,-0.765439658909308
571,2904,-0.169530752262043
571,3244,-0.305842550848723
571,3265,0.704955387946747
571,3522,-0.35101088328107
571,3653,-1.49456645797545
571,3890,-0.963153326995992
572,574,0.361925052503367
572,580,1.47811946654138
572,583,1.22237451772177
572,659,1.14211739242594
572,832,0.0976036542777576
572,958,0.962659498135666
572,1335,0.11162094360323
572,1351,0.356403071655204
572,1366,0.0817568259628243
572,1500,0.245386288222265
572,1870,-0.494815183516396
572,2387,-0.548948380378442
572,2396,-0.665688457406476
572,3007,0.295190357801068
572,3193,0.0128478400461982
572,3456,0.278610582905561
572,3478,1.17591870492361
572,3704,-0.623206438636359
572,3762,1.10289130867405
572,3767,0.429063729577971
573,579,-0.738969471699035
573,580,0.812808441539936
573,582,0.182365842109185
573,583,0.557063492720328
573,584,-0.972592194802662
573,639,0.307645906839492
573,702,0.110570706888678
573,827,-1.63661862172931
573,892,0.241863247784668
573,1046,-1.17471764490791
573,1877,-0.674254423050284
573,1959,0.576237768035431
573,2129,0.790896959241888
573,2233,0.249455468820051
573,2460,-0.785400281788666
573,2731,0.441437023331725
573,3043,-0.563514626209318
573,3318,-0.0894381071396339
573,3393,-0.225727261685195
573,3637,0.012778921892453
573,3705,-0.350246431151054
573,3828,-0.95971660711642
573,3930,-0.040902240744271
574,579,-0.435583499200957
574,583,0.860449465218406
574,585,-0.0539174681496353
574,587,1.47368995027936
574,648,1.44069561351491
574,887,0.1747657393398
574,1496,0.477041388360296
574,1537,0.540433904734983
574,1851,1.11589451749869
574,1866,0.613007899417024
574,2057,0.333367106537175
574,2248,0.736634992963387
574,2412,-0.13966411564506
574,2543,0.354315180413238
574,2814,-0.436173280705103
574,3053,-0.574666598095115
574,3267,-0.337201250326931
574,3525,-0.290291848565899
574,3876,-0.154805318864662
575,576,0.283523131995235
575,581,-1.05550863811026
575,583,0.0160225356716432
575,584,-1.51363315185135
575,586,-0.356937385919613
575,724,-0.68223537455567
575,959,-0.567879939244695
575,1180,-1.54444358322352
575,1263,-1.16260637952914
575,1388,-1.35766602207307
575,1853,-1.01921281613926
575,2123,-1.23507916328948
575,2632,0.0669807194045967
575,2689,-0.830968272129183
575,3451,-2.07584146125369
575,3802,-2.11867179193078
576,577,-1.34283357986123
576,580,-0.0117556475039847
576,582,-0.642198246934735
576,584,-1.79715628384658
576,1202,-0.588386058905422
576,1784,-0.302790747271833
576,2050,-1.85637663023673
576,2219,-0.495262150059486
576,2230,-1.59432361861291
576,2239,-0.421224003907111
576,2275,0.0864333979238342
576,2827,-2.45562915008374
576,3368,-0.365593087300716
576,3409,-0.46853256148029
576,3476,-0.112746280532554
576,3494,-1.80281709040685
576,3562,-0.566803152796336
576,3821,-0.741239875119314
577,580,1.33107793235724
577,582,0.700635332926492
577,583,1.07533298353764
577,584,-0.454322703985355
577,589,0.606263816651479
577,641,0.519722598572279
577,700,0.019853047052211
577,828,0.821541347892236
577,1193,-0.174865549969239
577,1392,1.4738542533692
577,1427,0.872852185080008
577,1495,0.806555535148087
577,1511,0.231811824784597
577,1630,0.142819678981802
577,1679,0.750739067641523
577,1942,1.06978756523609
577,2010,-0.271096356758104
577,2128,0.145777380084521
577,2169,0.153793206439803
577,2755,0.408731644698274
577,2800,1.43951112700349
577,3235,0.332061020693323
577,3394,0.443179125385952
577,3514,-0.109238421077985
577,3985,0.354341056536009
578,582,-0.587706476077189
578,588,-1.08078568249301
578,647,-1.0776384147184
578,991,-0.0618135593202211
578,1040,-2.73021910003839
578,1163,-0.591824125172873
578,1563,-2.52709406605786
578,1652,-0.439966884279582
578,1704,-0.104702959267512
578,1709,-1.16565911168215
578,1842,-1.38016006208696
578,1950,-1.11452338024156
578,2126,-1.52137029922969
578,3079,-1.60147703296905
578,3567,-2.05582612333796
578,3965,-0.693004543689965
578,3985,-0.934000752467672
578,3989,-1.88837814151372
579,580,1.55177791323897
579,586,0.923073042828107
579,590,0.311546255339744
579,591,0.133977653701249
579,643,0.766743909222215
579,709,-0.0833017027803392
579,1096,0.669247443735243
579,1158,0.433558440452478
579,1936,1.06080980218066
579,2480,0.548108962160714
579,2887,1.13722230117559
579,2898,-0.120674799357432
579,3198,0.823823817453452
579,3223,0.448550518838287
579,3603,0.829922022591834
579,3650,0.112738587192659
579,3981,1.07521260525113
580,581,-1.32727612260151
580,582,-0.630442599430751
580,586,-0.628704870410863
580,587,0.357495536241343
580,854,-1.03448479883456
580,1359,0.248942720370045
580,1722,-0.848537510358501
580,2130,-0.163627563582761
580,2561,-0.813171927827144
580,2599,-1.40184381383092
580,3109,-2.61731173848717
580,3207,-2.1958549737905
580,3270,-0.529014956655806
580,3672,-1.4568916733288
580,3724,-2.28976827138775
580,3744,-1.04144032987579
581,584,-0.458124513741086
581,810,1.09976804180866
581,822,0.674189385851884
581,1468,0.0186801482426483
581,1696,-1.36243188687001
581,1859,-1.04296248670038
581,2552,0.0797100639435432
581,2599,-0.0745676912294096
581,2662,1.08870694282106
581,2793,0.142789508011618
581,2838,0.596180940939262
581,3276,0.596982448274319
581,3354,0.824385798840069
581,3375,0.984487243687372
581,3435,0.472745240359618
581,3582,1.28083015945117
581,3618,1.95414609572466
581,3797,2.05641121632508
581,3962,-0.403033478268493
581,3979,0.408510905440712
582,584,-1.15495803691185
582,586,0.0017377290198871
582,661,-0.103647676759465
582,722,0.917657243201168
582,842,-1.26945465578326
582,966,-0.393524624130538
582,1041,-0.956776491041907
582,1247,-0.836812624303767
582,1359,0.879385319800796
582,1531,-0.541397070844303
582,2050,-1.21417838330199
582,2213,-0.795327433763218
582,2326,-0.0306626561166569
582,2418,-0.849391948293489
582,3490,-0.478764063910106
582,3577,-0.217302212737757
582,3949,-0.471688762420103
582,3973,0.0900928427473272
583,586,-0.372959921591256
583,591,-1.16205531071811
583,869,0.192013625097079
583,1109,-0.580261077749343
583,1286,-1.46336828815775
583,1306,0.0988243268284209
583,1486,-0.467349856765645
583,1630,-0.932513304555834
583,2104,-0.317744912335814
583,2153,0.106131775993057
583,2361,-0.660481293780868
583,2366,-0.313881604577557
583,2442,-0.87942999061712
583,2898,-1.41670776377679
583,3061,-0.409828689763168
583,3065,-0.192808629543749
583,3214,0.48908916938959
583,3331,-1.46303283928625
583,3699,-0.211296164155223
583,3718,-0.831460841076597
584,588,0.661878830496023
584,592,0.596820693400366
584,810,1.55789255554975
584,812,0.382585846968697
584,979,-0.127710132215489
584,1127,0.447539046838249
584,1179,2.09329482714472
584,1463,1.10908283573073
584,1554,-0.0199401655065739
584,1685,0.921562405572012
584,1795,0.643217908314042
584,2050,-0.0592203463901451
584,2110,0.416608702985165
584,2121,-0.528477119438422
584,2476,0.87302176217819
584,2581,0.556879624683322
584,2893,1.64026523075505
584,2903,1.31663333229016
584,2969,1.30196792683437
584,2986,-0.203843305456452
584,3269,0.147100395270421
585,589,0.445297766481884
585,597,1.06961585929915
585,1147,-0.638583385330625
585,1368,0.773304294583054
585,1371,1.05509028343177
585,1692,0.268890449675744
585,2165,1.14553782633783
585,2208,-0.614713142322734
585,2476,0.257733008023241
585,2617,0.941421211934003
585,2689,0.0673761255672146
585,3047,-0.200947723572661
585,3094,1.07640296900676
585,3578,-0.108470165259631
585,3816,-0.779004403022358
585,3898,0.66836838164142
586,590,-0.611526787488363
586,592,-0.559875072531369
586,595,-0.611994263678735
586,597,0.528208847522363
586,598,-0.228400771806627
586,745,-0.55290476870313
586,1289,0.894792378515301
586,1447,-1.21213837578689
586,1936,0.137736759352557
586,2462,0.391612442756648
586,2480,-0.374964080667393
586,2852,-0.638836154615817
586,3147,-0.254887028801998
586,3580,-0.309894066964439
586,3680,0.124632773416687
586,3741,-0.256905851560525
586,3873,-0.625927937191028
587,595,-1.59819467033094
587,599,-0.397521643635717
587,632,0.0623921497662756
587,906,-0.898948846661886
587,983,-1.63860912216623
587,1250,-1.53707262998951
587,1749,-0.767486960556032
587,1998,-1.11334990202611
587,2045,-1.65635519769788
587,2070,-1.15613795182517
587,2141,-2.20014647945017
587,2459,-0.825754204348918
587,2668,-2.22075705108897
587,2718,-1.20685149373236
587,2784,-0.0397154179528369
587,2855,-0.998343879610646
587,3113,-1.20262705072769
587,3229,-1.93383960759963
587,3449,-0.99274958867833
587,3654,-1.21780222302256
588,589,0.398707690140811
588,592,-0.0650581370956571
588,593,0.461939780619105
588,598,0.266416163629084
588,599,1.0834956984522
588,600,0.0901123787996239
588,908,-0.561295887272599
588,962,-0.228960686207227
588,1054,0.640725493199721
588,1735,-0.522355522617305
588,1774,-0.0265662554991215
588,1932,-1.05856261377285
588,2038,0.028963773195666
588,2144,0.20094736333184
588,2799,1.05139826686563
588,2879,-0.49401908864901
588,3231,0.316249499872274
588,3770,-0.675785697073244
588,3819,-0.381662687577621
588,3830,0.0411070855698381
588,3872,-0.151688752606062
589,590,-0.515417542193462
589,594,-0.0528411580288864
589,598,-0.132291526511727
589,599,0.68478800831139
589,600,-0.308595311341187
589,601,-0.38818975314181
589,752,0.437943488387513
589,1463,0.0484963150938989
589,1720,0.103367625833536
589,1948,-0.220470043285947
589,2315,-1.42816198685542
589,2600,-2.07500270087653
589,2840,-0.794885811373951
589,2947,-0.267871605066579
589,3524,-1.36671441755295
590,598,0.383126015681735
590,600,0.206822230852275
590,601,0.127227789051652
590,602,0.675175216704605
590,745,0.0586220187852324
590,755,-0.589209881526212
590,874,1.85266651078938
590,1249,0.825445771566725
590,1442,-0.306607889209571
590,1524,1.00273839541409
590,1850,0.429900110167269
590,2819,0.250007282683031
590,3084,0.247711777092764
590,3306,1.36462919045934
590,3532,0.39359915028643
590,3648,0.111790091000562
590,3768,0.0311808232978067
590,3774,-0.0813044780445039
591,592,0.229220316595489
591,597,1.31730423664922
591,603,1.36707452702037
591,1074,0.64429730429615
591,1221,0.506099115096527
591,1242,1.27589741644164
591,1711,1.19638815453141
591,2008,-0.109609026083803
591,2246,0.13211692073873
591,2282,0.0267809432581153
591,2482,-0.175440454246848
591,2698,-0.158148826767967
591,2817,0.822136943193833
591,2923,0.0807629896256133
591,2940,-0.457270604629747
592,593,0.526997917714762
592,599,1.14855383554786
592,602,0.623523501747611
592,603,1.13785421042488
592,701,0.108099526796897
592,1162,0.459054003953831
592,1342,-0.606470605487468
592,1562,0.0350508770102389
592,1981,-0.0985144186183126
592,2205,-0.760378190351138
592,2245,-0.926780710642927
592,2254,-0.368032261735096
592,2560,-0.231526680402339
592,2654,0.125051126507828
592,2722,-0.897816861035335
592,2813,0.381669236522641
592,2918,0.137666390911659
592,3270,0.659564986286426
592,3401,-0.740958010652447
592,3727,0.321442285375751
593,597,0.56108600233897
593,606,-0.362461534491978
593,634,-0.387514773605143
593,678,-1.26261943703717
593,718,-0.0495989542182548
593,867,0.758359673251791
593,922,0.386325989102813
593,1008,0.289524315920995
593,1288,-1.09671069358689
593,1338,0.398355017837205
593,1385,-2.26030226711707
593,1851,0.661282128688146
593,2045,-0.637277636229063
593,2378,0.0309036431236485
593,2528,-1.66589873526949
593,2595,-0.0658658231077359
593,2602,-0.400313700110267
593,2807,0.115885011106106
593,3265,0.814885899257229
593,3401,-1.26795592836721
593,3588,-0.233256747303501
594,599,0.737629166340276
594,601,-0.335348595112923
594,602,0.212598832540029
594,835,1.04849919190812
594,1339,-0.245250330887936
594,1471,0.315810085723932
594,1637,-0.420983477774743
594,1786,0.435375739550183
594,1892,-0.605833772687638
594,1894,0.169489433286244
594,2262,-0.177807840552075
594,2417,0.0439528239189914
594,2747,0.177663355545815
594,2769,0.192978541977916
594,2812,-1.08570982847477
594,2969,0.294222564226426
594,3509,-0.214053041609275
594,3579,-0.800199015219355
594,3604,-0.81676190347187
594,3894,-0.337547264063355
594,3920,0.214280832282482
595,596,0.305387445263311
595,597,1.1402031112011
595,598,0.383593491872108
595,599,1.20067302669522
595,600,0.207289707042647
595,601,0.127695265242025
595,605,-0.528323572308041
595,608,0.710682112255855
595,1126,-0.645950869836056
595,1157,-0.956469809488746
595,1213,-0.663853027628949
595,1357,-1.07604745618355
595,1574,0.780847493561898
595,1904,0.291319401160891
595,2171,0.274028221894257
595,2271,0.759917920207774
595,2655,0.709076548303697
595,2992,0.0770084629141137
595,2999,-0.546195410042975
595,3063,0.777180327284919
595,3184,0.217378038337161
595,3552,0.426743351398274
596,603,0.884585956308935
596,606,-0.0887318708931609
596,1141,0.614394105145552
596,1663,-0.574044334282941
596,2107,-0.241718088929931
596,2360,0.643534512929927
596,2559,-0.0436673891243915
596,2945,0.045627025965546
596,3194,-1.12843845352841
596,3571,0.583622913867596
596,3837,0.573972053886266
596,3981,0.458746380838449
597,600,-0.932913404158451
597,601,-1.01250784595907
597,689,-1.72917660158948
597,794,-0.85606654890281
597,1080,-0.926524578779499
597,1389,-1.62522266969763
597,1581,-0.293637270951843
597,1843,-1.26988467176957
597,1878,-0.87654221299936
597,2106,-1.24313010457189
597,2227,-1.04722551792457
597,2483,-1.84259109895964
597,2871,-0.765462047316979
597,2904,-0.620686243290531
597,3019,-0.53679466636868
597,3027,-0.42365733856113
597,3309,-0.423537733236347
597,3399,-0.567554285273982
597,3649,-0.853685733068254
597,3731,-1.52694734568518
598,600,-0.176303784829461
598,602,0.29204920102287
598,605,-0.911917064180149
598,606,-0.166937917501958
598,610,-0.61232876214346
598,1145,-0.111197932832556
598,1266,-0.189006635446177
598,1432,-0.884715330211358
598,1532,-0.0037612287042811
598,2027,0.268773016839881
598,2113,-0.873919185459971
598,2150,1.06576854194156
598,2152,-1.34764014579418
598,2182,0.0778975072890776
598,2633,-0.0072282849476986
598,3178,-0.375808640328158
598,3308,0.119778538653717
599,600,-0.993383319652577
599,601,-1.0729777614532
599,603,-0.0106996251229783
599,611,-1.04612656505968
599,769,-1.23189402558798
599,1075,-0.344208318852957
599,1140,-0.927049443015491
599,1193,-1.46591737493211
599,1240,-0.664467900774458
599,1260,-1.57754830838929
599,1434,-0.829255629291535
599,1541,-1.08311617076666
599,1834,-1.06186482833807
599,1846,-0.437131298429834
599,1978,-0.968656633748758
599,2477,0.362699112188929
599,2945,-0.849658555466368
599,2967,-2.40937631176252
599,3182,-1.27317579676917
599,3545,-1.32037610941888
599,3593,-2.00670064702692
599,3673,-0.276027125071238
599,3757,-1.12170945099893
599,3825,-0.379053451179011
599,3966,-1.5737202255404
599,3971,-1.50210236569004
599,3972,-0.285890248395436
600,606,0.0093658673275024
600,611,-0.0527432454071064
600,613,0.290353574589908
600,649,0.170907047030447
600,766,0.463995298085426
600,890,1.24833896343174
600,1032,-0.485693248548272
600,1798,0.860147002658524
600,1929,0.834328391868658
600,2477,1.35608243184151
600,2743,0.0554967263744593
600,2809,0.384943950362588
600,3266,0.427606817002907
600,3551,-0.0367774656743598
600,3560,0.689079358193051
600,3721,0.238239651853053
600,3875,0.617466699420355
600,3933,-0.612853428788583
601,605,-0.656018837550066
601,607,0.224675463151209
601,609,1.28537728394232
601,611,0.0268511963935162
601,729,0.656506823627339
601,912,-0.214443347103942
601,1042,0.886311399425329
601,1156,0.585831932998387
601,1197,-1.16800262704961
601,1369,1.44078524795491
601,1568,-0.680577907891786
601,1681,0.523689894525568
601,1728,1.19771812408469
601,2130,0.949376305264813
601,2417,0.379301419031915
601,2506,0.12238107406876
601,2719,-0.348778354908204
601,2897,-0.0810622268152443
601,2954,-0.0098618166790436
601,3780,-0.0229492377758725
601,3861,0.139752904896298
602,606,-0.458987118524828
602,607,-0.323271964501744
602,783,0.553972151027183
602,844,-0.769684881884341
602,1042,0.338363971772376
602,1156,0.0378845053454342
602,1200,-0.669769300297135
602,1817,-1.99357757135226
602,1836,0.15964210392116
602,1858,-0.614284524052399
602,2086,0.242851181449152
602,2458,-0.0838099756142977
602,2512,-0.397229762476048
602,2838,-0.166038740467629
602,3424,-0.161113309825821
602,3630,-0.908881671450245
602,3712,-0.0013925058450053
602,3900,-1.04115024834405
602,3994,-0.619055046004808
603,604,-0.789833676143839
603,606,-0.973317827202096
603,607,-0.837602673179012
603,610,-1.4187086718436
603,613,-0.692330119939691
603,614,-0.271389204640172
603,616,-0.940378336145258
603,1309,-1.70054247778845
603,1594,-0.226277177730405
603,1808,-0.872798291831255
603,2110,-1.31806620084008
603,2184,-1.04933941127304
603,2213,-1.37504430067662
603,2494,0.263994518296237
603,2603,-0.928252707497086
603,2932,-0.0658685945961768
603,3212,-1.13058896009051
603,3704,-2.05060017266039
603,3986,-0.178892063125257
604,613,0.0975035562041488
604,614,0.518444471503667
604,793,0.244708791852656
604,864,-0.439357222090836
604,1236,-0.521711114675004
604,1269,0.548601254750336
604,1289,1.10664691676563
604,1312,0.0838776523389631
604,1367,-0.625484306232708
604,1375,0.691832437709861
604,1678,-0.496261121931064
604,1963,-0.883976001769257
604,2107,-0.336470369095027
604,2155,-0.636701031195593
604,2257,0.0528035784429228
604,2431,0.177195174260608
604,3190,-0.466170273276682
604,3572,0.874437154001708
605,609,1.94139612149238
605,611,0.682870033943582
605,613,1.0259668539406
605,614,1.44690776924012
605,616,0.77791863773503
605,617,1.57137715304553
605,701,0.688542290252305
605,749,-0.361592564455477
605,997,1.80027565790016
605,1381,1.27444094056833
605,2018,1.06674250015457
605,2378,1.13834432429382
605,2998,0.351110096641594
605,3104,0.740837167487497
605,3158,2.24408899483135
605,3330,1.40969080930494
605,3532,0.922390198784844
605,3903,0.0269694602596043
605,3920,1.20564826494547
606,609,1.19641697481419
606,610,-0.445390844641502
606,611,-0.0621091127346088
606,616,0.0329394910568383
606,617,0.826398006367334
606,670,0.895592667706339
606,771,-0.862659725527738
606,779,-0.544321380004729
606,999,-1.90971802158654
606,1191,0.426550667678916
606,1374,0.728557572054245
606,1408,0.037676788634562
606,1571,-0.0964302018293565
606,1788,-1.52543745803599
606,1921,0.346251770129446
606,1960,0.688725446203594
606,2005,0.0796284085256018
606,2077,-0.476640006871335
606,2493,0.386075773103484
606,2502,-0.120430475232904
606,2938,-0.584338979025308
606,3001,1.27597459536216
606,3148,0.178108237005352
606,3495,0.845503916625933
607,614,0.56621346853884
607,617,0.690682852344251
607,618,-0.0678027009061084
607,1027,-0.707800792835443
607,1162,0.158802466707963
607,1365,0.689395893328126
607,1369,1.2161097848037
607,1385,-2.03355588664818
607,1427,0.43010265841913
607,1429,0.142896723969291
607,1521,-0.782850648592706
607,1549,-0.567425789520847
607,1735,-0.757548922767516
607,1918,0.509075446853783
607,1976,-0.803324421055516
607,2026,-0.441956358423038
607,2073,0.340328341658234
607,2227,-0.259393135116701
607,2694,-0.482109522035391
607,2745,0.458560647369576
607,2807,0.342631391575
607,2827,-1.55554509688339
607,2948,1.78223082273296
607,3136,0.673704824505309
607,3460,0.761268859595594
607,3462,0.0077088542882883
607,3997,-0.379535348211609
608,614,0.207902084676219
608,619,-0.784209440347494
608,710,-0.981569948064704
608,1364,-0.0544767044041113
608,1395,-0.865954796674174
608,1753,-1.707191572144
608,2139,-1.69845213180591
608,2357,-0.106918670164744
608,2561,-0.2831549059934
608,2702,-0.757882575971876
608,2734,-0.0194482896047483
608,2939,-1.31879271111773
608,3155,-0.691655671846211
608,3405,0.420211975255331
608,3661,0.633603026086704
608,3829,0.673728578880215
608,3889,-0.20987310097637
608,3890,-0.984787819079236
609,610,-1.64180781945569
609,614,-0.494488352252267
609,615,-0.527504287304826
609,618,-1.12850452169722
609,619,-1.48659987727598
609,620,-2.80607663887502
609,622,-0.948448461077395
609,840,0.259125093196949
609,1142,-1.34405373595121
609,1303,-1.06646727906388
609,1801,-1.89328912644246
609,2022,-0.83781505072651
609,2334,-0.607920796722786
609,3167,-2.8285134443574
609,3276,-0.902667089421936
609,3470,-0.76987245755787
609,3531,-1.85001110265038
609,3717,-1.12632346181831
609,3768,-1.38142424969616
610,611,0.383281731906893
610,612,1.56321726206212
610,614,1.14731946720343
610,615,1.11430353215087
610,616,0.47833033569834
610,620,-1.16426881941933
610,623,1.13758275178912
610,1023,-0.458231019489044
610,1240,0.764940396192118
610,1520,1.94244734598316
610,1631,0.888807825927835
610,2242,-0.0063386910316594
610,3042,-0.522380078923413
610,3076,0.840845369682513
610,3183,1.81099625259821
610,3295,0.800329722946163
610,3526,0.381697873293056
610,3815,0.278374780204006
611,619,-0.228073789727181
611,620,-1.54755055132622
611,896,-0.333154916883916
611,1005,0.0203272761183204
611,1259,1.02838536040967
611,2056,0.715423705985936
611,2332,-0.917443236873654
611,2431,0.422788438053473
611,2472,0.587466662412245
611,2528,-1.24132808804291
611,2910,0.0760457512647857
611,2996,-0.0362328871251804
611,3021,-0.0046662204958869
611,3371,1.10611872764795
611,3813,-0.346417202157318
611,3860,-0.629975887681045
612,613,-0.836838710158217
612,614,-0.415897794858699
612,617,-0.291428411053289
612,624,-1.52554845338813
612,625,-0.900362990263882
612,681,-0.576154308077963
612,871,-1.35880128995686
612,965,-3.39679573593685
612,999,-3.02754443900717
612,1299,-2.31516167238541
612,2233,-0.657135830421059
612,2444,-1.82864028293842
612,2450,-0.912774968958691
612,3025,-0.894485623905665
612,3143,-1.10336887863293
612,3199,-1.42722941804753
612,3539,-0.598448549448409
612,3752,-0.557369758084891
612,3984,-0.482592153096275
613,614,0.420940915299518
613,618,-0.21307525414543
613,619,-0.571170609724195
613,983,-0.538057733467846
613,1172,-2.61236848651946
613,1179,1.05095004325917
613,1222,-0.34012600989168
613,1288,-1.01523686635732
613,1558,-0.116704576770173
613,1776,-0.607089354621748
613,2449,-0.463019107154958
613,2911,-0.409317872583434
613,3261,0.049800827936292
613,3568,-1.3968478174654
613,3658,-0.883912048782291
614,617,0.12446938380541
614,624,-1.10965065852943
614,629,-0.0599573303037954
614,1002,-0.49663768372105
614,1091,-0.385841489128558
614,1440,-0.582623363621669
614,1471,-0.139730250853194
614,1947,-2.01493724087222
614,1949,-0.484750513469883
614,2137,0.865708754832346
614,2306,-1.56069715059683
614,2514,1.1111178574707
614,2680,-1.79834334590029
614,2802,-1.9713830377096
614,3234,-0.28272092318066
614,3254,-0.892707724751704
614,3278,-0.295405407113983
614,3502,-1.00517801812168
614,3558,-0.483340834592479
614,3606,-1.02386357338862
614,3913,-0.573044141119564
615,624,-1.07663472347687
615,627,0.323923607259364
615,727,-0.662036335942097
615,734,0.0395683989632096
615,1013,-2.11811223207909
615,1097,-0.670076612096532
615,1220,1.03202627075498
615,1257,-1.71462070191969
615,1304,-1.36464547606092
615,1545,-0.498773711708631
615,1797,-1.18390770758547
615,2404,-0.277764569239884
615,2462,0.118038444555867
615,2515,-0.85221352994921
615,2606,0.142762276508531
615,2616,-0.628407119003491
615,2711,0.591887381919528
615,2929,-0.846015891823174
615,2996,-0.767254687369155
615,3108,-1.44365729742312
615,3494,-1.43593057069279
615,3589,-0.605765348987762
615,3837,-0.0062087627299385
615,3853,-1.91432587752211
616,623,0.659252416090783
616,624,-0.440661527024341
616,626,0.597775860409419
616,737,0.235041255565111
616,1008,0.619046359356135
616,1302,-0.380977082922961
616,1712,-0.753539614655469
616,1737,-0.675517317091343
616,1755,-0.569115881454726
616,1973,-0.680759792386006
616,2092,0.56678191099846
616,2385,-0.478113302486265
616,2489,-0.0928797619875785
616,2566,-0.719950743482313
616,2665,0.737457902485752
616,3209,-0.217464284658661
616,3500,-0.838680689421428
617,620,-2.43605767042816
617,623,-0.134206099219713
617,625,-0.608934579210593
617,628,-1.70413915356081
617,629,-0.184426714109206
617,1094,-0.813527508853842
617,1381,-0.296936212477197
617,1397,-0.417222989236656
617,1867,-0.528212363248077
617,2166,0.530873859189474
617,2668,-1.66561596149551
617,2777,-0.954049462263576
617,2835,-0.576449082428689
617,3023,-1.3863710434436
617,3080,0.976970502753
617,3121,-1.50257207295554
617,3384,-0.996442193314295
617,3444,-1.69269567474675
617,3445,-2.11451868716205
617,3685,-2.36430222794516
617,3933,-1.44861730248342
618,619,-0.358095355578765
618,620,-1.67757211717781
618,625,0.149550974039766
618,631,-0.258112130274705
618,1220,1.63302650514737
618,1317,0.377392038227892
618,1326,-0.226308626122965
618,2052,0.535033291401467
618,2302,0.516316982620458
618,2325,-0.434268185903509
618,2376,0.695606789658018
618,2391,-1.04570039504594
618,2416,0.952124767247784
618,2674,0.323125302262541
618,2813,0.149220400182882
618,3006,0.312941828058959
618,3221,0.192573359094284
618,3481,-0.370760596126253
618,3916,0.733227506318905
619,620,-1.31947676159904
619,621,0.297980468861431
619,622,0.538151416198586
619,625,0.507646329618531
619,840,1.74572497047293
619,1236,-0.0480440611549579
619,1343,0.364026074512678
619,2139,-0.914242691458419
619,2924,1.07906372899488
619,2995,-0.116161532858507
619,3039,-0.0528503271154854
619,3530,-1.17784765098612
619,3864,-0.513001374836784
619,3959,0.778242690886703
620,621,1.61745723046047
620,622,1.85762817779763
620,631,1.4194599869031
620,905,1.55992312212222
620,1017,1.71378859441223
620,1182,2.36715620772735
620,1928,1.30195076726785
620,2700,0.852234067100697
620,2971,1.72859749909953
620,3116,2.22898790579911
620,3205,1.48434173367365
620,3237,0.883721465949946
620,3336,1.9196308795471
620,3451,0.286094278035336
620,3527,2.68715528394424
620,3856,0.846801041025801
621,625,0.2096658607571
621,626,0.622917785066615
621,629,0.634173725858487
621,631,-0.197997243557371
621,633,0.900607934373015
621,921,0.0291446546526051
621,950,0.523425611605599
621,1187,0.174552218866401
621,1343,0.0660456056512471
621,1390,0.60805492286541
621,1584,-0.0435552868009892
621,1675,0.291306278194514
621,2024,-0.528048927038875
621,2571,0.129015253158969
621,2662,0.777676813539358
621,3983,-0.547648239567253
622,623,0.444223393410825
622,624,-0.6556905497043
622,625,-0.0305050865800554
622,629,0.394002778521332
622,634,-0.273021752849961
622,924,-1.19954997773494
622,1508,-0.734453366626148
622,1552,0.353884499908686
622,1920,0.473133517166379
622,2070,-0.0225673696011784
622,2257,-0.011680784235617
622,3208,-1.01966092029568
622,3435,-0.0784558362592418
622,3617,-0.361746344476729
622,3623,-0.887208218655705
622,3804,0.521429651156163
622,3873,-0.478557761619239
622,3990,-1.82479030500523
623,624,-1.09991394311512
623,630,-1.45380385436969
623,632,0.751739338579446
623,633,0.216213593625035
623,653,-2.36286496911936
623,725,-1.58605336761431
623,926,-0.436647033244972
623,1007,-1.4335274757729
623,1015,-0.535526549457935
623,1423,-0.724358081669945
623,1656,-1.72978691739873
623,1894,-0.276314187876579
623,1947,-2.00520052545791
623,2078,-1.42893275575497
623,2656,-0.0053711572888057
623,2685,0.253196367296184
623,3698,0.756392389409292
624,627,1.40055833073623
624,628,-0.470019111225977
624,629,1.04969332822563
624,635,-0.598484023482828
624,636,0.265661082513829
624,693,1.04662828752298
624,847,0.692092353063336
624,886,0.351099869212544
624,1027,-0.164363602844856
624,1305,-0.15632422285555
624,1368,1.03495800808236
624,1702,0.768789230705236
624,2032,1.1744589600073
624,2105,-0.31847268530866
624,2430,-0.116926889178854
624,2540,-0.138965450360157
624,2543,0.669886362062176
624,2679,0.7064523173581
624,2764,0.881403048048919
624,3037,-0.147637332707053
624,3437,0.638287910486478
624,3452,-0.32837082419314
624,3459,0.648408152959643
624,3841,-0.0094831247396232
625,628,-1.09520457435022
625,631,-0.407663104314471
625,1028,-0.0619450524176331
625,1339,-0.216325472059879
625,1437,-0.0462883376868617
625,1785,0.906450293727649
625,1868,-0.815235344145292
625,1997,0.39041137003548
625,2125,0.510493440278984
625,2426,0.0299608215735505
625,2438,-0.813364039133522
625,2486,-0.233766525484649
625,2610,-0.746932458791863
625,2738,-0.287303159319795
625,3203,0.806421513316154
625,3440,-0.356148753871569
625,3447,0.0818801950307428
625,3697,1.90036668351364
625,3788,0.408256448863591
625,3854,0.496818779190721
625,3931,0.569991643240687
626,628,-1.50845649865974
626,629,0.0112559407918718
626,745,-0.788281430860802
626,898,-0.326620173111998
626,1233,-0.819674254752254
626,1317,-0.185410860121389
626,1717,-0.239298617218565
626,1949,-0.413537242374216
626,2081,-0.528646942892612
626,2141,-1.44932273495563
626,2294,0.224846292974632
626,2366,-0.176298345143972
626,2538,0.569924873504338
626,2729,-0.387069870010096
626,2773,0.772018878665012
626,3113,-0.451803306233156
626,3167,-2.26281182100947
626,3443,-0.209038377059261
626,3448,-0.994457820649976
626,3535,0.184774655976198
626,3725,-1.38609476888816
626,3950,0.461605703542046
626,3988,0.649919394561387
627,628,-1.87057744196221
627,635,-1.99904235421906
627,636,-1.1348972482224
627,638,0.37691801517245
627,865,-0.177841816151657
627,1060,-0.892610121011296
627,1077,-1.536804580016
627,1079,-2.06806965966538
627,1757,-0.554930419372355
627,1785,0.13107742611566
627,1855,-1.56583443148696
627,2341,-2.10064898740023
627,2469,-1.46891929885685
627,2584,-1.69157817074215
627,3248,-1.51164044998819
627,3353,-0.239192003276656
627,3383,-1.04036293475527
627,3553,-0.769673632778347
627,3568,-2.10869640497172
627,3813,-1.40136260966066
628,631,0.687541470035751
628,634,0.852687908080316
628,637,-0.0265508758487391
628,638,2.24749545713466
628,641,1.09042937312797
628,722,2.18899935068335
628,1144,1.41442296914354
628,1198,2.02651693029358
628,1664,1.99248536237218
628,1988,0.031359292767529
628,2079,-0.122629115347088
628,2400,0.788436077113863
628,2587,1.21626278642292
628,3005,0.193246792758269
628,3038,2.49759720559259
628,3091,1.22321531948565
628,3092,0.231830983292257
628,3465,1.27733805354768
628,3966,0.288038373978152
629,632,0.801959953468939
629,633,0.266434208514528
629,634,-0.667024531371293
629,635,-1.64817735170846
629,636,-0.784032245711803
629,638,0.727783017683051
629,921,-0.605029071205882
629,923,-0.112988634732231
629,1152,-1.97883027069547
629,1613,-0.461376859871667
629,1981,-0.905022094099225
629,2151,-0.714241386090513
629,2234,-0.147443602674061
629,2759,-0.649262342323062
629,2863,-1.42943316845683
629,3180,0.0191219077760703
629,3478,0.0798715058435508
629,3663,0.0108423414478739
629,3986,0.15245447181871
630,634,0.736558708108905
630,636,0.619550993768395
630,638,2.13136625716325
630,639,1.28049297224107
630,697,1.69376550124157
630,818,0.057786962646266
630,1035,0.530230302473104
630,1066,-0.0906720289218434
630,1123,-0.373098966987813
630,1650,0.68307392322805
630,1855,0.188613810503835
630,2073,1.23765544290339
630,2133,0.875632546830192
630,2478,0.318028514391796
630,2997,1.5603687717266
630,3024,-0.0300053714517488
630,3060,0.0481359252884936
630,3885,0.885858485910245
631,635,-0.816006382292601
631,639,0.709080702176735
631,641,0.402887903092215
631,644,0.558161321430471
631,654,-0.341279075286748
631,868,0.816121184245422
631,898,0.494294855511989
631,1068,0.423884302522204
631,1354,-0.209958862615236
631,1569,-0.130000851685808
631,1655,-0.112826213015709
631,1883,0.385279602029025
631,1896,1.35859359250467
631,2257,0.426487406658909
631,2558,-0.665310927142275
631,2630,-0.504272679835429
631,2834,0.311160454991076
631,3164,0.392923058198609
631,3875,0.798300509250582
632,635,-2.4501373051774
632,638,-0.0741769357858882
632,641,-1.23124301979258
632,745,-1.60149732512161
632,1263,-1.85426155002801
632,1493,-2.84048506567159
632,1522,-0.733368574607196
632,1609,-1.28925110530383
632,1868,-2.04170316271562
632,1876,-1.35514684496635
632,1898,-1.20234763560795
632,1946,-1.94346645194795
632,2080,-0.544696762523689
632,2361,-1.33611392860809
632,2443,-1.64527985987306
632,2800,-0.311454491361371
632,2856,-2.08274428206255
632,3193,-1.8851593125028
632,3427,-0.692785796380821
632,3442,-1.63845863722474
633,635,-1.91461156022299
633,638,0.461348809168523
633,640,-1.13377181259175
633,904,0.604599259338132
633,1030,-1.22011209687978
633,1219,-0.735710438266661
633,1561,-0.0914680327542073
633,1564,-0.173932816663992
633,1584,-0.944163221174004
633,2225,-0.682101004748239
633,2372,-1.39283187042192
633,2504,-0.539597547983162
633,2547,-0.846870215301261
633,2693,-0.420977233106271
633,2834,-0.787444722939311
633,3006,-0.527551219596722
633,3311,-0.400727948344145
633,3396,-2.25567741928311
633,3416,-1.67227930047492
633,3422,-1.36211921144463
633,3430,-1.28835612309442
633,3457,-0.869901371612184
633,3540,-0.971182580673507
634,639,0.543934264132169
634,645,-0.23444550539784
634,647,-0.0712777392393452
634,741,1.25353729658527
634,819,0.790834686602321
634,859,-0.78306594336415
634,1077,-0.518915046134103
634,1117,-0.498850698840612
634,1230,0.371482430836189
634,1295,-0.198039463666219
634,1422,-0.636308159262931
634,1544,0.355724897521044
634,1766,0.537488400293646
634,1890,0.885774266000036
634,2003,-0.0086898962365652
634,2219,0.565590296277112
634,2311,-0.913561583214183
634,2590,-0.268799892680761
634,2631,0.542771670251023
634,2643,-0.411133086887428
634,2708,-0.813828066314226
634,2727,-0.0108979848143808
634,3149,-0.0518107315394438
634,3729,-0.217740218852002
634,3773,0.310329823017857
634,3905,0.410511075331728
635,637,0.101914036408111
635,638,2.37596036939151
635,639,1.52508708446934
635,642,1.44728486187582
635,645,0.746707314939327
635,648,2.35475081864667
635,1212,1.54893661330084
635,1315,0.211264178774725
635,1471,1.56840443115906
635,1867,1.30439170256959
635,2251,2.28212214012873
635,2444,0.295392193932531
635,2710,1.40290394029268
635,3210,3.36906329509144
635,3437,1.23677193396931
635,3458,1.06459856349937
635,3685,-0.531698162127495
635,3728,0.487185690141834
635,3891,1.90504870954459
635,3919,1.27994342013765
636,642,0.583139755879163
636,643,0.381070509156368
636,645,-0.117437791057329
636,646,-0.662245264338129
636,693,0.780967205009152
636,1279,-0.697135962121469
636,1336,0.42227359203782
636,1582,0.570803350942703
636,1982,1.17506354393436
636,2250,0.679259968106698
636,2595,0.438656664837917
636,3219,1.13370685838592
636,3266,0.560301903129078
636,3275,0.261096883634055
636,3372,1.54405684262698
636,3543,0.1579345107318
636,3798,-0.192115235166715
637,638,2.2740463329834
637,640,0.678925711223129
637,642,1.34537082546771
637,644,1.27225366731496
637,647,0.80796104468971
637,1049,0.764580174889138
637,1698,1.68106116773629
637,2079,-0.0960782394983488
637,2364,1.60280657886543
637,2607,1.33139230108405
637,2672,1.23150291384783
637,2717,2.22815812801213
637,2723,0.0694392245129606
637,3027,1.40418222131204
637,3271,1.29972488581716
637,3418,1.32176286015742
637,3712,1.36188663572204
637,3771,1.03573298590289
637,3773,1.18956860694691
637,3984,1.53952628736657
638,642,-0.928675507515691
638,643,-1.13074475423849
638,645,-1.62925305445218
638,649,-1.20821313023823
638,651,-1.46139596648167
638,1025,-1.38001619340118
638,1238,-2.42412835537458
638,1242,-0.487613593317809
638,1527,-0.989990864196219
638,1649,-1.16663740513696
638,1844,-1.64596417326302
638,1884,-1.06227827744666
638,1919,-0.316126278850404
638,2312,-0.66146760038293
638,2572,-1.89100416445056
638,2595,-1.07315859855694
638,2655,-0.877333336007632
638,2731,-0.717082168429941
638,3341,-1.65544000610681
638,3555,-0.745646544812287
638,3658,-1.97267865146106
638,3820,-3.06444890504547
638,3869,-1.87000324505882
638,3953,-0.982013487031836
638,3992,-1.15550335217231
639,647,-0.615212003371514
639,650,-1.73949556253745
639,651,-0.610522681559497
639,775,0.822623176736245
639,856,-0.990878912678201
639,1025,-0.529142908479004
639,1032,-1.01394014089478
639,1776,-0.844982672378347
639,1942,0.243872167579288
639,2162,-0.288457081416295
639,2489,-0.578821295949745
639,2645,-0.139591667394142
639,2806,-1.42517147278329
639,2932,0.388568207586914
639,3147,-0.378429364512418
639,3542,-0.76217177216661
639,3551,-0.565024358020867
639,3612,-0.903627377842669
640,642,0.666445114244579
640,643,0.464375867521784
640,644,0.593327956091832
640,649,0.386907491522035
640,651,0.133724655278598
640,652,-0.716616446566031
640,1583,-0.32337585063367
640,1617,-0.0558860106667384
640,1788,-1.3000711462169
640,1963,-0.475125538891909
640,2089,0.590893605093518
640,2225,0.451670807843507
640,2838,0.518314689876289
640,2931,0.432110968633022
640,3212,0.0680951789306817
640,3345,0.0852465913332437
640,3361,-0.144884808549464
640,3575,-1.18956388165788
640,3670,-0.963734591201167
640,3723,0.137871797247456
640,3862,1.49423967349489
641,642,0.228390576491003
641,643,0.0263213297682081
641,650,-1.43330276345293
641,654,-0.744166978378963
641,849,0.735443812214686
641,995,-0.866466613362096
641,1128,-0.359681705377446
641,1843,-0.559025360873111
641,2115,-0.244250913831322
641,2492,-0.116969707514048
641,2574,-0.896757023358999
641,3110,0.842834762964314
641,3808,1.26552783075157
641,3842,-0.476397916645357
641,3897,0.672482949623072
641,3944,0.51442897083021
642,644,-0.0731171581527475
642,649,-0.279537622722544
642,778,-0.618513478937681
642,874,1.19539961018412
642,903,0.190489484413002
642,1287,0.0725170651360584
642,1612,-0.038608402116016
642,1659,0.581137525004771
642,1943,-0.650847312257997
642,2166,0.91619306313132
642,2431,-0.0803994771066242
642,2517,-0.420504881667688
642,2554,-0.45051963406815
642,2604,-1.54302673577576
642,2691,-0.482674265100365
642,2694,-0.787473170437795
642,2963,0.249586105550932
642,3353,0.312565489066585
642,3777,0.319447611952007
642,3999,-0.161898355263854
643,644,0.128952088570048
643,645,-0.498508300213697
643,705,-0.812613170116072
643,707,-1.67392340760028
643,1218,-1.04332311915344
643,1504,0.61962234949128
643,1567,-1.18608240717323
643,1805,-0.57534584354745
643,1998,0.0291796382319838
643,2170,-0.735279482336383
643,2184,-0.315031139773639
643,2222,-0.967609687573959
643,2467,-0.600583241526493
643,2878,-0.67825767333688
643,3403,-0.138871671434451
643,3520,-1.21383738518979
644,653,-2.03863470624448
644,656,-0.522907479418503
644,657,-0.414357058220481
644,684,0.217664008995864
644,723,-0.199265279263001
644,856,-0.839959531931938
644,894,-0.274254653851671
644,1122,0.0108541628474349
644,1476,-0.0266637182291836
644,1696,-2.03362609402482
644,1819,-0.265426069649914
644,1909,-0.46488719011
644,1919,0.685666386818035
644,2014,-0.108788215029134
644,2106,-0.687544212013685
644,2192,1.03279313435752
644,2262,-0.299381198840017
644,2470,-0.0609557104908392
644,3249,0.368787217397375
644,3960,-0.344703797988779
644,3991,-0.285621947762921
645,646,-0.5448074732808
645,648,1.60804350370735
645,657,0.213103330563264
645,1084,0.38818116325657
645,1094,0.272369242024496
645,1148,0.518464542896739
645,1616,0.314457997691552
645,1766,0.771933905691486
645,1776,-0.0666029028483383
645,1861,0.242570353505346
645,2253,1.30553028446835
645,2421,-0.181681850473166
645,2786,0.7655868857034
645,2898,-0.388910408365949
645,2937,-1.10648064095652
645,3174,0.764687047776027
645,3363,-0.932607097359641
645,3501,-0.427253111502803
645,3585,1.3176569112047
645,3638,-0.0660854848045687
645,3701,-0.210667334648051
645,3867,0.0001283220805415
646,648,2.15285097698814
646,649,0.965847397494748
646,651,0.712664561251312
646,653,-0.86636684417994
646,656,0.649360382646042
646,658,0.595754939063508
646,911,0.508954801990337
646,979,-0.0847609910468345
646,1071,-0.227944767150234
646,1076,1.49117182339263
646,1554,0.0230089756620806
646,1755,0.268129827393915
646,1905,0.462537158183174
646,1964,0.442823197152433
646,2093,1.93285419097046
646,2096,0.57577885092707
646,2518,1.50395550761642
646,2706,0.433201943668694
646,2816,0.365731338521126
647,649,0.257872158055454
647,651,0.0046893218120173
647,659,0.784372463956519
647,662,1.65869594763836
647,1124,2.0336903971572
647,1499,0.0785900826784864
647,1721,-0.589399567571169
647,1830,1.37158671999694
647,1988,-0.750050876073442
647,2042,-1.0134935629631
647,2057,0.33754723057112
647,2396,-1.0234333858759
647,2402,0.0816379569435466
647,2645,0.475620335977372
647,2928,1.0674478909654
647,3052,-0.0459729129467443
647,3068,-1.73167421851942
647,3481,-0.206517164656768
647,3763,-1.0956464317639
647,3793,0.72465986211951
648,653,-3.01921782116808
648,654,-1.88002351164082
648,816,-1.38413432037539
648,903,-0.716976472357851
648,1699,-0.551570489209315
648,1969,-0.897732955271495
648,2075,-1.37474018478143
648,2098,-2.12575870695051
648,2681,-0.925189305047182
648,2830,-0.766357059611268
648,2970,-0.305541235059113
648,3714,-2.01407165798351
648,3781,-0.517280659090551
648,3791,-1.74196881693025
648,3966,-1.93824753241167
649,652,-1.10352393808807
649,653,-1.83221424167469
649,659,0.526500305901065
649,765,0.0275165166653429
649,1299,-1.35887643466773
649,1387,0.631551594160655
649,1640,0.381446372552191
649,1667,-0.155103263063702
649,1832,-1.02373365746472
649,1896,1.006852735644
649,2224,-0.180870143902409
649,2286,-0.973135605621203
649,2644,-0.0050147214757596
649,2933,-0.228939411686674
649,3185,-0.179776841568291
649,3195,-0.548631646376906
649,3513,-0.553989704546703
649,3631,0.358535987547689
649,3895,-0.971230768880648
650,652,0.278631779133326
650,655,0.196378303654439
650,660,0.20139826950783
650,835,2.51550201541136
650,926,1.4761594114211
650,1307,0.223822240245067
650,1460,0.507913581798044
650,1469,0.997652525565603
650,1586,1.27812358854726
650,1650,1.14207651352443
650,1719,1.25250600658007
650,1756,1.21894991506636
650,1892,0.861169050815608
650,2059,1.16293333112294
650,2295,1.37995512342002
650,2434,1.46636857693961
650,2648,0.940164198096731
650,2662,2.00608891745745
650,3080,3.02398304663878
650,3248,0.70181038229899
650,3375,1.90186921832376
650,3504,0.117483491595185
650,3539,1.73999240549066
650,3586,0.868485156591339
650,3673,1.92860486477228
650,3708,1.42708299433856
650,3914,1.89574479070655
651,652,-0.850341101844629
651,657,0.0452462425927521
651,658,-0.116909622187804
651,660,-0.927574611470125
651,661,0.381594940069725
651,662,1.65400662582634
651,663,0.919927545409421
651,753,0.258885816573069
651,861,1.45797631893481
651,1012,-0.124340906996757
651,1280,-0.195301763971581
651,1456,1.29364825795945
651,1854,0.838674687130569
651,1937,-0.613840258543147
651,2473,-0.227039698484096
651,2922,0.64731468793875
651,3165,-0.382408087486624
651,3510,0.406535790376562
651,3686,0.258597495217018
651,3716,-0.498062397610205
651,3760,0.606503069356565
652,655,-0.0822534754788866
652,656,0.787036923239359
652,657,0.895587344437381
652,659,1.63002424398913
652,664,1.80785696012935
652,1053,-0.0539762137388674
652,1318,1.23799502418351
652,1485,0.379210647425418
652,1541,0.842884039943533
652,1637,0.767387566595176
652,2785,1.23519378855895
652,2916,0.681532023037856
652,2974,0.308830640552778
652,2988,1.20044282257653
652,3020,2.08989732638315
652,3144,1.1286204389097
652,3161,1.06423466903476
652,3613,1.10674434163199
652,3681,1.50256747266237
652,3995,0.125695901528607
653,654,1.13919430952727
653,655,0.646436828107736
653,658,1.46212178324345
653,662,3.23303803125759
653,848,2.520795671018
653,901,2.96728825109136
653,990,2.82194323099848
653,1366,1.29835398111264
653,2383,2.24625273602552
653,2514,3.48371954200437
653,2545,1.64806712355243
653,2762,1.53991095715032
653,3302,3.44477085622056
653,3436,1.21799220745345
654,655,-0.49275748141953
654,656,0.376532917298717
654,667,-0.239369401235737
654,864,0.275605681411899
654,932,-0.532744849254293
654,984,0.829457153517208
654,1004,1.07932658461259
654,1421,-0.909468666024323
654,1851,1.5552224156246
654,2278,0.294658816503944
654,2477,1.87819531695848
654,2540,-0.0152087338831819
654,2566,-0.155532499980997
654,2767,-0.0857771575343571
654,2790,0.795201031230165
654,3094,1.46181339898303
654,3192,0.696399643172163
654,3224,0.822593028009537
654,3689,2.08638015505902
654,3856,-0.231379870590551
655,658,0.815684955135712
655,660,0.0050199658533903
655,664,1.89011043560823
655,807,1.96867258856386
655,1068,1.25792085922848
655,1150,1.44341332470847
655,2159,0.933953589426441
655,2438,0.428335621887227
655,2624,0.965017963395857
655,2883,1.72342377524013
655,3181,0.633883719105839
655,3337,1.25379129004796
655,3383,0.976709593877471
655,3757,0.886544235190157
655,3879,0.629753981651981
655,3934,1.37365197772284
655,3942,1.17508465923496
656,657,0.108550421198022
656,659,0.842987320749771
656,925,1.78809140268936
656,1342,-0.61606115356449
656,1637,-0.0196493566441835
656,1925,-1.02880577217102
656,2304,0.292984767856406
656,2310,0.528722546469363
656,2448,0.261536973092313
656,2557,1.3290210286908
656,2666,-0.192645645856621
656,3202,-0.0995246930864748
656,3292,1.13692797970253
656,3846,0.434354454357196
657,663,0.874681302816669
657,666,-1.6339824112918
657,957,1.75101410787345
657,1097,0.0452314893605738
657,1228,0.0167062498753597
657,1249,0.655653087334688
657,1415,0.0723382990821919
657,1554,-0.734901828181983
657,1767,0.909465794152038
657,1830,1.32165115559217
657,1842,-0.352457211773328
657,1938,-1.34321948673455
657,2585,0.240245989521295
657,2666,-0.301196067054642
657,2780,-0.280975804078062
657,3110,1.10191840284654
657,3225,0.564025347365477
657,3423,0.92526639335053
657,3602,1.15816800898612
657,3833,-0.495060047512538
658,667,-0.562296874951919
658,980,0.928709482585457
658,1088,0.867165862629974
658,1217,-0.487302879390905
658,1307,-0.788241018545084
658,1597,1.06017319905162
658,1612,0.611021679037768
658,1730,0.481691314510541
658,1763,0.740763921211041
658,1772,0.500669364362662
658,1929,1.03351380326945
658,2121,-1.08128291733328
658,2309,0.456393814849954
658,2730,1.19522048510053
658,3121,-0.467622787859907
658,3506,0.001328481221553
658,3990,-1.36827051254014
659,662,0.87432348368184
659,669,-1.26954928357702
659,670,0.20755118210233
659,671,-1.21962601320626
659,726,-0.530077960856325
659,912,-0.991445141836077
659,1022,-0.388033894546507
659,1071,-1.72029247054605
659,1509,-0.766077556021265
659,1567,-1.63511433707454
659,1662,-0.180849191551037
659,1776,-1.01414313296335
659,1846,-0.141155331708769
659,2363,1.16728023464919
659,2967,-2.11340034504145
659,3253,-0.301334094479448
659,3313,-1.26691632790959
659,3344,-0.263554399309127
659,3488,-1.40390532106682
659,3621,-0.937911402388646
659,3711,-0.168826274655814
659,3744,-0.70543825576035
660,662,2.58158123729647
660,664,1.88509046975484
660,670,1.91480893571696
660,877,1.21970082559807
660,1010,0.918642861768114
660,1378,0.598625830816503
660,1761,0.910619567471113
660,1962,0.444586323958177
660,2355,1.8933146940034
660,2646,0.470165364817126
660,3245,1.07294335015816
660,3819,0.53807533430587
661,667,-1.06080143720945
661,668,-0.464492837333395
661,669,-0.871461081502241
661,672,-0.0309772797440061
661,674,-1.13131294994042
661,917,-0.845684146929437
661,1021,-0.445569703922624
661,1253,-0.727363965129764
661,1508,-0.776438136418585
661,1572,-0.180031213287335
661,1657,-2.12215092804102
661,2166,1.06731858202758
661,2285,-0.261601387428572
661,2467,-0.651526969353032
661,3264,-0.870263500025834
661,3464,0.4503569678362
661,3782,-0.357152711826025
662,663,-0.734079080416921
662,666,-3.24274279452539
662,667,-2.33321312296606
662,668,-1.73690452309001
662,669,-2.14387276725886
662,670,-0.66677230157951
662,671,-2.09394949688809
662,683,-1.83364455740451
662,946,-0.381660865656389
662,2849,0.0302479964542794
662,2992,-1.70201208074189
662,3158,-0.0632551211326879
662,3396,-2.9096368877963
662,3651,-0.520551983466747
662,3853,-2.80777815929859
663,664,0.0375883128752957
663,670,0.0673067788374109
663,671,-1.35987041647117
663,674,-1.66964555528011
663,894,-0.734578898447859
663,1086,-0.816481932856444
663,1444,-1.08149624529928
663,1890,0.0324351380179427
663,1894,-0.412408169597886
663,2021,0.960976297472889
663,2332,-1.80783823847719
663,2411,0.855642469729782
663,2593,0.984602703119894
663,2873,-0.503886251744985
663,2907,-0.447129148363397
663,2994,-0.288350001050653
663,3191,-0.0636648234733285
663,3386,-0.539253659526287
663,3767,-0.853298066112889
663,3897,0.0568852866886284
663,3945,-1.16282086535516
664,670,0.0297184659621152
664,672,-0.606898197958997
664,677,-0.690362147131593
664,1157,-2.03899958560312
664,1553,-1.1643667271896
664,1635,-0.679344433428356
664,1644,-2.56244560607067
664,1760,-1.89683235301553
664,2033,0.139341735929379
664,2237,-0.953405985780262
664,2274,-0.940320541228692
664,2278,-1.10269413768476
664,2400,-0.955179271823841
664,2487,-0.795391910860041
664,2534,-1.59498095777274
664,2956,-0.395900211956682
664,3238,-0.0315356468223101
664,3384,-1.03591838869118
664,3419,-0.876680344923859
664,3917,0.667144011161761
664,3963,0.44332581458684
664,3973,-0.382180398708199
664,3998,0.118615119308714
665,666,-1.21716903832011
665,669,-0.118299011053578
665,671,-0.0683757406828155
665,675,-0.535852355523075
665,678,-0.436949115625764
665,1141,1.16633476295814
665,1495,0.962729949429723
665,2009,0.614196592252731
665,2217,0.802944978685432
665,2242,0.0114792512462691
665,2774,1.8586532927889
665,2795,-0.818955771140093
665,2798,1.80095489267355
665,2820,0.790237839809451
665,3366,-0.0279774724815656
665,3787,0.165036357116339
665,3900,-0.118954342899797
666,667,0.909529671559327
666,668,1.50583827143538
666,674,0.839018158828356
666,677,1.85588987985217
666,678,0.780219922694347
666,679,1.47421653825208
666,755,0.874979845533553
666,775,3.02188202699479
666,1144,2.2170596471896
666,1189,0.924451132378553
666,1284,2.10318664676845
666,1371,2.58939978620311
666,1460,0.967676869519139
666,1499,1.66263692956552
666,1593,1.4290984457057
666,2055,1.31707283055871
666,2223,1.63262899156267
666,2325,1.31402209245301
666,2621,1.558157348557
666,2726,0.229473396245591
666,2930,2.63420643521163
666,3781,2.51164192534533
667,674,-0.0705115127309713
667,687,1.23623499292779
667,806,0.278687193526887
667,845,0.147764460917585
667,961,1.6322252171843
667,1086,0.782652109692699
667,1324,0.798737198161805
667,1513,0.459393270816257
667,1515,0.264484102073528
667,1644,-0.92572325064623
667,2268,0.852361615281321
667,2278,0.53402821773968
667,2376,1.53436739645521
667,2420,-0.525849388445302
667,2569,0.124722862261415
667,2605,0.961379272399653
667,2866,0.536753519438325
667,2992,0.631201042224178
667,3063,1.33137290659498
667,3173,-0.207505342038548
667,3247,0.0780452418530111
667,3464,1.51115840504565
667,3632,-0.264576990911074
667,3786,0.252579363730434
668,670,1.0701322215105
668,675,-0.824521588638344
668,677,0.350051608416792
668,678,-0.725618348741033
668,680,-0.594878311135516
668,681,0.716211663146821
668,784,0.576289315755992
668,1188,0.435472715067575
668,1529,0.81666296909203
668,1537,0.62282260422058
668,1675,0.473643398398317
668,1700,-0.124479212573979
668,1843,-0.171797581134465
668,1859,-1.17165549577828
668,1957,-0.991338886896842
668,2207,-1.14396129169216
668,2373,0.87274220953537
668,2513,0.953787307345606
668,3169,0.103777578791887
668,3291,0.851676531820625
668,3930,0.344872431239404
669,682,1.29872025614456
669,793,1.00970074088392
669,1136,0.269147221844608
669,1253,0.144097116372478
669,1703,0.087499500771757
669,1794,-0.0746552517297053
669,2126,0.0414449351092076
669,2140,2.29283300441569
669,2254,0.0489391530151291
669,2277,-0.204569396398126
669,2377,0.432882215636356
669,2641,-1.12828029696443
669,2693,1.06893606563939
669,3097,1.3383704279563
669,3407,2.28914967304499
669,3571,1.25386258273377
669,3698,2.03009209452992
669,3702,0.028597081820684
669,3715,-0.012228420838389
669,3720,-0.0765627049196009
669,3763,-0.610469612143401
669,3809,0.663082457483912
669,3850,1.01009817900978
670,671,-1.42717719530859
670,674,-1.73695233411753
670,678,-1.79575057025153
670,679,-1.1017539546938
670,716,-0.834398044281418
670,1081,-0.388112561813806
670,1481,-2.345287919214
670,1604,-1.43720721336734
670,1650,-0.974130691700359
670,1966,-1.4556684246993
670,2228,-2.51151686442039
670,2300,-1.95310500804728
670,2370,-1.15059204307797
670,2722,-1.95794591196446
670,2958,-0.303218375527412
670,3677,-0.0304231358876544
670,3863,-1.40512733049629
671,676,0.565070140786903
671,678,-0.368573374942949
671,680,-0.237833337337432
671,683,0.260304939483581
671,684,1.11721018087085
671,971,0.435292890999912
671,1012,0.315601964064996
671,1023,-0.3720373365283
671,1057,0.139505471201229
671,1472,-0.311327746775728
671,1569,0.211383998758708
671,2004,0.957237579822434
671,2527,-0.199714933671204
671,2542,0.749148142896186
671,2705,0.800134047677048
671,2793,0.371141472731801
671,2969,1.07219537781347
671,3099,0.822628281459675
671,3233,0.411338624334335
671,3523,0.133979006858814
671,3524,-0.53590044593702
672,673,-0.338960727952016
672,675,-1.25803714622773
672,678,-1.15913390633042
672,748,0.277244648659557
672,971,-0.355267640387561
672,1128,-0.405969483228187
672,1191,0.167574663893689
672,1270,0.956308926722542
672,1647,-0.53728003888743
672,1706,-0.145774068713676
672,1841,-0.676396634862841
672,1922,1.10608116043942
672,1924,0.149086217847112
672,1965,-0.519514009555075
672,2554,-0.268416835427889
672,3355,-0.403619182154481
672,3408,0.25409680825071
672,3974,-0.571639005302041
673,674,-0.761374942244397
673,675,-0.919076418275716
673,683,-0.191294863951875
673,685,-1.40310003330279
673,686,-0.082238677206834
673,970,0.552865332661621
673,1891,-0.1714693872381
673,2001,-0.413195780081822
673,2089,0.445512017441217
673,2106,-0.239597843574155
673,2682,-0.158881592688847
673,2881,1.32982081151043
673,3026,-0.44735909888073
673,3161,0.202236634816433
673,3379,-0.684545728486886
673,3423,0.958855703569579
673,3447,0.379328346354273
673,3542,-0.163306022980816
673,3789,0.119572409057687
674,682,1.55857212458274
674,684,1.42698531967979
674,685,-0.641725091058392
674,838,0.971084813298189
674,914,0.951704226096319
674,1249,1.45061733979813
674,1363,0.892050051701728
674,1398,0.214384590202164
674,1720,1.24395673625841
674,1758,-0.154688163998153
674,1883,1.03643959128248
674,1951,1.64843442392901
674,2343,1.50895086512846
674,2849,2.43397263215132
674,2958,1.43373395859011
674,3014,0.374447300623028
674,3405,1.75559817955222
674,3857,0.580447231755737
674,3965,1.12966255908711
675,677,1.17457319705514
675,678,0.0989032398973108
675,679,0.79289985545504
675,680,0.229643277502828
675,687,1.46444798169008
675,739,1.09673887935931
675,836,0.830142910573432
675,969,1.75356665974697
675,1497,1.50527437753413
675,1499,0.981320246768482
675,1742,-0.321165392977632
675,2138,1.65235856705781
675,2219,1.53959819960645
675,2247,0.724163468149574
675,2323,1.5415054658334
675,2574,0.314992345017992
675,2800,2.1315378968082
675,2804,0.706013529335658
675,3056,0.518931285180447
675,3608,1.89523729589094
675,3661,2.12669070641491
675,3901,1.81744107649661
676,755,-0.838883592890646
676,867,1.08733559455911
676,983,-0.290555639390098
676,989,-0.658906613169374
676,1292,-0.85164733551213
676,2006,-0.133538476407178
676,2114,-0.454856474452911
676,2129,0.968646464236744
676,2217,0.306250578581344
676,2460,-0.60765077679381
676,2517,-0.0129116924268559
676,2598,-0.283083730066473
676,2918,-0.0603556054957814
676,2953,1.07066513974706
676,3121,-0.70965967977286
676,3216,0.701336207678114
676,3645,-0.11922302878306
677,680,-0.944929919552309
677,684,0.410113598655974
677,800,-0.665222811293189
677,984,0.122466346460099
677,1055,0.737416820379514
677,1127,-0.489330084397531
677,1168,2.23784216440258
677,1277,-0.13430305966533
677,1305,-0.739558313435684
677,1322,-1.23307152413299
677,1507,0.188997292514504
677,1790,-1.39084968308404
677,2155,-0.628728934749967
677,2457,-0.817717263708059
677,2493,0.210563718490853
677,2769,0.263854773350084
677,2991,-1.3131569591345
677,3275,-0.05647612443225
677,3471,0.739408037761159
677,3574,0.786868257620255
677,3802,-1.54190777131521
677,3845,0.260167000924638
678,682,1.61737036071674
678,684,1.4857835558138
678,688,0.984051778528801
678,902,0.273805190278014
678,1355,1.97204444465477
678,1483,1.60556124233564
678,1558,1.06444103303743
678,1671,0.803942460838809
678,1901,0.825824168738881
678,1959,1.68763078876014
678,2920,0.0647343534667989
678,2980,0.226422720364143
678,3555,1.52426566767409
678,3719,1.64688800937512
679,680,-0.563256577952212
679,681,0.747833396330125
679,682,0.923373745159015
679,691,-1.01743983815531
679,692,-0.0734829599963138
679,1130,-0.557180198204491
679,1384,1.4620869649542
679,1624,0.706333631735641
679,1771,-1.10695919845027
679,1835,0.517587253214672
679,2135,0.403867833541537
679,2299,0.986498339261272
679,2361,0.313978604106439
679,2386,0.854530765477894
679,2490,2.11573080519574
679,2538,1.40680151195806
679,2864,-0.691975925902832
679,3457,0.244665416147938
679,3712,0.663755899667288
679,3797,1.95933994043048
679,3894,0.115002308908908
679,3961,-0.187341108957953
680,683,0.498138276821014
680,684,1.35504351820828
680,714,0.0986810184335446
680,1444,0.516207508509324
680,1499,0.751676969265655
680,1805,0.433081577094921
680,1964,0.407934844300308
680,2123,0.286614776878393
680,2147,0.770363527651851
680,2434,1.01517190436084
680,2660,-0.0186364035729287
680,2943,-0.450896421950061
680,2979,0.974022975763117
680,3159,1.42584800949585
680,3540,0.706640785038827
680,3630,0.31952331201426
680,3823,0.721295322859619
680,3908,0.553608227953504
680,3924,0.488561342838799
681,687,-0.0762852700950885
681,693,0.0972341422128179
681,698,-0.4636474894767
681,721,-0.677296719048871
681,833,-0.484213893521086
681,853,-0.166171194979508
681,934,-0.989645841409387
681,1393,-0.959971477381378
681,1474,1.55820634145054
681,1652,-0.0003315572563541
681,1719,-0.509780640281037
681,2111,-0.988630186360226
681,2548,-1.46040711166085
681,2630,-1.23614446633582
681,3407,1.16596976572932
681,3746,-1.23734864921294
681,3859,0.201170391228492
682,693,-0.0783062066160724
682,1030,-1.02891905427868
682,1257,-1.76292047258187
682,1285,-0.373217191273612
682,1382,-1.71721936735446
682,1521,-1.36434795274117
682,1788,-2.24264991620754
682,2148,-0.190670142125411
682,2161,0.363374384845093
682,2212,-0.339227005807065
682,3113,-0.538300412938448
682,3182,-1.00637080261564
682,3392,-0.0715192812328342
682,3702,-1.27012317432387
682,3765,-0.392277492090704
683,686,0.109056186745041
683,689,-0.534349476639872
683,691,-0.952321537024112
683,694,0.922609234266969
683,695,1.15806852745603
683,1188,0.532212749382077
683,1302,-0.0767580037474587
683,1455,-1.3390975214716
683,1542,0.849013975850495
683,2394,-0.402789733623822
683,2419,-0.109553419007014
683,2880,0.322279145457045
683,2885,1.0884461965321
683,3440,0.132594261403836
684,685,-2.06871041073818
684,691,-1.80922677841138
684,692,-0.865269900252384
684,696,0.11922792801881
684,697,0.346527900750893
684,846,-1.28848949628995
684,904,0.927379106842184
684,1500,-0.794315271868272
684,1585,0.414428769886541
684,1810,0.447180193795055
684,1866,-0.0647686081701453
684,2488,0.232959456053961
684,2868,-0.610078676228363
684,3177,-0.135150428026077
684,3285,-1.20288786041884
684,3777,0.17490076110889
684,3930,-0.415292775833363
685,694,2.13441440361788
685,716,1.5442793808945
685,944,0.911818195979987
685,1178,1.14115682609729
685,1278,2.67308416589695
685,1660,0.631700494768983
685,1761,1.37448805693007
685,1925,0.299333150152794
685,2655,1.97550573140313
685,2869,2.05997375158321
685,2909,1.88186065153063
685,3000,2.52196501096008
685,3376,2.79928761699671
685,3417,0.691381219513108
685,3534,1.14783013076968
685,3551,1.43694142446772
685,3632,0.44765961287829
686,694,0.813553047521928
686,697,1.09437695539312
686,725,-0.731638059093063
686,735,-0.794831939063556
686,900,0.797870461499171
686,1045,0.916121940959566
686,1237,0.598177810778213
686,1539,-0.0928779632389532
686,1568,-0.607314815646289
686,2582,0.108379571452568
686,2993,-0.368172009756274
686,3189,0.237689770794016
686,3302,1.93632119562244
686,3402,-1.12758243605198
686,3594,0.195041334320844
686,3647,0.0637372261751772
686,3989,-0.744847303774206
687,688,-0.381492963263964
687,689,-1.27101590400611
687,692,-0.74503108623135
687,693,0.173519412307906
687,709,-1.07642289554743
687,1239,-0.682127117198035
687,1481,-1.91508209075523
687,1638,-0.454355559085787
687,1650,-0.543924863241591
687,1751,-0.257467164209853
687,1769,-0.0278554646034628
687,1859,-1.81158188883001
687,2484,-1.64629601465766
687,2505,-0.261226781234115
687,3142,0.201894003448723
687,3261,-0.134598304048873
687,3584,-0.176023102867896
687,3634,0.294450897375835
687,3713,-1.1097199541472
688,689,-0.889522940742143
688,692,-0.363538122967386
688,701,-0.140330732409493
688,815,-0.609223395900476
688,1086,-0.0720899199711226
688,1327,-0.279384603304282
688,1686,-0.469499637333489
688,1721,-0.769624421907285
688,1782,1.34255019827511
688,1853,-0.350830616894668
688,1882,-0.968723154296405
688,2020,-0.0104166802746181
688,2051,-0.824150341190625
688,2267,0.94537248062698
688,2519,0.984046037845052
688,2646,-0.632944779177098
688,2658,1.66206095163381
688,2701,-0.608099930516194
688,2729,0.159751605472554
688,2779,-0.381765832741859
688,2921,-0.158502838221086
688,3160,-1.14535558515753
688,3783,-0.951686585202439
688,3939,0.264125265869701
689,693,1.44453531631401
689,694,1.45695871090684
689,695,1.6924180040959
689,697,1.73778261877803
689,702,1.12743488982673
689,714,0.134892218252403
689,893,1.5833408969552
689,970,1.27850967325337
689,1458,0.681275096762739
689,1741,1.25573210789333
689,1951,1.61270382227636
689,2340,0.550290532289348
689,2532,0.373975581888472
689,2944,0.0539332937992902
689,3022,-0.0405764368641415
689,3091,1.1511032370507
689,3572,1.8635503698185
689,3664,0.488049669645363
689,3988,2.08626381078618
690,694,0.51108179812728
690,698,-0.0622232281550652
690,972,-0.536096440232628
690,1565,0.197502283756458
690,1623,-0.107268988461293
690,1690,-0.474216301923772
690,2113,-0.847229115979037
690,2349,-0.0770628902298581
690,2442,-0.251379227738303
690,2523,0.558409683942109
690,2542,0.0773157672729163
690,2707,-0.43821251305061
690,2857,-0.0393547084574077
690,2960,-0.110243471742401
690,2961,-1.25986001110087
690,3483,0.22082463688919
690,3515,-1.39966916839035
690,3694,0.252161622096128
690,3877,-0.533723542328002
691,692,0.943956878158996
691,693,1.86250737669825
691,694,1.87493077129108
691,700,0.936419799557193
691,827,-0.201782378407022
691,955,2.14052661994272
691,1393,0.805301757104057
691,1427,1.78941893758499
691,1862,1.293657003186
691,2309,1.47144366126443
691,2406,1.00806700662696
691,3092,0.577690961241553
691,3204,1.14455423429503
691,3244,1.39015062009651
691,3820,-0.471093469961514
691,3839,1.01683585032424
691,3950,2.31592218015108
692,694,0.930973893132084
692,697,1.21179780100328
692,702,0.601450072051971
692,706,0.823152576599897
692,1308,0.381506032379129
692,1315,-0.515297633691827
692,1373,0.577916217251757
692,1710,0.73148967321321
692,1822,1.17025424949991
692,1963,-0.42084760372722
692,2116,-0.345668043825189
692,2858,0.0523737054761594
692,3085,-1.08565540761749
692,3253,0.666351638108341
692,3375,0.960898927789088
692,3490,0.194481143362372
692,3663,0.932457880689782
692,3667,-0.770323642372703
692,3757,0.141952248309929
692,3758,0.797344004581975
693,694,0.0124233945928274
693,695,0.247882687781888
693,696,0.0659473297319372
693,700,-0.926087577141061
693,703,-1.3930156568672
693,975,-0.333675475947863
693,1368,-0.0116702794406228
693,1446,-0.273290250207792
693,1511,-0.714128799408674
693,1593,-0.890185631089322
693,1847,-0.0144593743893838
693,2195,-0.949442032818355
693,2632,0.180350543077317
693,2827,-2.05873619441578
693,2924,0.149974574977618
693,3249,0.0978426101146388
693,3262,-0.343846537290362
693,3331,-1.33364047994189
693,3515,-1.8983275719248
693,3645,-0.72464366715388
693,3680,-0.118934788830205
693,3897,0.246264924002079
694,696,0.0535239351391098
694,704,0.313359136491326
694,705,-1.22493326056168
694,907,-0.758717832151593
694,1131,0.207857159684973
694,1223,0.346776536152936
694,1374,0.0772279259059405
694,1685,-0.491124317199442
694,1687,-0.962830545032966
694,1790,-1.86666727461972
694,1854,0.0957033844417719
694,1975,0.383024733894161
694,2140,1.05999556029438
694,2286,-1.46292407206656
694,2388,-0.312240861454229
694,2484,-1.83223882155839
694,2632,0.16792714848449
694,2920,-1.4867531952267
694,2940,-1.50235695059633
694,3386,-0.362297416805664
694,3448,-1.01507211533202
694,3469,-1.02222436173349
694,3924,-0.932186168249183
695,697,0.0453646146821318
695,700,-1.17397026492295
695,701,-0.943225795763252
695,707,-2.32170279123495
695,781,-0.652052194336377
695,928,-0.83387836272746
695,1041,-1.44996447009058
695,1252,-0.469126160075509
695,1449,-0.483122823076287
695,1582,-0.458046541848337
695,1752,-1.12947810196028
695,2085,-0.972957852048707
695,2461,-0.761062504371319
695,2637,-0.665153942763063
695,2727,-0.922740163264911
695,3058,-0.262685309114056
695,3461,-1.56098902307074
695,3480,-1.29226010491955
696,705,-1.27845719570079
696,706,-0.161345251671296
696,763,-1.75461117948465
696,858,-1.15697416763756
696,1115,-1.18752830829407
696,1307,-1.70164587856079
696,1329,0.0956912726153048
696,1630,-0.869068274943407
696,2056,-0.0515389880360877
696,2257,-0.468565851786235
696,2337,0.272771850167555
696,2592,-0.594345423757894
696,2613,-0.831433928982285
696,2656,-0.0180328314285992
696,2868,-0.729306604247173
696,2909,-0.306077687226366
696,3305,-0.28206512299399
696,3382,-0.438299790622693
696,3540,-0.767630661188265
696,3614,1.24050135784276
696,3832,-0.469521318472693
697,700,-1.21933487960508
697,702,-0.610347728951306
697,703,-1.68626295933122
697,704,0.0325352286201332
697,705,-1.50575716843288
697,708,-1.1829459778612
697,710,-1.4196969641985
697,884,-1.03481502952077
697,905,-0.981890095958106
697,990,0.219116615007237
697,1069,-1.483774346245
697,1271,-0.307545547959817
697,1527,-0.552390108274538
697,1641,-1.3179848325248
697,1814,-2.14237876312653
697,2473,-1.25083490904409
697,2618,0.514694409677818
697,2708,-1.77103485944689
697,2737,-1.01316481476994
697,2998,-1.32602260405609
697,3149,-1.00901752467211
698,702,0.243781205202232
698,703,-0.832134025177677
698,704,0.886664162773672
698,707,-1.51293847176354
698,708,-0.328817043707665
698,710,-0.565568030044958
698,778,-0.255459296378152
698,916,-0.374967596485232
698,923,0.450958037659939
698,1535,0.519549850472299
698,2338,0.591876880659217
698,2386,0.570344858624469
698,2424,-1.53457526445735
698,2767,-0.695280529844794
698,3010,-0.979003103245945
698,3137,0.755174571222506
698,3260,-0.832699885602723
698,3425,-0.388297297347347
698,3440,-0.216709946580787
698,3866,0.689266732447498
698,3870,-0.508342026218594
699,700,-0.243571426839772
699,703,-0.710499506565907
699,705,-0.529993715667567
699,708,-0.207182525095895
699,710,-0.443933511433188
699,943,-1.64498191083016
699,1373,0.341881869013789
699,1431,-0.103552499185203
699,1513,-0.267844984118147
699,1900,-1.2142314414324
699,2036,-0.298506064805109
699,2172,-1.10322596294706
699,2252,0.0130301367479598
699,2260,-0.0096302444713847
699,3163,-1.16549878244135
699,3199,-0.265793101881092
699,3244,0.210159393699548
699,3254,-0.147169203443968
699,3386,0.332642128088452
699,3708,0.250078355565928
699,3840,1.42005242500982
700,706,0.830689655201701
700,708,0.0363889017438774
700,712,-0.218705400283968
700,765,0.476239021953871
700,809,1.79329386026102
700,919,1.26688539571192
700,1237,0.723135734990173
700,1296,0.587647614920303
700,1404,0.991501561884086
700,1509,0.209145255168328
700,1821,-0.431373586684919
700,1928,-0.0205275712073997
700,1937,-0.418300589498055
700,1993,-0.172724058959283
700,2273,0.977730555262978
700,2289,-0.458321472975926
700,2340,0.0318427931163947
700,2436,-0.646825828881587
700,2889,0.262709016751352
700,3608,1.18335747903401
700,3711,0.806396536533779
700,3735,-0.1021285893617
701,702,0.378242681494078
701,707,-1.3784769954717
701,708,-0.194355567415819
701,711,0.372603621427255
701,1227,0.920182952142514
701,1395,-0.315491402362582
701,1457,0.278546393662798
701,1691,-1.49085202978423
701,1787,-0.119999656484365
701,1913,0.44131993500984
701,2292,-0.17062059043314
701,2366,0.510853862748171
701,2501,0.396837804374859
701,2538,1.25707708139648
701,2859,0.256347875898727
701,3041,-0.193677924491417
701,3186,0.294592500616876
702,709,-0.932841881368052
702,711,-0.0056390600668231
702,822,0.0491509979016298
702,1571,-0.418236026897548
702,1758,-1.31785365547753
702,1843,-0.668142960006817
702,1945,-0.0796009509720672
702,2051,-1.06206229027521
702,2102,-0.0868983557307148
702,2143,0.741770739930981
702,2147,-0.320860162356018
702,2344,-1.22156662873554
702,2689,-0.400498021969176
702,2693,0.165622442598194
702,3017,-0.645799573898055
702,3236,0.297388262612606
702,3245,-0.268078742920652
702,3459,-0.0811197080760513
702,3821,-0.0272464929640717
703,704,1.71879818795135
703,705,0.18050579089834
703,706,1.29761773492784
703,714,0.083372558805585
703,735,-0.202945935125461
703,866,1.78253566077684
703,1263,0.343779101010777
703,1281,0.187352906701472
703,1654,0.542567958168104
703,1712,0.0335092817130876
703,1878,0.801114729143307
703,1932,-0.403931454588254
703,2065,0.57567229753496
703,2075,0.727913979726632
703,2163,2.13521423699247
703,2893,1.63301755944362
703,2912,0.54175844005995
704,705,-1.53829239705301
704,707,-2.39960263453721
704,709,-1.57572483893949
704,710,-1.45223219281863
704,714,-1.63542562914576
704,716,-0.903494159214709
704,836,-1.1336070145087
704,1020,-0.945153169031078
704,1046,-1.92817130936803
704,1132,-1.19315430313608
704,1392,0.202131098091778
704,1825,-0.722338208655118
704,2101,-1.78460677709819
704,2603,-0.91962366293462
704,3119,-0.167366179922676
704,3352,-1.57773061592066
704,3441,-0.699092905718768
704,3683,-1.05667078023052
705,706,1.1171119440295
705,708,0.322811190571673
705,711,0.889770379414746
705,713,0.0216017198487971
705,1182,1.3311001580799
705,1249,1.18286128780033
705,1435,0.64241009646169
705,1771,-0.739516871024359
705,2301,0.943658649638274
705,2414,0.115038006185708
705,2435,-0.633549518417392
705,3044,0.0640722116056604
705,3213,-0.604339317461613
705,3351,0.550234359167105
705,3756,0.508038711911501
706,711,-0.22734156461475
706,715,0.113637932809777
706,719,-1.10020169847651
706,847,-0.259138012520285
706,1261,-1.0086220769373
706,2061,-0.143218532919586
706,2065,-0.721945437392876
706,2136,-0.311912525368805
706,2330,-0.936133065089529
706,2823,-0.709871202793353
706,2910,-0.529571691085941
706,3028,-0.506366373439103
706,3067,-0.807486359503502
706,3167,-2.17560479915933
706,3545,-0.879866986709919
706,3579,-1.09731905885068
706,3621,-0.793378246400755
706,3981,0.0039699221154912
707,708,1.18412142805588
707,712,0.929027126028033
707,715,2.09206011432348
707,743,1.40460883250676
707,1065,-0.303232473774166
707,1482,1.43606423086643
707,1537,1.883196902314
707,1592,1.97176025113989
707,1885,2.20841124194714
707,2273,2.12546308157498
707,2858,1.20764331038996
707,2865,1.07296834564788
707,2881,2.68474993924122
707,3357,1.55406973410488
707,3422,0.981200141225614
707,3534,1.09965922519768
707,3722,0.959389422859811
708,710,-0.236750986337293
708,712,-0.255094302027846
708,718,0.563655004115429
708,721,0.115167814135494
708,989,-0.374628576143011
708,1118,0.575399429769837
708,1347,1.34980365409797
708,1404,0.955112660140209
708,1489,-0.0369246467970663
708,1594,0.997833073313397
708,2201,-0.517550008992448
708,3496,0.384936001601933
708,3803,1.26458590599034
709,712,0.105149330430309
709,719,0.0543426874394668
709,720,0.355274043930266
709,798,0.997315610175311
709,1158,0.516860143232817
709,1203,1.08440573040496
709,1333,1.76719319489572
709,1360,0.752511834808389
709,1737,-0.0315417697346438
709,2683,0.107243733080315
709,2779,0.313164099541609
709,3447,0.910379678487345
709,3505,1.33189859215579
709,3529,0.98203435099718
709,3701,0.140869977140806
709,3850,1.03962643733663
710,712,-0.0183433156905523
710,715,1.14468967260489
710,717,0.860294664077871
710,718,0.800405990452723
710,722,1.79880161366887
710,723,0.656239775188739
710,857,0.828535601670042
710,1063,0.758747124509022
710,1162,0.782061030910046
710,1309,-0.239681240407354
710,1802,1.05804798918085
710,1960,1.17626885638259
710,1984,1.72405533501799
710,2070,0.712944554314617
710,2319,1.10232961355982
710,3248,-0.0312607450404585
710,3617,0.373765579439067
711,713,-0.868168659565949
711,714,-0.986903611507501
711,715,0.340979497424527
711,717,0.0565844888975039
711,721,-0.45179137470758
711,724,-0.24612606432884
711,1187,-0.133816979735325
711,1191,0.110383902677548
711,2739,-0.742411511654804
711,3212,-0.473437897889777
711,3291,0.360970213015095
711,3626,0.727466327714905
712,715,1.16303298829545
712,721,0.370262116163339
712,722,1.81714492935942
712,804,0.220900568113897
712,873,-0.693086943077657
712,1583,-0.0428554365832092
712,1646,1.03365835243121
712,1868,-0.0918851911189996
712,2176,-0.685797610252393
712,2243,-0.327466102873486
712,2282,0.138910969309394
712,2585,0.699737301443106
712,2692,0.3471851564029
712,2726,-0.9450177031244
712,2833,0.667834734752606
712,3384,0.335842538922591
713,714,-0.118734951941552
713,717,0.924753148463453
713,723,0.720698259574321
713,875,-0.601138283229832
713,897,0.528570680718127
713,1016,-0.261346358216005
713,1526,1.72661347345863
713,1757,0.989907769960956
713,2018,0.873765248040964
713,2661,1.59401727328475
713,2704,0.232627724739814
713,2910,0.565938533094758
713,3064,1.33215496126299
713,3670,-0.637099008455676
713,3834,0.670453808491901
714,716,0.731931469931055
714,726,0.828700371253818
714,816,0.635147285327086
714,940,0.745930588893226
714,1088,1.32935143040781
714,1343,0.744580018557022
714,1445,0.274658691911362
714,1448,1.53161992628004
714,1492,1.37957904109813
714,1762,0.156505319571497
714,1769,1.10826822115024
714,1772,0.962854932140499
714,2549,0.706752964686858
714,2645,1.050026204131
714,2921,0.596127884268654
714,3083,1.155447358732
714,3255,1.3708149796838
714,3555,1.29484461163503
714,3889,0.954890283415468
714,3921,0.957509724478543
715,717,-0.284395008527023
715,720,-0.912908274795489
715,722,0.654111941063972
715,724,-0.587105561753366
715,725,-1.55100772289258
715,726,-0.49918273767821
715,1099,-0.247674729923631
715,1143,0.099777678035193
715,1319,-1.06950527445291
715,1354,-1.05730480219886
715,1780,-0.903331445462038
715,1815,-1.02333126636153
715,1907,0.357339948924404
715,2025,-1.8281669102909
715,2104,-0.206592563861868
715,2190,-2.11013825682328
715,2326,-0.294207958253853
715,2516,0.542596179000874
715,2671,-0.004866025654767
715,2713,-0.132309405105543
715,3677,0.20802326939279
716,720,-0.316956635794516
716,722,1.25006358006495
716,729,0.506351891074292
716,779,-0.605516003429651
716,1331,0.73873993129033
716,1380,-0.946908228456428
716,1712,-0.781794747023552
716,1729,-0.638266830789183
716,1810,0.971611223638738
716,1870,-1.01008571376325
716,1894,0.354683095846121
716,2228,-1.67711882013897
716,2755,0.0405026486355588
716,2932,0.846254609180998
716,3225,0.456435309992816
716,3500,-0.866935821789512
716,3576,0.394281652463716
716,3654,0.102542249513306
716,3962,-0.767460664575478
717,718,-0.0598886736251483
717,719,-0.929444622759266
717,726,-0.214787729151188
717,728,-0.889767132024445
717,759,-0.727311266551372
717,772,-1.22504650503286
717,963,-0.202824585941626
717,1779,-1.10595601969554
717,1934,0.0333381133708523
717,1998,-0.104562059964195
717,2302,0.211478181838561
717,2842,-0.791880007788687
717,2858,-0.600021795406492
717,2967,-1.79811011333631
717,2979,-0.168146143075433
717,3146,1.15226990074804
717,3615,-0.780441495482989
718,720,-0.568624592643318
718,722,0.998395623216143
718,727,-0.305986228706455
718,728,-0.829878458399297
718,729,0.25468393422549
718,758,0.183768203471884
718,1503,0.0203826500893348
718,1850,-0.0991505682862321
718,2013,-0.284545118829076
718,2296,0.443612659665699
718,2572,-0.834112434783104
718,2641,-2.02265067521117
718,2665,0.457534813268867
718,2925,-1.38271817387272
718,3133,0.343841352846541
718,3181,-0.703215095031892
718,3243,0.483645628353116
718,3379,-1.0773930329274
718,3421,-1.0262470627608
718,3583,0.789193244975597
718,3978,-0.214602364010271
719,723,0.725389733870133
719,725,-0.337168091606292
719,727,0.563569720427663
719,730,0.825456938012807
719,732,2.06371541550552
719,1236,0.218466405243646
719,1339,0.557831323957256
719,1748,1.01813649895939
719,2281,0.512479684624028
719,2312,1.26498007841864
719,2557,1.73076856240544
719,2872,0.110807026618472
719,3668,-0.149692257695073
719,3762,1.20550877071251
719,3987,0.999678703370815
720,723,0.424458377379334
720,725,-0.638099448097091
720,726,0.413725537117279
720,727,0.262638363936863
720,728,-0.261253865755979
720,730,0.524525581522007
720,1069,-0.295858779855903
720,1175,-0.143864973303663
720,1788,-1.26967544566639
720,2147,0.256707675081768
720,2277,-0.53031518200154
720,2565,1.3102297938124
720,2811,-0.514829352216502
720,2885,1.07292862078303
720,3530,-1.21226854107832
720,3573,1.01960469110959
720,3751,1.05130270339794
720,3841,-0.161443148337532
721,725,-0.758236850760474
721,751,0.267395869048824
721,983,-0.121445416499229
721,1204,-0.482673997185479
721,2002,1.38761963167071
721,2416,1.15566183007097
721,2549,0.171640727886937
721,2628,0.767823285999091
721,2768,-0.0622111018034626
721,2937,-1.23035477576132
721,3125,-0.518609053488737
721,3459,0.376310726698352
721,3814,-0.468746388122943
721,3891,1.03446725980047
722,724,-1.24121750281734
722,725,-2.20511966395655
722,732,0.195763843155255
722,908,-1.97203233688959
722,1132,-1.53972372398632
722,1163,-0.921774892296852
722,1272,-1.15847715633577
722,1484,-0.959547895202575
722,2193,-1.06532408972934
722,2430,-1.83590712863622
722,2620,-1.8671718407855
722,2993,-1.84165361461976
722,3264,-1.89156841998647
722,3400,-2.17505453512098
722,3509,-1.27892295911434
722,3783,-2.1790509127087
722,3948,-0.678289512247956
723,725,-1.06255782547643
723,736,1.23641481392092
723,836,-0.337614596878813
723,991,0.750797512035927
723,1023,-1.07231822914029
723,1593,-0.419975744543584
723,1889,-0.652346533443933
723,1996,-0.380683199304959
723,1997,0.439178432182481
723,2001,-0.661876869258351
723,2023,1.28055731497091
723,2149,2.26450479354428
723,2428,1.51888659444891
723,2494,1.06861598048859
723,2661,0.87331901371043
723,2867,-1.19948688474049
723,3068,-1.99670156188167
723,3143,-0.154238826222046
723,3185,-0.186932026875087
723,3444,-1.03499403338916
723,3570,1.01230611265377
723,3648,-0.273094372188955
723,3953,0.219044457899604
724,725,-0.963902161139214
724,728,-0.587056578798102
724,729,0.497505813826685
724,925,1.56310486687107
724,1077,-0.614008985919795
724,1639,-0.0177543225817695
724,1984,1.16647122416646
724,2417,0.220300409231261
724,2646,-0.619091603866019
724,2732,-0.0625285732781746
724,2823,-0.236403573849763
724,2852,-0.31353816597976
724,3118,0.289339265279895
724,3158,1.42906914748063
724,3327,1.09120153335011
724,3353,0.683603590819545
724,3385,0.448311188377036
724,3466,0.311504822247422
724,3530,-1.53807125412044
724,3557,-0.46638696094328
724,3874,0.455301444620708
725,730,1.1626250296191
725,732,2.40088350711181
725,733,0.0365549631243576
725,743,0.863556441075858
725,750,1.31834908584268
725,751,1.0256327198093
725,1110,0.561990534811391
725,1341,1.78386671934804
725,1852,0.397427992808648
725,2034,-0.679410554646279
725,2429,1.48294520927545
725,2502,0.773430985233782
725,2527,0.162561999193236
725,2703,0.427121285806458
725,2979,1.09846657129012
725,3011,0.790299727146461
725,3120,0.811268123453642
725,3176,1.20281688726895
725,3437,1.12442733498566
725,3724,-0.371863251201617
726,729,0.409582989751529
726,883,0.622359919677683
726,914,-0.0476189650625512
726,1175,-0.557590510420942
726,1565,0.179786607029798
726,1804,0.460513727406785
726,1898,0.0836200853714319
726,1963,-0.858455375458684
726,2135,0.039743021806387
726,2652,0.999297910543728
726,2694,-0.504357892759991
726,3078,1.12396725881702
726,3225,0.359666408670053
726,3625,0.439863418251429
727,729,0.560670162931945
727,730,0.261887217585144
727,731,0.83285453759691
727,732,1.50014569507785
727,736,1.39823482736339
727,737,0.261104395054681
727,738,1.22645068919354
727,740,-0.737909579078127
727,757,1.22426808272565
727,1214,1.59074862171226
727,1325,0.0849667116771706
727,1334,-0.811178586273828
727,1901,-0.0812100853735819
727,2108,-0.333009769874756
727,2366,0.447540654755016
727,2543,0.255287974527404
727,3035,0.0669621670074229
727,3112,-0.145125378930836
727,3210,2.35598088407384
727,3271,0.388556511207675
727,3602,1.10489624347111
727,3919,0.266861009120052
728,731,1.35674676728975
728,737,0.784996624747523
728,878,0.220270338956167
728,1152,-0.819843100311764
728,1260,-0.0765149779386407
728,1441,1.04581293069921
728,1786,1.19877990366055
728,1993,0.0571104935807074
728,2384,-0.0702793718931563
728,2794,0.453771349695684
728,3076,0.912470403166585
728,3538,-1.12544499278118
728,3601,1.1364893971252
728,3736,0.528962548327175
728,3905,0.902473714344137
728,3927,0.571311534817458
729,730,-0.298782945346801
729,731,0.272184374664965
729,732,0.939475532145909
729,913,0.719879105580922
729,938,0.157480022990147
729,1515,-1.0739105661059
729,2007,0.655618560686614
729,2102,-0.332639045161737
729,2392,-0.988428271922499
729,2503,-0.991777296149812
729,2506,-0.534125749558578
729,2607,-0.140446236457386
729,3270,-0.0725179114355707
729,3448,-0.931288983682933
730,733,-1.12607006649474
730,736,1.13634760977825
730,737,-0.0007828225304633
730,740,-0.99979679666327
730,742,-0.078441955727411
730,901,1.0278516199672
730,1706,-0.155561634080861
730,2010,-0.846894298548311
730,2024,-0.789014929791646
730,2177,-0.669890776680747
730,2678,-0.733872307401092
730,2752,-0.996240945217068
730,3391,0.688493483599989
730,3590,0.192839675729877
730,3944,0.458353627612282
730,3947,-0.0883083534693068
731,732,0.667291157480944
731,734,-0.131249802691603
731,738,0.393596151596626
731,742,-0.649409275739177
731,743,-0.870035908555006
731,744,-0.893517699731971
731,1625,-0.158799601653228
731,1626,0.0400529553298806
731,1914,-1.2468819244256
731,1973,-1.48755119049335
731,2416,0.180306331200581
731,2761,-0.328121616070186
731,2927,-1.36966825499889
731,3018,-0.735269915743406
731,3434,-1.08005911690476
731,3489,-0.0504618707473695
731,3545,-1.17608954625798
731,3568,-1.95559099936717
731,3846,-0.560322269952744
732,737,-1.23904130002317
732,739,-1.40934430972832
732,743,-1.53732706603595
732,745,-1.66458812603967
732,895,-1.1672305799333
732,1432,-2.22479945935452
732,1602,-0.532242103433647
732,1605,-1.58623543237091
732,1675,-1.20791820205097
732,2431,-1.14634272132626
732,2753,-0.921056175762396
732,3027,-1.0071318483753
732,3048,-0.936063177465456
732,3226,-0.38966615947036
732,3239,-1.39420433279673
732,3632,-2.54244719123641
732,3768,-1.69202932152709
732,3843,-2.12146403479299
732,3904,-2.1199466425802
732,3971,-2.02510696001009
733,742,1.04762811076733
733,803,-0.524854542949419
733,871,0.616331624806088
733,900,1.49295355746788
733,1061,1.85104995027484
733,1309,0.130081846755975
733,1334,0.0530042626357693
733,1650,0.778768473348308
733,2376,1.62082574011732
733,2559,0.902370979111097
733,3067,0.593328467454945
733,3088,0.798923883635779
733,3189,0.932772866762721
733,3356,1.1640728474158
733,3660,0.628230215812751
733,3862,2.12617985901812
734,736,0.696630092458086
734,738,0.524845954288229
734,742,-0.518159473047574
734,745,-0.86604716586712
734,746,-0.113665539238262
734,747,-1.14958885689009
734,1047,0.693586025329553
734,1211,-0.918876075866033
734,1359,0.564505193616919
734,1510,-0.682717134986234
734,1565,-0.370730954695093
734,1604,-1.25009563213357
734,1779,-1.44168585226925
734,1835,-0.397055120245369
734,2845,-1.37677228389254
734,3173,-1.68683458219134
734,3324,-0.711423981382846
734,3388,-1.40532741276018
734,3477,-0.723885669706256
734,3810,-0.0546132440061467
734,3875,-0.100380254379723
734,3887,1.35995875972667
734,3976,-1.33107759529345
735,736,2.36216651936784
735,743,0.926750321046351
735,746,1.55187088767149
735,916,0.660112363817906
735,1065,-0.781090985234571
735,1159,0.631573368503745
735,1251,1.12869703319823
735,1526,2.13166691933123
735,1753,-0.256109693821113
735,1821,0.238500428166677
735,2335,0.998857517805787
735,3087,0.748044979740969
735,3095,2.40349772475836
735,3185,0.938819678571832
735,3482,1.37283038425113
735,3529,1.3280536351345
735,3807,0.840331365259209
736,737,-1.13713043230871
736,741,-0.176627121458558
736,1089,0.474636523424927
736,1173,-0.964509619700878
736,1194,-1.24888821563249
736,1248,-1.54213135551827
736,1908,-0.357858570929344
736,1950,-1.53832712280634
736,2015,-2.81397045923799
736,2077,-1.881751185802
736,2377,-1.55373676126731
736,2378,-1.01174600131503
736,2642,-0.374310381065852
736,2866,-1.63920581317255
736,2925,-2.47496677252965
736,3173,-2.38346467464942
736,3301,-1.30310260141412
736,3398,-1.46234526694581
736,3402,-2.69491701635627
736,3827,-1.1894699244622
736,3895,-2.21480076810836
736,3919,-1.13137381824334
736,3946,-2.53482166645895
737,738,0.965346294138855
737,966,-0.267904410463789
737,990,0.883289422404785
737,1039,0.0600935622749245
737,1050,0.682462074596376
737,1267,0.314653748895612
737,1312,-0.0006189432247293
737,1438,0.408689711042547
737,1827,-0.678768679349405
737,1926,-0.578424493019515
737,1941,-0.450313482845783
737,1963,-0.968472597332949
737,2061,0.132309050074583
737,2991,-1.40562565114382
737,3004,-0.333830786095344
737,3292,0.714001397934823
737,3422,-0.72169445729392
737,3606,-0.58991569744864
737,3715,-0.861716965433347
737,3784,-1.44388164135165
738,740,-1.96436026827166
738,746,-0.638511493526491
738,749,-2.33989875189447
738,902,-1.85967975302799
738,960,-1.74905387025411
738,1322,-2.29088651028116
738,1495,-0.733805878250512
738,1794,-1.88949009046352
738,1840,-1.1758824773335
738,1991,-1.32645562126945
738,2030,-1.3807040632587
738,2136,-1.00173123651349
738,2177,-1.63445424828914
738,2361,-1.12550972364183
738,2428,0.454255918697847
738,2975,-2.07153112748573
738,3067,-1.49730507064819
738,3576,-0.777850764872168
738,3892,-0.805818976242185
739,746,0.49713781031751
739,750,0.32680988845919
739,801,0.573002347903556
739,1032,-0.592736852792579
739,1192,0.0590354873784945
739,1380,-0.98339134194831
739,1427,0.46814007552541
739,1871,-1.11528533953598
739,2031,0.261865363721765
739,2380,-0.674042647017258
739,2494,1.13963460858153
739,2620,-0.653591374212438
739,2863,-0.885139613115504
739,3407,1.60996413815518
739,3579,-0.651488466151361
739,3993,-0.244531046424154
740,748,1.26725387995564
740,749,-0.37553848362281
740,790,0.594865217497106
740,794,0.798514215438996
740,1007,-0.0103023411144182
740,1031,-0.0421497239405044
740,1046,-0.23244929921754
740,1190,-0.0320106681451881
740,1221,0.843375642789112
740,1245,0.823329359839542
740,1248,0.594013050923253
740,1317,1.17633771885573
740,1833,2.21566888115394
740,2065,0.5525961197341
740,2264,1.0517713858799
740,2525,1.01670161764955
740,2970,1.77403675164809
740,3255,1.43111136068852
740,3277,1.03011026208683
740,3335,1.56624415762939
740,3505,1.45189576336679
740,3582,1.70863082407997
740,3778,0.101361549921774
741,742,-1.0381624440471
741,746,-0.63366851023779
741,752,-0.491311125070905
741,824,-0.882851716824519
741,1270,-0.0131991269643349
741,1429,-0.949872179479729
741,1655,-1.53150994764554
741,1763,-0.696271414989358
741,1811,-0.859881613786484
741,1812,-1.18036514327667
741,1907,-0.213997846121805
741,2706,-1.59958833159521
741,3050,-1.54110079583984
741,3089,0.166494037976815
741,3200,-1.65285510371273
741,3215,-0.891639875994523
741,3252,-0.0269897365611506
741,3569,-1.6561143328024
741,3596,-0.879110626960498
742,743,-0.220626632815829
742,749,-1.29689332455867
742,751,-0.0585503540823901
742,752,0.546851318976196
742,754,-0.460631409992276
742,901,1.10629357569461
742,1150,0.228855477419463
742,1220,1.51061734483934
742,1488,-0.549880818692714
742,1511,-0.265544161278198
742,1942,0.572431579173291
742,2056,0.462992979826325
742,2127,-0.30597843918241
742,2268,-0.108808151823895
742,2687,-0.0997348275007741
742,2878,-0.629569731059188
742,2990,1.26527691189349
742,3238,0.644016941496912
742,3408,0.322751198610935
743,749,-1.07626669174284
743,750,0.454792644766821
743,751,0.162076278733439
743,755,-0.775092960315162
743,756,0.79115512480001
743,1262,-0.346658049767628
743,1321,0.343729428051571
743,1457,0.252414556627739
743,1937,-0.675176895692811
743,2150,1.26301147883434
743,2163,1.41140985107158
743,2481,-0.299770209536942
743,2733,0.596691752260044
743,2739,-0.395939727262608
743,2969,0.570915869602052
743,3844,0.0903751312413424
743,3949,-0.0477827827405774
743,3966,-0.5593977538245
744,746,0.648602357802107
744,752,0.790959742968991
744,754,-0.216522985999482
744,755,-0.751611169138196
744,799,-0.815079365439239
744,929,1.06577728131437
744,932,-1.01043679113098
744,1524,0.840337107802108
744,1555,0.630337522005953
744,1682,0.859240865032665
744,1775,2.16342591586733
744,1808,0.154306345938634
744,1914,-0.353364224693624
744,2637,0.275421807142096
744,2790,0.31750908935348
744,2990,1.50938533588628
744,3018,0.158247783988565
744,3067,-0.210191219319591
744,3101,-0.758036959333566
744,3244,0.22033630552153
744,3369,1.16404343169861
744,3382,0.320340601232515
744,3393,0.039294667062111
744,3831,0.800802206529389
745,747,-0.283541691022967
745,751,0.289337338737157
745,753,0.324810239427122
745,811,1.35187306443791
745,1091,0.473653212827911
745,1146,0.1489251625113
745,1361,0.0787050684072576
745,1483,0.862969419184987
745,2081,0.25963448796819
745,2803,-0.15314411138436
745,3471,1.07248617176834
745,3574,1.11994639162743
745,3879,-0.236916172817481
745,3906,-0.652203355525692
746,748,-0.0585948947895298
746,753,-0.427571387201736
746,755,-1.4002135269403
746,757,0.636328887058608
746,758,-0.0981847634887057
746,1071,-1.62706653217635
746,1111,-0.06682438941729
746,1206,-1.25234633197347
746,1249,0.0144421261526344
746,2139,-1.79924114115452
746,2425,0.698281661259922
746,2891,-0.241745276219327
746,3007,-0.753701096255177
746,3185,-0.613051209099661
746,3336,-0.284844331748041
746,3558,-0.376227759264869
747,751,0.572879029760124
747,753,0.60835193045009
747,754,0.170797973850238
747,755,-0.364290209288477
747,757,1.67225220471043
747,843,0.833668684566123
747,1009,0.298878482714592
747,1174,-0.206814537649137
747,1200,0.230325588645205
747,1421,-0.999839648051288
747,2266,-0.720982949656514
747,2451,1.45942877261963
747,2847,-0.0812995482434316
747,2991,-0.69653713410436
747,3582,1.41870536698662
748,750,-0.11173302706879
748,751,-0.404449393102172
748,752,0.200952279956414
748,755,-1.34161863215077
748,756,0.224629452964398
748,760,0.129324976597817
748,761,0.645477797034116
748,1488,-0.895779857712496
748,1895,-0.676213954138609
748,1975,0.498133727597682
748,2238,-0.221309659857729
748,2418,-0.992011640449575
748,2763,0.341461094615828
748,3001,0.739753942917377
748,3012,-0.543221671909782
748,3359,-1.86077549877028
748,3361,-0.906471772813338
748,3470,-0.109676135188463
748,3826,-0.659368502019898
748,3847,-0.0254446455882398
748,3902,-0.739781093213037
749,750,1.53105933650966
749,751,1.23834297047628
749,752,1.84374464353487
749,753,1.27381587116625
749,757,2.33771614542659
749,759,0.752011698481168
749,760,1.77211734017627
749,1098,3.25005264719177
749,1157,-0.0665536727252278
749,1339,1.10770966623053
749,1520,2.60362821247533
749,1904,1.18123553792441
749,1981,0.843520909292572
749,2344,0.206810907466321
749,2353,1.03642399615826
749,3656,1.61663469569304
749,3784,-0.0693291835960292
749,3958,0.518258888241889
750,754,-0.694797421943268
750,756,0.336362480033189
750,763,-1.47424522357323
750,945,-0.517222552322938
750,1038,-0.976744168622338
750,1214,1.17313734790354
750,1301,-0.974113205003664
750,1369,0.927337313450793
750,1558,-0.260204494883761
750,1635,-0.237957857060125
750,1686,-0.810093386725875
750,1851,0.599256037804131
750,1939,0.162785847521126
750,2114,-0.845858486644248
750,2294,0.431074019064895
750,2416,0.595549594988766
750,2422,-0.524832953836866
750,2882,-1.08395876061751
750,2887,0.185000322280073
750,2890,-1.27160847304593
750,3070,-0.917260037829131
750,3586,-0.776617006303102
750,3719,0.322242481453933
750,3956,-0.916335920811767
751,752,0.605401673058586
751,760,0.53377436969999
751,766,0.322858171415312
751,1056,0.0430222932475548
751,1157,-1.30489664320151
751,1161,-0.271246390627321
751,1272,0.0210097878114834
751,1757,0.306134616053763
751,1991,-0.224899839851256
751,2032,0.634965664697181
751,2497,0.228941218631528
751,2735,-1.02215482601699
751,3177,0.318703965899916
751,3302,1.6423265349062
751,3937,-0.776353733985105
752,753,-0.569928772368621
752,756,0.0236771730079842
752,759,-1.0917329450537
752,770,0.041135297138304
752,1076,-0.0503073268003752
752,1179,0.594764818120376
752,1273,-0.112522276035939
752,1453,-0.727385474452609
752,1456,0.464833669017761
752,2072,-0.97529889873722
752,2200,-2.23074842395943
752,2756,-0.0737938299649057
752,2764,-0.263491920319782
752,3175,0.0811284075086446
752,3222,-0.638133705975587
752,3528,-0.66912333424296
752,3613,-0.572411349154328
752,3798,-1.07134912102159
752,3940,-1.40694591177094
753,754,-0.437553956599852
753,755,-0.972642139738567
753,760,0.498301469010024
753,761,1.01445428944632
753,762,-1.08488415759181
753,766,0.287385270725346
753,868,0.458677347055115
753,1644,-1.86381556435902
753,1879,0.621374684209898
753,2031,0.192298940605992
753,2237,-0.254775944068615
753,2398,-0.287233384795716
753,2438,-0.763144772009358
753,2451,0.851076842169544
753,2453,0.233042532379577
753,2764,0.306436852048839
753,3839,-0.374009434851111
754,763,-0.779447801629963
754,894,0.364016786988345
754,1035,0.0389281518183094
754,1104,0.180808570344005
754,1278,1.46030920499464
754,1339,0.271447751664137
754,2204,-0.681593452613557
754,2370,0.0153104211956437
754,2654,0.230824539852319
754,3428,0.30438118683664
754,3501,-0.416442059446532
754,3783,-0.597482912651557
754,3827,0.48595105103574
754,3974,-0.0423532049495398
755,756,1.56624808511517
755,758,1.3020287634516
755,764,0.366966692064132
755,768,1.60631885890076
755,983,0.548327953500549
755,1053,-0.190560992417999
755,1093,0.439075068226467
755,1236,0.467171016089242
755,1335,0.462943016487287
755,1850,1.01910999169348
755,2336,1.38921588213567
755,2414,0.346832371478319
755,2822,-0.734783147238995
755,2845,0.13710678228602
755,2889,0.780925670871758
755,3009,-1.35141745118765
755,3310,1.73453132908105
755,3320,1.96666318950854
755,3417,0.0136944417495192
756,763,-1.81060770360642
756,1024,-0.632679221393233
756,1272,-0.608069058255087
756,1532,-0.597673416611505
756,2111,-1.20780818242675
756,2160,-0.620765155204028
756,2263,-0.87530962731276
756,2429,-0.171766356600415
756,2444,-1.47166397092698
756,2888,0.0864190598728253
756,2930,0.192978504562911
756,3181,-1.15120262016735
756,3217,-1.71639108098217
756,3366,-1.25203636481018
756,3456,-0.936315429325552
756,3637,-0.536836065337216
757,764,-1.66957572193478
757,765,-1.04208673792463
757,766,-0.776515003534998
757,770,-0.452836204753419
757,1039,-0.903070125396048
757,1363,-1.18045404900238
757,1452,-1.85596394304993
757,1683,-1.20501541811597
757,1698,-0.454375289598848
757,1722,-1.05563838493197
757,1887,-2.80881752567675
757,2845,-1.89943563171289
757,3486,-0.398181802545493
757,3619,-0.262653125724855
757,3692,-0.420347155459242
757,3779,-0.853048107482535
757,3916,-0.430004474857041
757,3942,-1.08029600892197
758,761,0.685067665733292
758,765,-0.30757308737732
758,768,0.304290095449167
758,769,-0.744507357008511
758,784,-0.0948810217937775
758,915,0.556538511065337
758,995,-1.15040917117322
758,1377,-1.05648456000483
758,1858,-0.65192818927318
758,2068,-0.889830281948304
758,2164,0.0254724960385111
758,2490,1.41293873446267
758,2523,0.202026748217525
758,2555,0.59234431203827
758,2815,-1.01738348701853
758,2912,-0.708981748997376
758,3574,0.465749528487278
758,3622,-0.478957568650938
758,3795,-0.26171329221787
758,3948,0.136337907496303
759,762,-0.563079984906736
759,766,0.809189443410423
759,767,-0.467290132198498
759,769,0.106683439389597
759,919,1.33426408277884
759,998,1.51525525208289
759,1353,-0.00454138810796
759,1394,0.154258037667995
759,1431,0.207397614721486
759,1502,0.851845457079566
759,1573,0.0244142064730401
759,1887,-1.22311307873133
759,1902,-0.131303443366507
759,2162,0.58498395625521
759,2806,-0.551730435111785
759,2809,0.730138095687586
759,3169,0.283798037640225
759,3250,0.239279678883132
759,3338,-0.926126444368164
759,3722,-0.120964416385273
760,767,-1.4873957738936
760,768,0.135375250152174
760,769,-0.913422202305504
760,770,0.112762600496901
760,771,-1.52820535457034
760,1341,0.22445962983875
760,1554,-1.44684287117232
760,1622,-1.49786185506133
760,1643,-1.050263927111
760,1689,-0.942491937632913
760,2119,0.091658795971621
760,2606,0.146129334975295
760,2977,-0.585096194742973
760,3113,-0.4866335838095
760,3138,-0.262508477396268
760,3246,-0.179400006148652
760,3450,-1.44241154485101
760,3602,0.446226965995776
761,767,-2.0035485943299
761,769,-1.4295750227418
761,771,-2.04435817500664
761,811,0.0126085355644684
761,1087,-0.300828613187385
761,1126,-2.04430489368511
761,1143,-0.424774509017812
761,1572,-1.071776379237
761,1574,-0.617506530287152
761,2056,-0.528383856227573
761,2102,-0.946790980141423
761,2157,-3.13100732253414
761,2283,-0.645374536671694
761,2453,-0.781411757066745
761,2569,-1.8278237408977
761,2725,-1.69899219391628
761,3596,-0.832325018967294
761,3676,-1.38993399335755
761,3793,-0.553369565711899
762,763,-0.132117600638002
762,768,1.71856087675401
762,998,2.07833523698963
762,1179,2.24957774808081
762,1289,2.20777106538312
762,1490,0.695529916000488
762,1525,1.48372928366418
762,1599,1.19254642143871
762,1666,1.59011333138678
762,1754,-0.645596761447675
762,1820,-0.578558486630812
762,1933,1.77480560112675
762,2125,1.64559686499496
762,2452,0.102203205859389
762,2485,2.24756958061971
762,2640,0.173229171747763
762,2856,0.278826961223751
762,3386,1.20667222690188
762,3412,1.93503660323338
762,3720,0.259569494666627
763,765,1.23881529456553
763,772,0.197462347063254
763,776,1.56395758962362
763,967,0.894830278938696
763,971,0.953465961594904
763,1051,1.44584205558281
763,1505,-0.178686955152048
763,1660,0.198373335496642
763,1798,1.90053873352826
763,2027,1.48546853253908
763,2658,2.79571242581465
763,2886,1.67408688309747
763,2890,0.202636750527301
763,2991,-0.0878873063246349
763,3055,0.700759060546284
763,3122,0.812003212746652
763,3266,1.46799854787264
763,3311,1.55743515062575
763,3854,1.7640398045447
764,766,0.89306071839978
764,768,1.23935216683663
764,769,0.190554714378954
764,774,-1.61858060549443
764,777,-0.354892632534827
764,861,1.80476595003618
764,1102,0.354262708797809
764,1197,-0.818531648535877
764,2450,0.643482736103789
764,2490,2.34800080585013
764,2645,0.81772064526672
764,2912,0.226080322390089
764,3009,-1.71838414325178
764,3707,-1.08952258601349
764,3813,0.0299049727499303
764,3864,-0.364752989656716
764,3866,1.20572263995531
765,770,0.589250533171215
765,778,-0.36649237288048
765,1100,-0.298262423011288
765,1159,-0.514539668301721
765,1590,0.241345178577337
765,1711,0.613573758344846
765,1791,-0.717315532761591
765,2306,-1.0478262244032
765,2864,-1.08719490925859
765,2934,-0.260349359614495
765,3067,-0.453035726255671
765,3077,-0.229968717141171
765,3165,-0.663107440395404
765,3197,0.562867746245053
765,3979,-0.0837793538096385
766,767,-1.27647957560892
766,768,0.346291448436852
766,769,-0.702506004020826
766,776,0.0595705606684572
766,929,0.557361039988655
766,1158,-0.548805343824967
766,1591,-2.1162378360251
766,1856,-0.650288596670455
766,1914,-0.861780466019341
766,1954,-1.20436538782101
766,2087,0.720943633053411
766,2181,-1.21764549627211
766,2212,-0.0766439783934389
766,2377,-0.603255013094576
766,2800,0.677847323607773
766,2903,0.100646824909092
766,2958,0.137744861421004
766,2968,-1.95314085789656
766,3330,0.210082231868821
766,3888,-1.16718988558365
766,3899,-1.68741051784161
767,770,1.6001583743905
767,771,-0.0408095806767392
767,773,0.222485961929037
767,775,2.16335434660625
767,778,0.644415468338806
767,794,0.889331132779137
767,843,1.21441105899961
767,875,-0.331290032943415
767,1256,0.812186331930024
767,1340,0.0682389630249927
767,1406,0.690535607689937
767,1540,0.878613642924285
767,1657,-1.01034749966079
767,1710,1.27369557108043
767,1842,0.42299751912993
767,1930,0.0092325505846548
767,2386,1.47021962334143
767,2543,1.08401447094567
767,2916,0.561399409503733
767,3011,0.718288411530773
767,3056,0.34172028758894
767,3215,1.15869432632858
767,3420,1.13548863429319
767,3552,1.03193792187912
767,3578,0.567311657123168
767,3795,1.05676763637874
767,3819,0.340709211146251
767,3961,0.42834774890558
768,772,-1.65321613032876
768,775,0.540583322560475
768,778,-0.978355555706968
768,779,-1.3452422591995
768,947,-0.357061634680138
768,1104,-0.890422105418045
768,1897,-1.23241091116355
768,1964,-1.16240389983415
768,2630,-1.49539323618793
768,2812,-1.64024242168475
768,3204,-0.879967770042522
768,3270,-0.305892276131132
768,3314,-1.27431007951835
768,3326,-1.15222903443682
768,3638,-1.12650510851035
768,3677,0.0642486526239098
768,3876,-1.047877052378
769,771,-0.614783152264835
769,772,-0.604418677871081
769,773,-0.351487609659059
769,774,-1.80913531987338
769,776,0.762076564689283
769,778,0.0704418967507101
769,782,0.301238113867016
769,1634,-0.443070514746965
769,1682,1.05333062772778
769,2367,0.626007899149312
769,2390,0.610496142372262
769,2611,-0.221363011026863
769,2626,1.54302778380333
769,2657,-0.385077329221076
769,3173,-0.73047692245586
769,3334,1.04070839315843
769,3682,0.327694464044472
769,3764,-0.874406647007915
770,771,-1.64096795506724
770,773,-1.37767241246146
770,775,0.563195972215748
770,776,-0.264108238113121
770,780,-1.92516426475693
770,781,-0.543571484538514
770,782,-0.724946688935388
770,783,0.234651040012508
770,1041,-1.34148376029271
770,1115,-1.26098295654616
770,1209,-0.599800602297591
770,1496,-0.39341769549777
770,1711,0.0243232251736319
770,2264,-0.457570071170459
770,2403,-0.0619103010978828
770,2606,0.0333667344783944
770,2646,-1.32735913273299
770,2656,-0.0914874796806866
770,3104,-0.782450208730197
770,3780,-0.8902177764435
771,772,0.0103644743937542
771,774,-1.19435216760855
771,780,-0.284196309689695
771,933,1.04319100747088
771,1180,0.0704922175324186
771,1181,1.33972941442368
771,1322,-0.194899743992617
771,1885,1.63615711557729
771,2187,0.71238582706194
771,2516,2.06240216695451
771,2940,0.0116324210797175
771,2958,1.45503401770666
771,3119,1.65998232824469
771,3554,0.740844304785442
771,3587,0.513629140371352
771,3596,1.21203315603934
772,774,-1.2047166420023
772,776,1.36649524256036
772,782,0.905656791738097
772,783,1.86525452068599
772,802,0.0452999392345364
772,827,-0.573088252415815
772,995,0.198516863706373
772,1147,0.0676435433351592
772,1218,0.0479816876832378
772,1237,1.28824966053857
772,1475,0.682205948790532
772,1808,0.952814786504825
772,2136,1.0838910553813
772,2413,1.39380427863531
772,2581,0.647817799194156
772,2868,0.827842228174225
772,3131,0.614852665353712
772,3207,-0.319516162937065
772,3349,1.18690017681261
772,3883,0.466870501749752
772,3993,0.705441941626633
773,775,1.94086838467721
773,776,1.11356417434834
773,779,0.055042802917232
773,780,-0.547491852295471
773,782,0.652725723526075
773,798,0.985643736797412
773,1168,3.01271840193717
773,1680,0.770669009019899
773,1820,-0.896834301268086
773,1823,0.397183510527041
773,1992,-0.841145895128934
773,2021,2.38862636926378
773,2769,1.03873101088468
773,3567,-0.475154504050111
773,3818,0.425366554463268
773,3881,-0.0237362116674863
774,775,3.39851609489153
774,777,1.2636879729596
774,779,1.51269051313155
774,790,1.92084388312253
774,1021,1.90139547274289
774,1406,1.92569735597522
774,1410,2.98874154088888
774,1508,1.57052704024693
774,1619,2.38355240188868
774,1626,2.93679573763034
774,1996,1.84502505884107
774,2024,1.53676053249705
774,2389,0.915189063204179
774,2451,3.07533289533841
774,3396,0.709739974625834
774,3494,1.28999400995286
774,3505,2.77787442899222
775,782,-1.28814266115114
775,783,-0.328544932203239
775,784,-0.939754439803419
775,974,-2.40251301756811
775,1073,-1.48123347350101
775,1151,-0.906910756593148
775,1159,-1.66698617368868
775,1351,-1.43917703692198
775,1565,-1.00375406997777
775,1799,-0.802435699827027
775,1977,-1.60530064787535
775,2041,-2.51105228644036
775,2316,-3.04342911991796
775,2372,-1.82593057140452
775,3158,0.157605646397912
775,3240,-1.5128949742989
775,3533,-1.70197816143777
776,777,-1.30752391160306
776,783,0.49875927812563
776,784,-0.11245022947455
776,813,-0.625263503217313
776,1006,0.166987272946073
776,1035,-0.745581636175346
776,1327,-0.709690718747056
776,1352,-0.900514243471726
776,1682,0.291254063038492
776,1761,-0.622796691965885
776,1839,0.302703858280418
776,2378,-0.120834813810754
776,2444,-1.22501385694418
776,3237,-1.24013818953726
776,3725,-1.26957940884829
776,3957,0.405483977803677
777,779,0.249002540171955
777,780,-0.353532115040748
777,781,1.02806066517767
777,783,1.80628318972869
777,785,1.30966284560711
777,786,0.19962419623444
777,787,1.82454993340188
777,789,0.216071980196037
777,1088,1.45193850407836
777,1839,1.61022776988348
777,1984,2.02983584501568
777,2191,1.05123556119522
777,3037,0.237964551502127
777,3169,0.722561945164409
777,3290,1.33591014107218
777,3432,0.163765797412719
777,3838,0.554400139014051
777,3982,0.70955849120244
778,785,0.693773601942623
778,787,1.20866068973739
778,844,-0.133263086847321
778,889,0.893131430386491
778,1093,-0.18888823496733
778,1397,0.586609693642871
778,1712,-0.543165447086438
778,1739,-0.488149862437715
778,1793,0.438365534674098
778,1868,-0.420337240476358
778,2049,0.123469378906996
778,2642,1.208235474377
778,2684,0.555590555124943
778,2731,0.830106818023431
778,3162,-0.632998875694707
778,3353,0.931078968004266
778,3385,0.695786565561757
778,3706,0.188149063269199
778,3780,0.0655251296081949
778,3894,0.0862756984336354
778,3955,0.609428469518934
779,782,0.597682920608843
779,787,1.57554739322992
779,866,1.57274763546986
779,938,1.26934791749409
779,1061,1.53806483293724
779,1446,0.909937381352415
779,1555,1.12087209144289
779,1945,0.786526254100853
779,2103,-0.0243703866065049
779,2584,-0.154420495968691
779,2601,1.76132134257414
779,2726,-0.906583048989222
779,2932,1.45177061261065
779,3156,1.1627990384029
779,3276,0.838071265396985
779,3755,0.111678797215798
780,782,1.20021757582155
780,784,1.54860579716926
780,926,1.40240090912008
780,984,1.44483443629016
780,1384,2.40278171318416
780,1450,0.273681672266387
780,1823,0.944675362822511
780,1838,1.69519665189438
780,2744,0.576719847022871
780,3255,1.84693416839509
780,3390,2.84411502151213
780,3574,2.10923634745032
780,3742,1.08686692665355
780,3778,0.517184357628348
780,3975,0.663963994242177
781,782,-0.181375204396875
781,787,0.796489268224207
781,792,0.0180603312383239
781,1055,0.678192129991156
781,1160,0.503742030226098
781,1218,-1.03905030845173
781,1653,-0.910098272150871
781,1778,0.0963941292417923
781,1795,-0.352875913310095
781,2059,-0.292417951396496
781,2739,-0.660981491654424
781,2768,-0.432572456510663
781,2988,0.0237233191904241
781,3032,0.429939338239625
781,3427,0.516408704345258
781,3538,-1.87719761590775
781,3550,-0.493811158585483
782,786,-0.647061264546358
782,790,-0.189529550617866
782,792,0.199435535635199
782,793,0.3748314023068
782,794,0.014119447324025
782,1895,-0.193354842297939
782,2034,-1.62663355571708
782,2066,0.146984110025636
782,2087,1.12221152320722
782,2419,-0.434194547729792
782,2576,0.538316900067719
782,3083,0.43134897162175
782,3255,0.646716592573549
782,3284,0.84638443660093
782,3406,-0.809970539508744
782,3553,0.169801121386269
782,3646,0.225592867331793
782,3763,-1.24533895072052
782,3811,0.392921168065654
783,784,-0.61120950760018
783,785,-0.49662034412158
783,787,0.0182667436731851
783,790,-1.14912727956576
783,793,-0.584766326641097
783,850,0.396422328529346
783,1854,-0.265926238961934
783,1894,-0.597081550280968
783,2032,-0.246222345512218
783,2069,-1.3956420718274
783,2794,-1.0762037979819
783,2828,-0.172664839782126
783,2888,-0.165690104270003
783,3109,-2.60622744831973
783,3234,-0.593751570170747
783,3742,-1.07294837811589
784,785,0.1145891634786
784,787,0.629476251273365
784,788,-1.14591829432955
784,796,-2.36980037540361
784,1210,-1.3921920842228
784,1276,-1.01813739006231
784,1327,-0.597240489272506
784,1542,0.175984625780001
784,1667,-0.395311845312588
784,1837,-1.59982265612371
784,1868,-0.999521678940381
784,2377,-0.550375344288483
784,2821,-0.28300648321674
784,3437,-0.171183887432856
784,3552,-0.191661984923706
785,790,-0.652506935444182
785,793,-0.0881459825195169
785,837,-1.30122384169896
785,934,-0.964312657497157
785,967,-0.671266244688971
785,1114,0.451901656069862
785,1236,-0.854565889047178
785,1243,-1.13682334246687
785,1267,0.066295570087131
785,1339,-0.515200970333567
785,1482,-0.515188546461585
785,1512,-1.54629626190687
785,1705,-0.968997221177583
785,1918,0.128451675446437
785,2030,-0.663715947928321
785,2793,-0.676781980300875
785,2813,-0.299206072130572
785,3922,-0.714880428001287
786,787,1.62492573716744
786,791,1.521511491711
786,792,0.846496800181556
786,794,0.661180711870383
786,796,-1.37435088950953
786,797,1.03121289656911
786,799,-0.275166452064788
786,850,2.0030813220236
786,1051,0.989784181327818
786,1100,0.484494997299244
786,1315,-0.201242156733362
786,1427,1.15951753638446
786,1712,-0.126900399656387
786,1985,0.878441931296252
786,2647,-0.327398115398636
786,2662,1.37917410388124
786,3168,-0.287204744384021
786,3237,-0.13223847416864
786,3491,1.42968495777485
786,3733,0.278647504146056
787,792,-0.778428936985883
787,794,-0.963745025297057
787,796,-2.99927662667697
787,797,-0.593712840598334
787,798,-0.644946459349745
787,800,-1.52093676990575
787,922,-0.282438489630404
787,1130,-1.79456749841715
787,1187,-0.848876227959153
787,1197,-2.28818894940293
787,1242,-0.149085296601826
787,1477,0.0544697785892274
787,1680,-0.859921187127258
787,2304,-0.893187080514551
787,2478,-1.47480944605547
787,3287,-0.718198273148308
787,3662,-1.00713744852492
787,3749,-2.84363132264006
788,793,1.17236147528863
788,794,0.811649520305853
788,799,-0.124697643629317
788,801,1.41484861719807
788,1077,0.200200247130448
788,1206,0.086637747638556
788,1223,1.74227471467896
788,1278,1.93416794080508
788,1296,1.04463482171243
788,2569,0.0980432409589154
788,2671,1.39644876914884
788,2759,0.736877482312781
788,2859,0.944079551850556
788,2988,1.00262859656913
788,3349,1.07877345805635
788,3394,0.880313285125873
788,3554,0.62235311163542
788,3717,0.814262045373591
789,793,1.00544488289156
789,801,1.24793202480101
789,984,0.875230341053377
789,1229,0.725381113132604
789,1303,0.707201635730959
789,1344,0.360022222421371
789,1349,1.07652757725843
789,1660,-0.274132322719948
789,1729,0.0001797326163853
789,1812,0.625370854176081
789,1846,1.12413809387589
789,2132,-0.921911259838937
789,2336,1.16106984241033
789,2574,-0.106816857443866
789,2688,0.343685672679165
789,2740,0.8134172120958
789,2768,0.379416228470973
789,2793,0.416808885110202
789,2887,1.18673988763671
789,3046,-1.10137458691761
789,3133,1.23395587310091
789,3860,-0.114833060435007
789,3885,0.701498478668823
790,792,0.388965086253064
790,795,0.046302131589548
790,796,-1.83188260343802
790,797,0.573681182640613
790,801,0.806848094834111
790,802,-0.670827301885695
790,1108,0.706986679485629
790,1416,0.431665198665081
790,1550,0.317800608417891
790,2112,1.36831223483034
790,2257,0.372455739514932
790,2339,0.221487910318801
790,2452,-0.679268781686094
790,2646,-0.412882893179739
790,2861,-0.601011766694526
790,3021,0.0693926767832562
790,3231,0.352939263758899
790,3416,-0.627705789688513
790,3579,-0.417642719220805
790,3631,0.656245177264386
790,3799,-0.154470584473545
791,796,-2.89586238122053
791,801,-0.257131682948395
791,804,-1.21279792552441
791,857,-0.586819576277711
791,1169,-0.670406098465683
791,1292,-1.74597349009623
791,1395,-1.29974002655722
791,1481,-2.37750701927642
791,1582,-0.499069370279726
791,1583,-1.47655393022151
791,2398,-1.04780099253189
791,2557,0.246263425776289
791,2851,-1.79707068961645
791,2880,-0.876812210430374
791,3238,-0.0934732128468403
791,3416,-1.69168556747102
791,3460,-0.0308277541500765
791,3505,-0.206949231912821
791,3608,-0.0316356143203228
792,797,0.184716096387549
792,800,-0.742507832919871
792,801,0.417883008581047
792,804,-0.537783233994967
792,805,-0.005199668918995
792,951,0.563769494433012
792,1351,-0.350469911406039
792,1557,-0.265421305401055
792,1897,-0.684287108208091
792,1944,-0.633573108625923
792,2084,-0.109770298886477
792,2283,0.283526836567894
792,2718,-0.0781094740108803
792,2724,-1.97020058300026
792,3154,-0.86479799350955
792,3271,0.142635786535631
792,3485,-0.544586734513262
793,795,-0.518058821335117
793,796,-2.39624355636269
793,798,-0.0419133890354628
793,801,0.242487141909446
793,803,-1.81035398320266
793,806,-0.920353903064241
793,1224,0.258216680400184
793,1435,-0.359386460862602
793,2489,-0.488133213841654
793,2595,-0.131597231526671
793,3329,0.0623673543587238
793,3486,0.404769688836515
793,3807,-0.544916918088883
793,3894,-0.51935192098947
793,3905,-0.04273510669235
794,796,-2.03553160137992
794,797,0.370032184698723
794,801,0.603199096892221
794,802,-0.874476299827585
794,804,-0.352467145683793
794,807,0.876955366771712
794,2139,-1.27190658184835
794,2151,-0.139751081760523
794,2636,-0.196556323353003
794,2796,0.386768901480387
794,3107,0.794493491623885
794,3248,-0.586285143147596
794,3294,-1.25497130441299
794,3521,-0.861922041967963
794,3564,0.0875381092005417
794,3625,0.530345955070975
794,3636,-0.591972833613598
794,3865,1.013036737963
794,3928,0.515767396640238
795,807,1.03430223312405
795,808,0.781032345021493
795,1353,-0.269235522336256
795,1486,0.390814632558401
795,1714,1.03305726267106
795,1737,-0.5527119476103
795,1883,0.2849458032955
795,1983,-0.930601195536764
795,2147,0.0908115411363772
795,2282,-0.277109878135954
795,2614,0.806485647166803
795,2676,0.328748351506398
795,2700,-0.667559718535928
795,3081,0.574700139351661
795,3418,0.507336715539409
795,3490,0.0047027748027967
795,3654,0.253602751362432
795,3728,-0.429154490884293
795,3790,1.20775026883773
795,3892,0.517373942942823
795,3924,-0.190990643676675
796,800,1.47833985677122
796,805,2.21564802077209
796,808,2.65921708004907
796,1114,2.93629119495207
796,1204,1.34975200656009
796,1308,2.06991239884713
796,1339,1.96918856854864
796,1621,2.47860548745787
796,1738,2.16828241625824
796,1740,1.87931044851697
796,1951,2.7751253709696
796,2252,1.93747085145393
796,2277,1.18197341908064
796,2322,0.563129288584184
796,2595,2.26464632483602
796,2673,0.855333311358206
796,2697,1.99744585597844
796,3207,0.796239199380729
796,3297,2.29643546276385
797,799,-1.30637934863389
797,802,-1.24450848452631
797,890,0.801459923477375
797,1323,-1.11355245270993
797,1617,-0.71876549511269
797,1860,-0.736191411127462
797,1991,-0.530641753135505
797,2376,0.326006070148132
797,2471,-0.98097472721713
797,2519,0.630426741201798
797,2980,-1.11124835480791
797,3122,-0.675267558077447
797,3154,-1.0495140898971
797,3553,-0.214350510636479
798,800,-0.875990310556009
798,801,0.284400530944909
798,803,-1.7684405941672
798,807,0.5581568008244
798,810,0.410255925051151
798,1021,-0.541895974268841
798,1217,-1.08213371199465
798,2596,-1.0132593166389
798,2647,-1.30737739321633
798,2791,0.110589126572108
798,2794,-0.44952408230534
798,2879,-0.979776888651587
798,3093,-1.65973146274902
798,3472,-0.490492952569567
798,3491,0.449705679957152
798,3581,0.982339030200486
798,4000,-0.468948582815886
799,800,0.379155419326473
799,807,1.81330253070688
799,808,1.56003264260432
799,809,2.37497871068247
799,811,2.0631731610504
799,812,0.490094946352579
799,844,0.558168412647518
799,1198,2.01764195910713
799,1304,0.173133387455481
799,1671,0.772650734300646
799,1721,0.183135630083353
799,2381,1.54380369197956
799,2382,1.58934049253682
799,2598,0.619268059125215
799,3202,0.614395647774795
799,3356,1.17563252608051
799,3603,1.17105384507934
799,3804,1.63826434089999
800,802,-0.317284555218888
800,808,1.18087722327785
800,809,1.995823291356
800,898,0.793805935034818
800,1345,1.40095436970811
800,1461,0.862694434316517
800,1881,0.861771162657968
800,1922,1.85476792090521
800,2330,0.0970860212071481
800,2410,1.27548046362345
800,2562,0.925620619390757
800,2757,1.65890499892973
800,3510,0.804604890516629
800,3711,1.00892596762875
801,802,-1.47767539671981
801,810,0.125855394106242
801,811,0.523626900223009
801,812,-1.04945131447481
801,908,-1.33145421822009
801,1164,-0.351485989097252
801,1168,1.74267413419485
801,1525,-0.104590798715418
801,1624,-0.170507740072184
801,1629,0.0011942650570447
801,2009,-0.519692279487058
801,2150,0.562026374623157
801,2151,-0.742950178652743
801,2695,-1.35858317033605
801,3160,-1.73214179399428
801,3257,-0.7487556990864
801,3334,0.122151735075171
802,808,1.49816177849674
802,810,1.60353079082605
802,815,0.281665791982578
802,925,2.44014087944305
802,1309,0.0797706613130936
802,1355,1.87888185400902
802,1850,1.02070732388694
802,2013,0.835312773344095
802,2049,0.75303001429425
802,2407,1.60666651337133
802,2454,-0.143290103093723
802,3367,1.1032915405148
802,3827,1.02263656636791
802,3953,1.19473613480879
803,807,2.3265973949916
803,808,2.07332750688904
803,834,1.74388850956813
803,939,1.77784458608731
803,1343,1.45600421234264
803,1385,-0.515679692333346
803,1599,1.65706746417122
803,1680,1.55346586638968
803,1686,0.996555278941866
803,1785,2.50607476117614
803,1799,1.92122954221997
803,1911,1.20129880320662
803,2501,1.72256198824072
803,2951,0.488656470029169
803,3170,2.39473299865529
803,3196,0.742549217350843
803,3326,1.0308528850497
803,3376,2.69836389981888
803,3431,0.977169442554362
803,3532,1.5595720923984
803,3682,1.46197893107332
803,3751,2.17770173132009
803,3917,2.91517925319773
804,810,1.08152163668226
804,813,0.173922645964722
804,815,-0.240343362161214
804,816,0.249396596576608
804,1108,0.855804827227531
804,1186,2.56751693324703
804,1505,-0.943458395593631
804,1613,0.465580590142117
804,2247,0.0100884834627235
804,2598,0.0353880408738384
804,2772,-0.403990966784911
804,3137,1.11818534884412
804,3185,0.266750495890308
804,3278,0.691509373203595
804,3524,-0.782498815783611
804,3574,1.24736646998854
804,3716,-0.304717896395043
804,3811,0.731268866425422
805,812,-0.62636863697477
805,815,-0.772926927237186
805,817,0.0314497736142584
805,818,-0.951422391896121
805,902,-0.873950119587498
805,919,0.732106662806021
805,1014,0.150646086721365
805,1801,-0.944469558948586
805,2197,-0.0898007953278533
805,2508,-0.485925878373762
805,2511,-0.532554318482493
805,2546,-0.932435966057209
805,2891,0.105472863694669
805,2988,0.0108626568710952
805,3078,1.03433337624438
805,3090,0.70630553323519
805,3320,0.913667802482235
805,3574,0.714782904912568
805,3947,-0.0671421916372115
806,807,1.43659731485318
806,810,1.28869643907993
806,813,0.381097448362396
806,816,0.456571398974281
806,949,0.449620394116932
806,1025,0.481899076693329
806,1384,1.74808663812006
806,1442,-0.0306350272360204
806,1526,1.66677253904738
806,1684,-0.733596375515002
806,2132,-1.00700223966626
806,2483,-0.426882601975364
806,2540,-0.0545265261743322
806,2775,0.409050995819514
806,2782,0.167021219683533
806,3305,0.914949418446753
806,3660,0.26308467862375
807,817,-0.665389173765275
807,962,-1.2728752870342
807,1037,-1.41495270173309
807,1281,-1.5111928533101
807,1305,-1.5084826135229
807,1340,-1.69804753652586
807,1533,-0.770561019438206
807,1640,-0.401448802444715
807,1792,-0.52653481167944
807,1808,-0.843916819329009
807,1849,-0.20190131502607
807,2029,-1.60337796266958
807,2071,-1.10320345279487
807,2087,0.231136709111484
807,2675,-1.16914409732569
807,2872,-1.39032269694177
807,2962,-0.379558480424841
807,3225,-0.426806421282113
807,3268,-1.15751134109918
807,3312,-1.51909530689766
807,3611,-2.99505717675288
807,3671,-1.33956466385832
807,3822,-0.968653769821504
808,812,-1.06993769625174
808,821,0.0172284570231607
808,1007,-1.43250203522256
808,1028,-0.535648091858181
808,1075,-0.0513573331251712
808,1389,-1.39284159946397
808,1401,0.122036037880669
808,1646,-0.163394840035627
808,1753,-1.90433150085558
808,1921,-0.344914696467843
808,1991,-0.784295047105933
808,2229,-0.100322552512229
808,2314,-0.848808363093535
808,2331,-2.48138776460272
808,2414,-1.14973207482496
808,2626,0.603984743943139
808,2940,-1.54219377104531
808,3145,-1.22333242400649
808,3153,-1.41517605594723
808,3211,-1.03003145271924
808,3247,-1.38396937842449
808,3311,-0.183488914168778
808,3476,0.23188646009359
808,3483,-0.330093981687075
808,3657,-1.35026599419342
808,3834,-0.572714552669969
809,815,-2.03144205459231
809,817,-1.22706535374086
809,832,-1.86258478721961
809,2007,-0.282947459489612
809,2114,-1.92748339594369
809,2117,-0.367577645972258
809,2329,-2.37443795913852
809,2350,-0.821523759231032
809,2352,-2.56110596210901
809,2554,-1.5155533663181
809,2796,-1.05186264526691
809,2830,-0.923924835090367
809,3016,-1.52049143041737
809,3041,-1.75622731559274
809,3575,-2.92104272815241
809,3889,-1.22195909776611
809,3985,-1.45880585077722
810,811,0.397771506116767
810,813,-0.907598990717534
810,815,-1.32186499884347
810,816,-0.832125040105648
810,1119,-1.19464092450166
810,1249,-0.187277805539653
810,1259,0.169740768748462
810,1439,-0.493577055773334
810,1763,-0.264322836443856
810,1801,-1.49340763055487
810,2111,-1.24349355594417
810,2411,0.887392879672109
810,2937,-2.16251486439413
810,2959,-2.01534846588279
810,3906,-1.60630491384684
811,813,-1.3053704968343
811,815,-1.71963650496024
811,816,-1.22989654622241
811,817,-0.915259804108792
811,819,-0.428525537554211
811,1224,-0.507897361732271
811,1226,-1.9252791364953
811,1239,-1.41104726299383
811,1428,-0.728388387609953
811,1753,-2.40747201930166
811,2409,0.0290450343940519
811,2601,0.0226929775260425
811,3166,-1.04944656027695
811,3305,-0.771518526749943
812,814,0.170745705856742
812,818,-0.325053754921351
812,820,-0.539063802718603
812,823,0.937119647575939
812,988,0.351741060273523
812,996,-0.483390679555423
812,1137,-0.49547173531116
812,1408,0.416448018289014
812,1499,0.361030333980429
812,1913,0.763654308238406
812,2266,-0.783319490419573
812,2393,0.558986211326299
812,2681,0.802126683803611
812,2936,0.281322595990396
812,2989,1.1357292347016
812,3108,-0.395973380259304
812,3166,0.523631654420867
812,3612,-0.005975123169212
813,821,0.819458435411382
813,823,0.669411929712419
813,825,1.51967991610062
813,826,-0.494228811641465
813,1074,0.36160411626881
813,1136,-0.201297064337468
813,1552,0.712916525436415
813,1767,0.97413389199523
813,1873,0.297434406620802
813,2058,0.907707719090704
813,2088,-0.172224061464324
813,2633,0.270773144345192
813,2679,0.409793793181529
813,2840,-0.384592855569335
813,3237,-0.614874686319952
813,3239,0.223881225639327
813,3299,0.824694250655575
813,3963,1.420263528122
814,815,-0.317303996119159
814,816,0.172435962618664
814,818,-0.495799460778093
814,820,-0.709809508575345
814,821,0.91642044741816
814,823,0.766373941719197
814,825,1.6166419281074
814,1143,0.964949464258798
814,1258,0.115079625645113
814,1266,0.185956805853491
814,1363,0.258715909088252
814,1683,0.234154539974664
814,2042,-0.901799017517902
814,2267,1.2372918804083
814,2426,0.455449772528002
814,2689,0.129333326896725
814,2787,1.55379673228572
814,3008,-0.0045026579364838
814,3198,0.504114987731641
814,3455,0.399147221728582
814,3466,0.589571046717661
814,3629,-0.0942188891219968
814,3668,-0.498360102757756
815,817,0.804376700851445
815,818,-0.178495464658935
815,820,-0.392505512456186
815,824,0.870961860564454
815,825,1.93394592422656
815,827,-0.900053983632929
815,984,0.823307920989599
815,1151,0.959922965078971
815,1230,0.871758711639894
815,1751,0.733249194954587
815,1770,0.360379091919313
815,1786,1.20709354545185
815,2441,-0.145812559568997
815,2620,-0.030584117378765
815,3413,0.340368431039258
815,3492,0.26079760130646
815,3732,-1.46595026801576
816,818,-0.668235423396757
816,821,0.743984484799496
816,823,0.593937979100534
816,824,0.381221901826631
816,826,-0.569702762253351
816,1125,0.38945694206014
816,1403,1.84666274743169
816,1752,-0.207099601443868
816,1802,0.606094140180899
816,1963,-0.664902289531953
816,2011,0.729237738552381
816,2128,-0.125667431374227
816,2495,-0.291687287297814
816,2554,0.026148729536385
816,2917,-0.19465561753761
816,2963,0.726254469155467
816,3237,-0.690348636931837
816,3955,0.467583354185788
816,3979,0.140867903737696
817,820,-1.19688221330763
817,827,-1.70443068448437
817,829,-1.23449188443632
817,1147,-1.0636988887334
817,1180,-1.07121468892989
817,1860,-0.577725419435176
817,2177,-0.68017438846291
817,2226,-0.917728851074197
817,2649,0.337017231193596
817,2699,-0.670549088875492
817,3236,0.340146906746221
817,3695,0.378491620154467
817,3823,-0.327169723014634
817,3973,0.20464662210145
817,3977,-0.344321979263486
818,821,1.41221990819625
818,823,1.26217340249729
818,828,1.21833195983025
818,829,-0.251619718925945
818,866,1.73225124004093
818,1114,1.6720655660761
818,1611,0.396118683174306
818,1652,1.24516553666211
818,1698,1.48059412926988
818,2024,0.18357362393657
818,2031,1.06336808521437
818,2180,1.24865072606845
818,2230,0.145300573186329
818,2512,0.765582340624583
818,2847,0.18141766591486
818,2906,-0.53548414824903
818,3679,0.0088374040140559
818,3878,0.241034541107223
819,820,-1.68361647986221
819,822,-0.394824624519336
819,825,0.642834956820534
819,826,-1.37107377092155
819,828,-0.251274472234715
819,832,-1.12225370003333
819,897,-0.789212661335611
819,1406,-0.897095984650219
819,1456,0.436225153929802
819,1820,-2.2619799316792
819,2356,-1.44785007070814
819,2701,-1.28998750202174
819,3235,-0.740754799433628
819,3591,0.304520266069385
819,3918,-1.06125617122873
820,830,0.858998415116218
820,1160,1.65631380760014
820,1201,2.14838022861812
820,1954,0.168099075309965
820,2141,0.0992276488836801
820,2219,1.458372089537
820,2263,0.803375510469478
820,2269,1.90601565187227
820,2342,1.42154771795859
820,2352,-0.137158395060516
820,2370,0.662835657001424
820,2393,1.0980500140449
820,2584,0.219093156399635
820,2835,1.1677839563117
820,2971,1.03677286741175
820,3081,1.40266929330051
820,3129,1.32162908158821
820,3136,1.72725501090145
820,3278,1.324358247821
820,3411,0.965997409084799
820,3935,-0.0283921359629762
821,822,-0.337438100650629
821,825,0.700221480689242
821,828,-0.193887948366008
821,830,-0.767231540877287
821,831,-1.08963191383426
821,832,-1.06486717616462
821,833,-0.650936707798876
821,836,-0.877313155489523
821,942,-0.892058667797938
821,1002,-0.503103984779575
821,1061,0.285348529312063
821,1173,-0.267793364390667
821,2096,-0.936922290485183
821,2311,-1.6470097459478
821,3022,-1.55460042524313
821,3187,-0.322853500332916
821,3522,-0.58701376109906
821,3689,0.846506478994096
821,3811,-0.262112214950682
821,3906,-1.51816435854069
822,823,0.187391594951666
822,831,-0.752193813183628
822,833,-0.313498607148247
822,834,-0.0092293536934431
822,968,-0.4532391721302
822,992,-0.158394221729221
822,1332,-0.0107800195119324
822,1424,-0.749737243366047
822,1533,-0.197081487708176
822,1638,-0.359925542808037
822,1780,-0.617142006005964
822,2231,-0.0636854650117685
822,2405,-0.546625348214266
822,2718,-0.196269220741389
822,2761,0.140652450124171
822,2831,-0.214978904807155
822,2847,-0.893364141630765
822,3204,-0.450003713817568
822,3785,-0.736775709670059
822,3806,-0.214223208447983
822,3917,1.16206138993616
823,862,-1.52614836920754
823,887,-0.475733532900251
823,1138,0.0128871337930995
823,1319,-0.970707429948506
823,2401,-0.294059290165264
823,2479,-1.19315405644932
823,2641,-2.26813651285893
823,2650,-1.34289467966268
823,2675,-0.783056160547327
823,2955,0.73560417302964
823,2973,-1.37640062505298
823,3053,-1.22516587033517
823,3057,-1.44199760954385
823,3067,-0.82232644780887
823,3080,1.24502009119885
823,3200,-0.982719464162114
823,3258,0.474889041969958
823,3285,-1.17561062507172
823,3291,0.118788560094976
823,3820,-2.25304301302578
824,825,1.06298406366211
824,829,-1.30107704414933
824,831,-0.726869330861392
824,832,-0.702104593191758
824,835,0.949255137245333
824,836,-0.514550572516658
824,1846,0.201253813247656
824,1857,-1.94551893632976
824,2034,-1.91890435576055
824,2036,-0.687748304198504
824,2245,-1.43694943451329
824,2856,-0.98444537698307
824,2980,-1.01936752282864
824,3043,-0.697911848677389
824,3304,-0.371882402688723
824,3622,-0.327959125552915
824,3761,-0.85526671692256
824,3873,-0.576221588530027
825,831,-1.7898533945235
825,832,-1.76508865685386
825,834,-1.04688893503331
825,837,-2.19350132057822
825,964,-1.50601552408427
825,971,-1.50490804091202
825,1193,-1.89051632691672
825,1391,-0.247398921565794
825,2367,-1.03048507842328
825,2546,-2.09345496304658
825,2759,-1.41590745437462
825,2982,-1.57173922530422
825,2988,-1.15015634011828
825,3173,-2.38696990002845
825,3262,-1.11355669004458
825,3945,-1.74315138079592
826,831,0.22405533321859
826,835,1.90017980132531
826,838,0.735017470319401
826,839,1.17806734336578
826,1136,0.292931747303997
826,1167,0.711442893750417
826,1403,2.41636550968504
826,1602,1.58007226664387
826,1901,0.530958589626084
826,1951,1.41236708095022
826,2458,0.980469466342927
826,2486,0.58898922510449
826,2652,1.76255375872381
826,2921,0.530683361194918
826,2950,0.232148575731798
826,3030,1.38024337169133
826,3148,0.78340056043775
826,3307,0.423239905355693
826,3800,0.16066567189793
827,830,1.36654688629296
827,831,1.04414651333599
827,840,2.88092557156094
827,1178,1.08345557217751
827,1184,1.25371339441848
827,1559,1.24360874603824
827,1658,1.93636447951048
827,1693,2.43101742655222
827,1845,2.48068193484973
827,1902,0.93952004753079
827,1915,0.693048921608455
827,2126,0.885320640685997
827,2167,1.23965181278318
827,2174,0.392390351474435
827,2902,1.68453175977417
827,3109,-0.167884675217924
827,3503,0.83877400146338
827,3717,1.49547701654567
828,829,-1.46995167875619
828,830,-0.573343592511279
828,832,-0.870979227798616
828,835,0.780380502638475
828,838,-0.384781828367439
828,1030,-0.826213571361571
828,1461,-0.141523297618484
828,1482,-0.513356596285596
828,1649,-0.311390070450219
828,1793,-0.253576117092536
828,1815,-0.880691979190077
828,1954,-1.26424293231753
828,2169,-0.667748141452433
828,2420,-1.81120451737996
828,2694,-0.860901343266749
828,3186,-0.276351331063453
828,3372,0.887488913918869
828,3413,-0.699468064132053
828,3624,-0.177867695606464
828,3724,-1.78023168692274
828,3734,-0.0736666950335689
828,3744,-0.531903745410783
829,830,0.896608086244912
829,841,1.3627180370372
829,1085,0.634015631705431
829,1434,1.11020652653529
829,1454,0.276683155508087
829,1609,1.11012484392498
829,1699,1.75241897348878
829,1819,1.05798027812458
829,1881,1.32750510947916
829,2035,0.727280362718285
829,2293,0.371881993247818
829,2384,0.368149453483019
829,2542,1.17300831879569
829,2722,-0.106908540756369
829,3095,2.40188708782293
829,3166,1.10030512826816
829,3241,1.18696062159173
829,3391,1.91270175625415
829,3715,0.361708484690352
829,3881,0.332344308912301
830,831,-0.322400372956971
830,834,0.420564086533215
830,838,0.18856176414384
830,843,0.451397531405448
830,858,-0.393283969093305
830,1258,-0.0341092808957608
830,1350,0.760965179983087
830,1591,-1.60277178801034
830,1915,-0.673497964684506
830,1969,0.509648421181683
830,2052,0.661782361775279
830,2572,-0.462413237252543
830,2607,0.485936895298664
830,2797,0.456412516138485
830,2938,-0.525502361768471
830,3197,0.810762059870177
830,3433,-0.709371732988062
830,3589,0.121983955778441
830,3617,-0.0549412134830955
830,3731,-0.544563191597399
831,832,0.0247647376696339
831,835,1.67612446810672
831,837,-0.403647926054719
831,838,0.510962137100811
831,842,-0.494616705280751
831,1196,0.0471347411534568
831,1228,0.351547826141427
831,1713,1.41673208389714
831,1993,-0.0786683943310585
831,2713,0.906073847534159
831,2763,1.25891873727442
831,2918,0.354366997902683
831,2971,0.500174825252504
831,3268,0.168162003814478
831,3458,0.439629494262845
831,3571,1.05359177497456
832,839,0.92924727247756
832,841,0.763745586079626
832,842,-0.519381442950385
832,845,-0.266611440218456
832,1120,0.287350838054865
832,1642,0.116797857946144
832,1849,1.09900729221795
832,1946,-0.143062953676707
832,2175,0.503165090720432
832,2500,0.717829987568163
832,2565,1.41094003398698
832,2688,0.122905985242692
832,3075,-0.580188090963418
832,3441,0.622068129465036
832,3449,0.745261759826636
832,3611,-1.69414856950886
832,3625,0.954299195543287
832,3632,-0.678952892047115
832,3893,-0.100977940231659
833,838,0.072266931065429
833,1245,0.0348379165071104
833,1362,-0.883119964872537
833,1814,-1.2676834249286
833,2139,-1.26188380974178
833,2295,0.101882370079995
833,2711,1.20334185360732
833,2825,-0.506098194888985
833,2929,-0.234561420135382
833,3596,0.291915214690032
833,3609,-0.367931430453719
833,3747,-0.983877943205161
833,3854,0.656823990525888
833,3981,0.490020035910035
833,3987,0.385527118688847
834,836,-0.530645701145451
834,1203,0.111642204828719
834,1214,1.23589750400315
834,1355,0.710159072833198
834,1566,-1.3981587250659
834,2054,-1.63734406165262
834,2077,-0.838367476147713
834,2169,-0.514968635474369
834,2844,0.338629056642054
834,2972,-0.906376890777335
834,3282,-0.951688895022354
834,3304,-0.387977531317516
834,3404,-0.205982586419453
834,3528,-0.29367787111814
834,3703,-0.0725156426524968
834,3892,0.0657805952422416
835,842,-2.17074117338748
835,844,-1.60558524125243
835,845,-1.91797117065555
835,846,-1.99775132091426
835,1333,-0.138730339297057
835,1629,-0.623013128015513
835,2017,-1.94790860890908
835,2049,-1.34885277549811
835,2069,-1.67757028016831
835,2501,-0.954486529943945
835,2549,-1.25887135971219
835,2657,-1.9278413803769
835,2768,-1.49272318940259
835,2875,-1.18788381999998
835,2880,-1.24388792055454
835,3401,-2.20038187176815
835,3414,-1.56416165213153
835,3758,-0.777187720294721
835,3777,-0.534361063515422
835,3814,-1.89925847572207
836,839,0.74169325180246
836,842,-0.706935463625485
836,849,1.11705027001824
836,1129,-0.218049117374046
836,1159,-0.15656374006436
836,1430,-0.299850751154988
836,1923,0.0375116277988168
836,2411,1.85284659046778
836,2466,0.90684737275978
836,2728,-0.0577523951367626
836,3312,-0.405740720328733
836,3405,1.08315674501011
836,3481,-0.133929911140204
836,3497,-0.221074771103763
836,3625,0.766745174868187
836,3706,0.179632618626081
837,840,2.24042698427967
837,841,1.19215824980398
837,848,1.63500752531478
837,850,2.19426651434988
837,952,0.893236196916931
837,1320,1.66770498243587
837,1383,1.23412000390795
837,1597,1.63650683659185
837,1670,1.10857003147934
837,1822,1.67549491878466
837,2106,0.465302348527582
837,2182,1.02972034105956
837,3191,1.54950598166413
837,3653,-0.237289495904463
837,3744,0.767488146112185
837,3975,0.301992875293271
838,846,-0.83258898990835
838,847,0.15464517020883
838,849,0.818406891262168
838,1571,-0.22615534871636
838,1638,-0.118693866725219
838,1710,0.322120279342428
838,1764,-0.23384903863129
838,1814,-1.33995035599403
838,1930,-0.942342741153347
838,2057,0.111491105331607
838,2193,0.116208966873525
838,2211,-1.73901327060998
838,2502,-0.250155622119907
838,2587,0.208796492342435
838,2646,-0.678776050080494
838,2756,0.533653955549289
838,3083,0.354985365338861
838,3107,0.732249332665021
838,3342,0.0099471130148349
838,3394,0.0064196058611551
838,3425,-0.439997824368391
838,3498,-0.633437309660373
838,3641,-0.216980058433944
839,840,0.882767048077753
839,842,-1.44862871542795
839,844,-0.8834727832929
839,847,-0.288404702837554
839,848,0.27734758911287
839,850,0.83660657814797
839,857,-0.231782828442344
839,1126,-1.43538146413959
839,1373,-0.274503049665409
839,1576,-0.400967833078012
839,1623,-0.539796160373656
839,1693,0.432858903069031
839,2012,-0.347613793239928
839,2487,-0.502292729049204
839,2615,-0.262490748635032
839,2935,0.0689995056368705
839,3155,-0.770404153893893
839,3628,0.23660272908296
840,844,-1.76623983137065
840,847,-1.17117175091531
840,850,-0.0461604699297835
840,852,-1.52876080620327
840,1018,-1.76858458237144
840,1229,-1.30741289485918
840,1516,-1.09266455836568
840,1906,-0.989914585597798
840,2074,-1.54192951231744
840,2447,-0.374493007530619
840,2460,-2.02970723162029
840,2536,-0.960814489511842
840,2573,-1.34596350535855
840,2624,-1.51476033847929
840,2743,-1.40941120896418
840,2798,-0.117795962257017
840,2875,-1.3485384101182
840,3590,-0.99393882312885
840,3645,-1.54127948360954
840,3774,-1.75303464423542
840,3856,-2.21840069104617
841,842,-1.28312702903001
841,845,-1.03035702629808
841,847,-0.122903016439619
841,848,0.442849275510804
841,851,-0.818581923018409
841,853,-0.0317724191723007
841,1081,0.100206772357081
841,1109,-0.219235800384953
841,1451,0.345714229502121
841,1523,0.314268817374879
841,1650,-0.485811357529472
841,1653,-1.08263486068533
841,1923,-0.538679937605709
841,1986,-0.585907295223557
841,2485,0.922656249525021
841,2744,-0.977409521730013
841,2765,-0.405101566820342
841,2833,-0.245325324652398
841,2969,0.133337516675772
841,3208,-1.17896574009434
842,847,1.16022401259039
842,849,1.82398573364373
842,852,0.802634957302429
842,854,0.865412456379451
842,879,0.32688547845945
842,1165,0.135457799570095
842,1581,1.50576396137366
842,1779,0.142648929697888
842,2270,1.47887678120612
842,2367,1.25398502138097
842,2542,1.0934173107885
842,2760,1.17478811486981
842,3268,0.66277870909523
842,3435,1.04536637297211
842,3541,0.651052242484192
842,3631,1.39593086274519
842,3714,0.210326796707394
842,3771,1.00729465835523
843,849,0.55557112400056
843,852,-0.465779652340741
843,1168,2.0207933048666
843,1176,-0.40855748277933
843,1316,-0.201960036367907
843,1323,-1.06860019423168
843,1352,-0.778875166193956
843,1738,-0.192329111342146
843,2868,-0.417013937108369
843,2945,-0.258202017289904
843,3369,0.717695706982202
843,3822,-0.416778329270265
844,846,-0.392166079661833
844,851,-0.100610826123443
844,852,0.237479025167383
844,854,0.300256524244406
844,1192,0.467410987654812
844,2022,0.669299687447195
844,2501,0.651098711308486
844,2551,0.491325504594289
844,2698,-0.241207763226727
844,3402,-0.979108074066092
844,3418,0.728168600474718
844,3721,0.539571547885064
844,3739,-0.0461523144322999
844,3766,0.801293549116045
844,3802,-1.05569795334307
845,849,1.5712157309118
845,850,2.03246529084399
845,851,0.211775103279673
845,856,0.151085805103434
845,858,0.170963106412487
845,1729,0.0460114853983679
845,1781,0.630356567420648
845,1831,2.00464716188413
845,1904,0.697747519553371
845,2219,1.16362074992658
845,2470,0.930089626544532
845,2665,1.39348108630522
845,2846,-0.0873230632573352
845,3304,0.596833630721492
845,3340,0.755989089544632
845,3392,1.26877686970135
845,3627,-0.924611924295882
845,3829,1.79083880952855
846,847,0.98723416011718
846,854,0.692422603906239
846,856,0.23086595536215
846,858,0.250743256671204
846,859,-0.105255339455968
846,940,0.778057585408439
846,1207,1.06367014014466
846,1324,0.730752887502937
846,1970,0.0313115636671245
846,2013,0.731181304465995
846,2074,0.616476398715048
846,2307,0.678955660314141
846,2635,0.795116504178103
846,2904,1.00572513656176
846,2926,1.33239666711879
846,2930,1.65669245299344
846,2932,1.61031307562727
846,3057,-0.180785348601013
846,3282,0.11290241727537
846,3312,0.12820489082354
846,3329,1.19342414029098
847,849,0.663761721053338
847,850,1.12501128098552
847,851,-0.69567890657879
847,860,0.529285304270895
847,1007,-1.02570588572111
847,1177,0.158895265614184
847,1290,-1.27967299123311
847,1620,0.569648074486054
847,1741,0.165732726038964
847,2036,-0.626486280646753
847,2143,0.779206247903339
847,2194,-0.199795294306281
847,2321,-0.0049670503271783
847,2769,0.154996510866881
847,2794,-0.347614845525723
848,850,0.5592589890351
848,851,-1.26143119852921
848,859,-1.65824179152357
848,861,0.516212053348064
848,928,-0.79721203243635
848,982,-0.73305511276861
848,1179,0.481815141475318
848,1267,-0.267488113528695
848,1620,0.0038957825356312
848,1822,0.0404873934698727
848,1841,-1.26754324012387
848,2051,-1.59037907425327
848,2179,-1.9837131743412
848,2682,-1.08898892590189
848,2807,-0.371776063448172
848,3107,0.0118518705057676
848,3223,-0.929306443727491
848,3464,-0.109812357680823
848,3561,0.661942415952193
849,853,-0.57263112378602
849,855,0.194209809645276
849,861,0.418202624245149
849,1044,-1.24172593511856
849,1411,-0.551177582973135
849,1843,-1.2944691730878
849,1894,-0.532254318878129
849,1921,-0.601880268019725
849,1983,-1.96859911211014
849,2023,0.501121641831484
849,2302,-0.363902602411738
849,2547,-0.886596752677776
849,2879,-1.54162937292531
849,3146,0.576889116497741
849,3371,0.0958775767641658
849,3603,-0.645944369076858
849,3726,-0.897722820144532
849,3996,-1.09461064922983
850,856,-1.88137948574055
850,861,-0.0430469356870368
850,862,-2.37718154936741
850,863,-1.71334348660849
850,976,-0.432245802339608
850,1015,-1.25271624039167
850,1151,-0.974788152919255
850,1560,-0.966793765783921
850,1632,-0.403523236100722
850,2240,-1.20616816468056
850,2408,-0.923695697697499
850,2590,-1.70323472987528
850,2769,-0.970014770118642
850,2824,0.0361678749004282
850,2939,-2.23414777131339
850,3272,-0.915849000940548
851,852,0.338089851290826
851,863,0.10734670095582
851,924,-0.540272874515184
851,996,-0.450853319726919
851,1605,0.332095203757168
851,2035,0.183144248699493
851,2379,0.371387136683369
851,2521,0.419390023712445
851,2663,0.0550364951533637
851,2693,0.898736857149342
851,3273,-0.41022148968424
851,3412,1.42870519515711
851,3526,0.347615618134511
851,3608,1.30748474293139
852,854,0.0627774990770223
852,855,1.21556058598658
852,857,0.414210929683173
852,898,0.37731391654639
852,928,0.126129314802036
852,1129,-0.313748611050989
852,1291,0.361340341379278
852,1357,-1.21948429236157
852,2119,0.830423163206353
852,2320,-0.090652425253474
852,2649,0.689283150320302
852,2718,0.247906340420562
852,2771,0.714565653637782
852,3033,-0.703986282744027
852,3114,-0.277690452927132
852,3167,-1.55887773135108
852,3379,-0.691311714461545
852,3506,-0.134004059314612
852,3662,0.0973073028924066
852,3663,0.726032371898133
852,3738,0.368836385036697
852,3856,-0.689639884842899
852,3999,0.352399185353765
853,862,-1.3433008656492
853,863,-0.679462802890288
853,1008,0.276484936049822
853,1170,0.520079338535112
853,1241,-0.34485487049039
853,1457,-0.15339137712624
853,1674,-0.273360365511737
853,1778,-0.0443700401203706
853,1829,0.990140672746419
853,2130,0.484915081773536
853,2488,0.443084194959415
853,2652,0.781760520928261
853,3201,-1.7155692934758
853,3508,-0.692240994485879
853,3761,-0.885135290638126
853,3903,-1.09351060078174
854,856,-0.461556648544088
854,859,-0.797677943362206
854,862,-0.957358712170942
854,863,-0.293520649412028
854,865,0.825435717732181
854,981,0.63402150514816
854,1205,0.664990650210574
854,1809,-0.491031306827749
854,2040,-0.369310643884227
854,2291,-0.482230430045748
854,2395,-0.263698115745713
854,2736,-0.0886666638299911
854,2765,0.0126130058302178
854,2846,-0.699965516904857
854,3016,-0.0039376566268198
854,3281,0.244699037330742
854,3400,-0.853355092516006
854,3547,-0.372454007760536
854,3729,-0.232352218850058
855,860,-0.328686226427718
855,863,-1.44630373632158
855,864,-1.39821491882703
855,865,-0.327347369177374
855,867,-0.0215206400506772
855,1356,-0.754318758031849
855,1958,0.0831642390128969
855,1984,0.0941700770445454
855,2209,-2.17649434194734
855,2371,-1.99371203093046
855,2446,-2.07407922846384
855,2519,-0.0744019339657874
855,2570,-1.26930171522171
855,2979,-0.937736736971007
855,3068,-2.97034704466637
855,3696,-2.35460468042941
855,3907,-0.512497804043182
855,3926,-0.573761196876474
856,860,1.28565350902592
856,868,1.09791939474689
856,1022,0.772005478716699
856,1337,0.537466145007227
856,1858,0.316700482131625
856,1878,0.519003211490785
856,1934,0.878087254928921
856,2024,-0.0482534729800373
856,2075,0.44580246207411
856,2164,0.994101167443315
856,2179,-0.661592677635743
856,2605,0.662529006378634
856,2786,0.978086028851593
856,3102,0.858528079793962
856,3240,0.300607115115547
856,3430,0.0920472653374278
856,3815,0.304981823221701
856,3978,0.570258103922649
857,858,-0.793112777841186
857,860,0.472663429875685
857,863,-0.64495408001818
857,864,-0.596865262523622
857,868,0.284929315596649
857,869,0.619320044505877
857,870,-0.780954501686782
857,1228,-0.370681355563423
857,2182,-0.0961567667000074
857,2205,-1.26590676506496
857,2303,0.413644520492635
857,2836,-0.0993209645804918
857,3232,-0.519677349836967
857,3291,0.33614478652542
857,3949,-0.419079993622448
858,863,0.148158697823006
858,866,1.48054684181527
858,870,0.0121582761544034
858,1507,0.816629933477277
858,1696,-1.21354386340193
858,1724,1.55244516678101
858,1736,1.12966216566901
858,2437,0.864151434556621
858,2544,0.266581299355729
858,2773,1.85485481648141
858,3070,-0.0406518261029952
858,3094,1.3824552328887
858,3560,1.13183407721569
858,3940,-0.217652393019601
859,867,1.92894039022108
859,870,0.368156872281575
859,926,1.06366405637996
859,1217,0.112265024358113
859,1333,1.96427632107317
859,1474,2.90799763327052
859,1726,0.905671613417663
859,2025,-0.362901465387696
859,2640,0.0637083566658413
859,2685,1.75350745692112
859,2745,1.40239498386997
859,2866,0.574024548235425
859,2959,-0.410693804478878
859,3199,0.498716181850411
859,3261,1.13890771767601
859,3307,0.62606676440061
859,3338,-0.47256727454335
859,3380,1.60681417176761
859,3558,1.02670697044676
859,3703,1.0973310091012
860,863,-1.11761750989386
860,866,0.214770634098398
860,868,-0.187734114279036
860,870,-1.25361793156247
860,873,-2.01262929031394
860,888,-0.676935050763852
860,1212,-0.270925067516223
860,1215,-1.38998616947322
860,1240,-0.494106069816112
860,1593,-1.06493500090057
860,1759,-1.56136478715798
860,1807,-2.27155907298757
860,1891,-1.06510973277162
860,2248,-0.169171482721906
860,2261,-0.427598382779937
860,2980,-1.48739080354778
860,3139,-1.04268942032994
860,3377,-1.14019322604818
860,3510,-0.498761487530658
861,867,-0.24551345465055
861,868,-0.740413155306628
861,870,-1.80629697259006
861,872,-2.40217836359803
861,874,0.270143750215285
861,932,-2.43055826409309
861,960,-1.88206149188763
861,1023,-2.26995652652487
861,1064,-0.993420562730691
861,1926,-1.67677840879189
861,2458,-0.99115751948379
861,3149,-1.44319863304693
861,3303,-1.11985791069868
861,3336,-1.05636344690805
861,3399,-1.01034141083735
861,3534,-1.70158928909422
862,873,-0.231173717661158
862,1262,0.590836882127595
862,1342,0.196792962575798
862,1353,0.60869855052559
862,1415,0.993742836420502
862,1901,0.893466217479737
862,1941,0.785467215062217
862,2121,-0.322034244775521
862,2183,0.0684371294530934
862,2808,0.88980390372784
862,3007,0.808914402265186
862,3146,2.49282110593296
862,3530,-0.500230602161861
862,3669,1.3831921062806
862,3683,0.875817953695158
862,3921,1.25457282925846
863,869,1.26427412452406
863,870,-0.136000421668603
863,936,-0.543285479110236
863,955,1.22088738332708
863,1113,0.379474893882389
863,1529,0.946085303815005
863,1828,0.540591126964285
863,2084,0.446988665879972
863,2170,-0.192308038106554
863,2785,0.59717291870097
863,2868,0.279508865567378
863,2950,-0.0691818591734633
863,2988,0.562421952718549
863,3158,1.8030717366803
863,3287,0.616989628604024
863,3407,2.01160376359912
863,3567,-0.770556798444936
863,3685,-1.23394233305069
863,3729,0.0611684305619703
863,3735,-0.0853480264201467
863,3834,0.422413802454456
864,865,1.07086754964965
864,869,1.2161853070295
864,871,0.0148981984963388
864,872,-0.77997063017113
864,874,1.89235148364218
864,876,-0.501689481757506
864,1180,-0.53629443696274
864,1190,-0.507170824623467
864,1334,-0.54842916367398
864,1369,1.60769800985937
864,2192,1.65662784966284
864,2338,0.925774571557755
864,2387,-0.747151216167794
864,2639,0.525454209325329
864,2895,0.942261409424741
864,3010,-0.645105412347407
864,3774,-0.041619505191702
864,3792,0.121251221128233
864,3906,-0.553896363887658
865,870,-1.25495678881281
865,872,-1.85083817982078
865,875,-1.96813465641149
865,877,-0.614509921029622
865,878,-1.11174001778648
865,1149,-0.704590701043873
865,1251,-0.643352785856024
865,1348,-1.27136920561263
865,1586,-0.757485427588262
865,1620,0.0390239129648148
865,1740,-0.903734643551877
865,1955,0.353701421884865
865,2074,-0.901381922923371
865,2078,-1.55173532722442
865,2261,-0.428937240030281
865,2817,-0.386614235241513
865,3040,-1.49424779599431
865,3063,-0.254469725702304
865,3434,-1.05532270635766
865,3762,-0.166179076764956
866,868,-0.402504748377434
866,871,-1.26940112800137
866,877,-0.827941697877676
866,922,-0.279638731870335
866,1230,-0.681997063742102
866,1234,-1.32946924537942
866,1363,-0.977735870174585
866,1457,-0.806316718228215
866,1789,-1.60012126331892
866,1842,-1.42727888118619
866,2030,-1.17580327796302
866,2137,0.539211121929144
866,2275,0.0938063496821412
866,2918,-1.05529624777625
866,3324,-1.0313691503754
866,3410,-0.90119435268335
866,3560,-0.348712764599578
866,3793,-0.400097371698126
867,871,-1.36179608028001
867,880,-1.03979396856961
867,977,-1.33714954368106
867,1295,-1.34391391052315
867,1308,-1.01895942234842
867,1349,-0.621545570465982
867,1374,-0.392263635689524
867,1541,-1.21991992618536
867,1685,-0.960615878794907
867,1765,-1.94511221741581
867,1943,-1.33058971757628
867,1963,-1.82131305845477
867,2009,-0.969833402410468
867,2025,-2.29184185560878
867,2544,-1.30636049473818
867,2571,-0.984008388185159
867,2663,-1.47709330207336
867,2992,-1.26046831919981
867,3342,-0.981148947841931
867,3534,-1.45607583444367
867,3586,-1.47295058867088
867,3682,-1.0410033169622
867,3843,-1.73526319589163
867,3999,-0.841640760582135
868,873,-1.8248951760349
868,879,-1.1748897241228
868,880,-0.544894267913535
868,1169,-0.36851583778462
868,1418,0.0035081073943566
868,1522,0.0846411640321792
868,1589,0.22286851107424
868,1695,-0.255845785937196
868,1749,-0.0118693716829322
868,1891,-0.877375618492581
868,2470,-0.31891557330579
868,2531,-0.63200772291774
868,2800,0.506555247278004
868,2827,-2.04575144994799
868,2942,-0.0499992257228436
868,3010,-1.52689999046768
868,3468,-1.22519409185542
869,872,-1.99615593720063
869,873,-2.15928590494413
869,874,0.676166176612685
869,876,-1.71787478878701
869,1227,-0.0965661402802925
869,1241,-0.929666192124159
869,1246,-1.05647191861443
869,1279,-1.79950915157206
869,1416,-0.664815047345592
869,1577,-0.81403087563172
869,2209,-1.99446473014981
869,2336,-0.376494333567241
869,2535,-1.37281336640004
869,2658,0.785642591620494
869,2769,-0.520945408034206
869,3030,-0.18536118773799
869,3266,-0.542071286321516
869,3542,-1.20360298314453
869,3612,-1.34505858882058
870,872,-0.59588139100797
870,873,-0.759011358751469
870,878,0.143216771026332
870,880,0.520989549369896
870,883,1.22028575462111
870,889,1.15565906407004
870,907,0.332574124192451
870,928,0.492872886805645
870,1044,0.146368413226346
870,1425,0.86407827245349
870,1629,1.11183666007314
870,2193,0.685896423956268
870,2562,0.875872172905937
870,2831,0.595940228358405
870,2967,-0.985396549241702
870,3716,-0.149741743954959
871,874,1.87745328514585
871,877,0.441459430123691
871,880,0.322002111710398
871,1402,-0.960095528109587
871,1487,0.391186701467046
871,1682,1.04642892700111
871,1707,1.05090976192293
871,1816,0.0217051291406606
871,2048,-0.632409844150864
871,2089,0.606502165810668
871,2618,1.68782283623356
871,2965,0.0386584945898941
871,3807,0.124250897358271
871,3890,-0.249786408657291
871,3924,-0.0398816495646382
872,876,0.278281148413623
872,878,0.739098162034302
872,881,0.311760766744299
872,883,1.81616714562908
872,884,0.933182225702433
872,920,0.138519709167511
872,921,1.07278592225596
872,1109,1.22388123435421
872,1433,1.54616293411208
872,2025,-0.135176946661301
872,2239,1.65041890452003
872,2484,-0.145065474206377
872,2490,2.94541321941199
872,2844,1.73620022712214
872,2910,1.04978033973389
872,2944,0.284147930244463
872,3195,0.648753234529748
872,3387,0.589955457809462
872,3548,1.86190505394503
873,874,2.83545208155681
873,879,0.6500054519121
873,882,1.37238765036746
873,886,1.14235150219225
873,998,2.3596689083776
873,1148,1.45793946733294
873,1519,1.54611883617368
873,1646,1.72674529550887
873,1737,0.556395842912704
873,1765,0.374682659275172
873,2213,0.797247195472689
873,2701,0.674767614414621
873,2875,1.30597732684015
873,3132,1.83760061711415
873,3141,2.04790789483971
873,3160,0.137511959773288
873,3380,1.9976686582375
873,3459,1.43965978593935
874,881,-2.36056134706901
874,884,-1.73913988811088
874,887,-1.55386352758837
874,1004,-1.08863058044149
874,1293,-0.594841460171323
874,1362,-2.46214016166057
874,1474,0.463400038183599
874,2111,-2.08343648962717
874,2198,-1.56697922403529
874,2439,-0.445270947946634
874,2522,-1.0365046537451
874,2594,-2.87248672940957
874,2621,-1.75869888929215
874,2906,-2.87578754543444
874,3351,-1.65984766785588
874,3826,-1.75962626218472
875,877,1.35362473538186
875,878,0.856394638625007
875,1309,0.42591552720806
875,1877,0.690120872923643
875,2043,1.55232856757243
875,2140,2.8644653842371
875,2269,2.14132079729362
875,2325,0.786784445007879
875,2331,-0.637081120211017
875,2935,1.79491470336467
875,2948,3.07108615455046
875,3289,1.31438590793467
875,3367,1.44943640640976
875,3789,1.19272786268531
876,877,0.958047110377536
876,879,0.208594335754977
876,880,0.838589791964243
876,881,0.0334796183306761
876,882,0.930976534210335
876,883,1.53788599721545
876,887,0.840177437811321
876,888,0.894283123392962
876,1153,-0.461582604528959
876,1177,1.2008281355001
876,1468,0.473010138150671
876,2028,0.818883418519425
876,2092,1.35728395484538
876,2114,0.336191691521831
876,2467,0.395988866966286
876,2478,0.313979119959812
876,3059,-0.0856807405063283
876,3701,0.287396473631031
876,3719,1.50429265962001
877,878,-0.497230096756857
877,886,-0.25710672434241
877,889,0.515212196286848
877,890,1.03848853851679
877,937,0.203107048232384
877,938,0.52454197990191
877,1161,-0.33995968887216
877,1561,0.616452910430998
877,1652,0.340855994498855
877,1653,-0.875846084737333
877,3018,-0.0960235841666784
877,3707,-1.7284384312428
877,3818,-0.374482186046144
878,879,-0.252222677865702
878,883,1.07706898359477
878,888,0.433466109772283
878,889,1.01244229304371
878,891,-1.7138559114655
878,1087,1.17761537546092
878,1183,1.16275246017189
878,1228,0.267056375097026
878,1280,0.0098021186573337
878,1446,0.662361540517092
878,1528,-0.0084441831604317
878,1980,1.59561284460032
878,2337,1.27437097062438
878,2960,0.32674991544803
878,3035,0.370584057744098
878,3077,0.255834518396523
878,3297,0.625130388481483
878,3303,0.543222290865042
878,3508,-0.0199945409533215
878,3763,-0.895231870947002
879,882,0.722382198455358
879,883,1.32929166146048
879,884,0.446306741533832
879,1084,0.677650635780675
879,1238,-0.505405828398288
879,1281,-0.0177882815751381
879,1442,0.0261722296457603
879,1583,0.000226054582348
879,1774,0.422923715408861
879,2101,-0.270949777423447
879,2271,1.09223056287273
879,2317,1.28362234461825
879,2322,-0.855953107832484
879,2406,0.333434098519296
879,2482,-0.0202289370300128
879,2537,0.100195182376327
879,2609,0.872446958147375
879,2824,1.99451769001689
879,2954,0.45014609122794
879,3442,0.354440825537434
879,3550,0.289893803450615
880,882,0.0923867422460917
880,884,-0.183688714675434
880,887,0.0015876458470781
880,890,1.15794585693008
880,892,0.372071126790023
880,1024,0.0471436448417922
880,1183,0.784979681828329
880,1227,0.782718856542471
880,1627,-0.508694809522336
880,1684,-1.30678457484249
880,2474,0.118927244484284
880,2845,-0.749318436594127
880,2869,0.495861754939471
880,3101,-0.892851009075517
880,3991,0.0013124573356628
881,886,0.66746076770445
881,888,0.860803505062286
881,894,0.817789924880479
881,1367,0.282082779284958
881,1456,1.92608953587837
881,1608,1.56461721937271
881,1680,0.895387760557347
881,1860,0.425404695958809
881,2600,-1.05169032240343
881,2753,1.31004880534214
881,2773,2.12681716459068
881,3193,0.282854867683676
881,3421,0.0106984519723305
881,3624,1.06072221410739
881,3674,0.313831615549137
881,3698,2.17266723101632
881,3900,0.141919804640182
881,3952,1.47329073978445
882,887,-0.0907990963990136
882,891,-2.18401543205515
882,893,0.604297850776418
882,894,-0.0797069909991793
882,895,0.166377485291569
882,2053,0.125147544342544
882,2233,0.287276605579315
882,2430,-0.698062906566607
882,2713,0.351422875900102
882,2784,1.16840969658771
882,2788,1.12714476601724
882,3174,0.331774321844775
882,3544,0.630085123024066
882,3811,0.272868727249518
883,888,-0.643602873822491
883,895,-0.440531977713549
883,896,-1.17558747404389
883,1276,-1.39671107253585
883,1752,-1.02301260704828
883,1797,-1.29531846450147
883,1824,-0.41960829160057
883,1896,0.388070470921575
883,2804,-1.07337105753222
883,2849,0.812289521314761
883,2857,-0.679430304861751
883,3169,-0.851085419437642
883,3277,-0.481246409849393
883,3330,-0.115611781798623
883,3386,-0.491291215082726
883,3937,-1.42490591906786
884,885,-0.0644354772279581
884,887,0.185276360522512
884,893,0.880373307697943
884,942,-0.0810022686762121
884,966,0.102737811659437
884,1612,0.505131875810749
884,2212,0.480646927865761
884,2287,-0.0472243123301702
884,2341,-1.00515121713023
884,2375,1.38196405093489
884,2624,0.0434432050331252
884,3412,1.12005808117543
884,3540,0.0398843956004258
884,3881,-0.520438919088171
884,3885,0.226908014189452
885,886,0.110474785974275
885,888,0.303817523332111
885,891,-1.84350449790567
885,893,0.944808784925901
885,894,0.260803943150304
885,895,0.506888419441053
885,897,0.14366573888278
885,1079,-0.908136412167416
885,1408,0.204773741363796
885,1812,0.215215866924668
885,2038,0.0965824797977739
885,2648,-0.113353386692482
885,2901,-0.0982893337330556
885,3183,1.53270236068594
885,3303,0.41357370442487
885,3493,-0.307817720282359
885,3772,0.0936422866306283
886,887,0.139237051776195
886,899,-0.65392907035181
886,1055,0.969551041747104
886,1145,0.112362151424361
886,1365,0.88173321410617
886,1596,-0.82808672153662
886,1604,-0.484992378906039
886,1608,0.897156451668262
886,1923,-0.0747844373152974
886,2041,-1.11292591793015
886,2194,0.141197189544512
886,2290,0.579997601199524
886,2727,0.0206709428274145
886,2949,-0.0551205701566179
886,3026,-0.47072165629256
886,3071,0.0837807503440281
886,3425,-0.253650510726429
886,3592,0.259890668983097
886,3975,-0.426269874220296
887,891,-2.09321633565614
887,892,0.370483480942945
887,1245,0.0096812473074488
887,1593,-0.33389426455508
887,1713,0.952880208662096
887,1751,0.125304790016483
887,1891,-0.334068996426125
887,1895,-0.222608186715061
887,1918,0.562175715855631
887,2296,0.673860354918187
887,2439,1.10859257964174
887,2607,0.344485393020592
887,2885,0.734551723392198
887,3026,-0.609958708068755
887,3192,0.0823060057064488
887,3331,-0.777349113407648
887,3343,-0.600616788819144
887,3497,-0.472607887994072
887,3795,0.152302606506502
888,890,1.10225252550136
888,894,-0.0430135801818063
888,895,0.203070896108942
888,896,-0.531984600221401
888,897,-0.16015178444933
888,899,-0.847271807709646
888,901,1.15989461851674
888,1085,-0.458149642399194
888,1191,0.28983009707604
888,1308,-0.0348587852075267
888,1840,-0.0792760071755684
888,2332,-1.11627292021114
888,2668,-0.975938525731055
888,3008,-0.34924875233707
888,3009,-2.29353600149652
888,3099,0.154323183254553
888,3132,0.501906377564068
888,3553,0.0864420913875061
889,890,0.523276342229938
889,893,0.0620150783223681
889,895,-0.37590528716248
889,900,-0.0800496937487504
889,901,0.580918435245318
889,927,-0.535497898622417
889,982,-0.598629257596652
889,1047,0.68637035792783
889,1645,-0.231353719334433
889,1745,-0.480082723854949
889,2131,-0.34475426526819
889,2720,-0.485818916340822
889,3001,0.560277841487862
889,3030,0.0592542943846321
889,3328,-0.348978467062324
889,3657,-1.37479628147043
889,3691,-0.0767828922390533
889,3885,-0.591450215186123
889,3894,-0.806855731952856
890,891,-3.24957454673914
890,894,-1.14526610568317
890,900,-0.603326035978689
890,901,0.0576420930153792
890,1059,-2.39751669692329
890,1462,-0.008749226869503
890,1573,-1.5691189022837
890,1606,-1.40754119176335
890,1608,-0.398438811190935
890,1794,-1.89513614580695
890,2543,-0.976808770009564
890,2711,0.0218269733246568
890,3197,-0.487047653490897
890,3227,-1.19674680522936
890,3404,-1.08322821324731
891,893,2.78831328283157
891,895,2.35039291734672
891,896,1.61533742101638
891,897,1.98717023678845
891,904,3.52360621074569
891,1008,2.66258730104788
891,1011,1.67374642713452
891,1099,2.42007298313717
891,1139,0.594619411434242
891,1492,2.7194436452269
891,1537,2.45888450105132
891,1560,2.45318928293234
891,1611,1.70289514923341
891,1649,2.21371835543913
891,1759,1.26289228484365
891,2163,3.39170628231565
891,2426,2.25802569936519
891,2784,3.35242512864286
891,2903,2.56587770630192
891,3088,1.95221883692835
891,3141,2.8595356765274
891,3562,2.479597505062
891,3579,1.45679072140035
891,3776,1.04772742118145
891,3840,3.38704397689891
892,896,-0.848362395582706
892,897,-0.476529579810635
892,899,-1.16364960307095
892,900,0.182548694161367
892,902,-1.07945107823136
892,1081,0.0543817399283523
892,1915,-1.18543294790552
892,2190,-1.90609036036157
892,2583,-0.835800565466632
892,2597,0.159204374385004
892,2852,-0.696595831271412
892,2921,-0.52770732820166
892,3596,-0.103724935452575
892,3728,-0.972118735272678
893,894,-0.684004841775597
893,899,-1.48826306930344
893,903,-0.146143545358176
893,1018,-1.09075434655696
893,1425,-0.353595869938916
893,1676,0.700917565101874
893,1778,-0.446580957953886
893,1792,-0.359810289176257
893,1949,-0.560533723104625
893,2009,-0.626724026863366
893,2041,-1.94725991688178
893,2312,-0.0694251226384176
893,2430,-1.30236075734302
893,2444,-1.48852569771447
893,2465,-0.185516095506805
893,2996,-0.876053832056456
893,3027,-0.277821633926848
893,3204,-0.856758723044414
893,3206,0.0568925893474311
893,3570,0.403290645466844
893,3865,0.302805893694474
894,897,-0.117138204267524
894,898,0.21038818793319
894,907,-0.201095176424358
894,981,0.529873275611982
894,1269,0.638378415387523
894,1297,-0.601308135118103
894,1416,0.201790198230259
894,1718,1.07020745039702
894,1745,0.14190703959828
894,1925,-1.27745859773785
894,2039,0.289567184832315
894,2317,0.640947137162073
894,2720,0.136170847112407
894,2757,1.0754872518281
894,3015,-0.973644727583933
894,3317,-0.817467215234204
894,3877,-0.487182684728048
895,905,-0.389528008650427
895,906,0.142798782587088
895,1135,-0.0886733422364483
895,1299,-1.53712672167661
895,1581,0.290118799167287
895,1653,-1.0151529938617
895,1829,1.02585012039775
895,1855,-0.912789603430053
895,2352,-1.39478489414539
895,2596,-0.966771229475272
895,2622,0.0496135746362391
895,2670,-1.09694856280213
895,2740,-0.103626194596666
895,2850,-0.581023204970168
895,2871,-0.181705977197848
895,2932,0.567657765894101
895,3210,2.02306576892929
895,3656,0.170271517847551
895,3699,0.2172109800328
895,3755,-0.77243404950075
895,3795,-0.104873975184081
895,3928,0.243456917856558
896,901,1.69187921873814
896,904,1.90826878972931
896,905,0.345527487679916
896,907,0.287875843615237
896,909,-0.393434478582031
896,1121,0.233088230418916
896,1262,0.0183009604600694
896,1435,0.464070511666836
896,1838,0.943604646295473
896,2126,-0.144798833245276
896,2446,-0.536473351050872
896,2620,-0.160649607677109
896,2675,0.170556286992685
896,3181,0.0049115148603559
896,3317,-0.32849619519461
896,3343,-0.122737874179383
897,903,0.654999500684944
897,904,1.53643597395724
897,906,0.50602146314536
897,909,-0.765267294354102
897,1363,0.0741215991369957
897,1467,-0.976239384687347
897,1484,0.375141522133746
897,1569,-0.296769314997084
897,1586,0.0809402648752646
897,1970,-0.648121065507768
897,2416,1.04346843421121
897,2714,-1.06500396784625
897,3259,0.792707688735359
897,3526,-0.0402617575019913
897,3622,0.0411044289411236
897,3868,0.136100539276008
897,3969,0.279150747051878
898,904,1.20890958175653
898,907,-0.411483364357547
898,910,-0.0845122779864948
898,923,0.224887479171638
898,985,-0.57939669829204
898,1052,0.32663630252807
898,1143,0.452828762106828
898,1452,-0.92891468711127
898,1468,-0.588647592993674
898,2108,-0.630228596661746
898,2239,0.310480024962063
898,2700,-1.06152077531439
898,2790,-0.0403728995685726
898,2824,1.14145429462753
898,2976,0.661762939092428
898,3126,-1.36991846470106
898,3242,-0.387094818836165
898,3283,0.379989204299215
898,3298,-0.322729263198799
898,3621,-0.553965095138896
898,3628,0.505282570662087
898,3921,-0.0173223003818491
899,900,1.34619829723232
899,910,0.930134137474534
899,1049,0.570839388953688
899,1074,0.961091841584647
899,1239,0.493810959156306
899,1362,-0.115110511944193
899,1370,0.66584901512951
899,1421,-0.730396181362031
899,1516,1.07342874675223
899,1534,0.131513481192302
899,1551,0.790604581048123
899,1722,0.886057286467718
899,2452,-0.104885554593077
899,2871,0.86863672662074
899,2977,0.791000671406399
899,3228,0.477372900895945
899,3237,-0.0153869610041143
899,3244,0.877100732060507
899,3282,0.120589811360793
899,3322,0.682950241592127
899,3513,0.318102712263011
899,3967,0.879404273612821
900,903,-0.0040787732870578
900,906,-0.153056810826642
900,908,-1.29642119352527
900,909,-1.4243455683261
900,912,-0.939050716357616
900,1387,0.157445713738051
900,1516,-0.272769550480089
900,1563,-2.18143368981752
900,1601,-0.241744119492169
900,1841,-1.05306769120316
900,1993,-1.09555244467041
900,2063,-0.900541016314065
900,2897,-0.805669596068918
900,3020,0.512267507872483
900,3052,-0.777950951424802
900,3509,-0.603311815750025
900,3615,-1.04333730170967
900,3971,-1.15373197349052
900,3974,-0.948310061642363
900,3979,-0.530368717566899
901,907,-1.4040033751229
901,920,-2.19393918115581
901,1629,-0.624740839242212
901,1934,-0.890525821849892
901,1973,-1.94443549044878
901,2047,-1.21408450160556
901,2218,-0.861212345654123
901,2384,-1.88391043913835
901,2404,-0.905467070850135
901,2503,-1.72084597077022
901,2533,-0.436455349137833
901,2983,-1.03103716558867
901,2989,-0.539657184072472
901,3029,-0.621091959624741
901,3399,-0.94062193756265
901,3698,0.151969107437297
901,3957,-0.376931219889558
902,905,0.576616170328573
902,906,1.10894296156609
902,912,0.322949056035114
902,1140,0.683320721576765
902,1276,0.0099650841567031
902,1498,1.80701237657324
902,1847,1.25079958943327
902,1903,0.390114798544459
902,1967,0.809337237495681
902,2188,0.766269303639943
902,2395,0.35221335740636
902,2450,0.831404160729112
902,2475,-1.26693583243286
902,2607,1.05345299030901
902,2810,-0.48564758326168
902,2812,-0.212968830222795
902,3284,1.52609868947222
902,3348,0.960448249722227
902,3860,-0.0657322881484731
903,904,0.881436473272298
903,907,-0.738956472841778
903,911,-0.926919702639956
903,1123,-1.76627920104837
903,1168,1.78178593217672
903,1218,-1.43588185028924
903,1564,0.102904397270174
903,1610,-0.0976562732360922
903,2041,-1.8011163715236
903,2456,-0.445131905692315
903,2879,-1.22506562161463
903,2962,-0.0666904125634805
903,3300,-1.41285329594387
903,3386,-0.342536057495849
903,3641,-0.718823198385431
903,3714,-1.29709518562566
903,3727,-0.474662384685523
903,3785,-0.997387173538728
904,905,-1.5627413020494
904,908,-2.17377889351051
904,909,-2.30170326831134
904,911,-1.80835617591225
904,914,-1.40266020042566
904,915,-0.459835465299844
904,917,-2.06873562351099
904,1002,-1.30771382126991
904,1224,-0.826595136799691
904,1382,-2.5130116692937
904,1466,-2.11598222134354
904,1503,-1.17975952974773
904,1754,-3.0762415191177
904,1758,-2.50905259052013
904,1833,-0.0283691064677084
904,2142,-1.53278656388868
904,2596,-2.13998452287424
904,2627,-2.61006407889625
904,2698,-2.06491028669703
904,2701,-2.03721081464338
904,3226,-0.395648872936026
904,3644,-1.60604809670354
905,909,-0.738961966261948
905,915,1.10290583674955
905,1179,1.38167429246018
905,1265,-0.495015419299621
905,1283,0.136825929886072
905,1348,-0.406638185056949
905,1899,0.39062562156835
905,2637,0.271371538512911
905,2760,0.348670961313857
905,3214,1.30712432222804
905,3373,1.06689161482566
905,3517,-0.896471843338589
905,3726,0.100145759943247
905,3764,-1.07254667833221
905,3766,0.54033232769514
906,908,-1.14336438269863
906,910,-0.263007348931141
906,911,-0.777941665100372
906,912,-0.785993905530973
906,917,-1.03832111269911
906,918,0.44424148667683
906,919,0.497113820827432
906,952,-0.374238968650501
906,1078,-1.25117303649726
906,1381,0.0468715445912313
906,2462,0.304360882766327
906,2506,-0.449169484358271
906,2938,-1.06692922832421
906,3443,-0.0609132748919098
906,3611,-2.53321107135194
906,3741,-0.344157411550846
907,911,-0.187963229798178
907,915,1.16055748081423
907,918,1.03421992197902
907,927,0.287587041255169
907,1129,-0.279579163239832
907,1159,-0.218093785930146
907,1431,-0.0397742119277259
907,1982,1.14039077648397
907,2040,-0.272363696996047
907,2071,-0.0513789120917273
907,2116,-0.51792410480568
907,2341,-1.00042450662821
907,2443,-0.0939604281427089
907,2535,-0.305112944399836
907,2720,0.337266023536765
907,2809,0.482966269038373
907,2913,-0.147763415053236
907,2943,-1.11292610088645
907,2969,0.647999036214512
907,3113,0.286300231236389
908,910,0.880357033767491
908,912,0.357370477167659
908,914,0.771118693084859
908,1526,1.83538571229378
908,1651,-0.088444234676319
908,1665,1.29204842834979
908,1938,-0.728840767282563
908,2584,-0.0379677425736948
908,2714,-0.427661048292975
908,2924,1.44965495993282
908,2953,1.76492488633144
908,3041,0.410659352482422
908,3084,0.692297812312713
908,3138,1.06381128504606
908,3259,1.43005060828863
908,3363,-0.531331708470918
908,3447,0.96011775558721
908,3695,1.31831293448877
909,914,0.899043067885689
909,916,0.491755531581283
909,917,0.232967644800352
909,921,0.825640729252803
909,922,1.53748603179535
909,1521,0.141563013630934
909,1693,1.79433243120297
909,1780,0.542513325164413
909,2157,-1.16061036485469
909,2177,0.387571300672222
909,2408,1.27438440858441
909,2921,0.714089545963077
909,3142,1.45597935089685
909,3338,-0.491987948820108
909,3372,2.19069439737387
909,3518,1.07330052847718
909,3573,1.55254118694055
910,911,-0.514934316169231
910,912,-0.522986556599832
910,923,0.309399757158133
910,1746,-0.937542995387082
910,1806,0.379416259040143
910,1940,0.330641923337679
910,1958,1.00592318643958
910,2077,-0.6962229072391
910,2197,-0.0617862883753005
910,2273,0.47096632930963
910,2356,-0.901651523586744
910,2675,-0.444290642993604
910,2960,-0.189578524089141
910,3133,0.4371210327525
910,3236,0.399611187313032
910,3313,-0.798457742673347
910,3622,-0.201909685273095
910,3845,0.216096155169505
911,915,1.34852071061241
911,916,-0.0015915608178068
911,918,1.2221831517772
911,922,1.04413893939626
911,1175,-0.104275569871791
911,1191,0.721902083480382
911,1422,-0.36600998257463
911,1514,-0.84987783685465
911,1643,-0.0893668822669284
911,1696,-1.37031303395061
911,1810,1.32815726286513
911,2998,-0.0985176342351311
911,3138,0.6983885674478
911,3529,0.666349710498785
911,3634,1.05518915242487
911,3817,0.473211206224681
911,3996,0.148872804720802
912,913,1.5908292763122
912,917,-0.252327207168137
912,921,0.340345877284314
912,924,-0.648177807766073
912,1348,-0.15297107076349
912,2170,-0.192866270401623
912,2331,-1.48681764177336
912,2398,0.183414431468929
912,2665,1.07380104977466
912,2686,-0.507189108575927
912,2717,1.62726976120198
912,2750,-0.24069815672759
912,2853,0.23122433650964
912,3153,-0.420605933117874
912,3625,0.901230599231181
912,3705,0.164392343260527
912,3903,-0.41460603018652
913,914,-1.177081060395
913,919,-0.307721549953797
913,923,-0.758442962554238
913,1039,-0.959351311183262
913,1762,-1.80165714701477
913,1798,-0.436644484749114
913,1903,-1.52366353380286
913,1994,-1.7294559588652
913,2035,-1.5155899608636
913,2158,-1.36922841711003
913,2231,-0.980154262122083
913,2366,-0.833008613757851
913,2547,-1.22589033460874
913,2731,-0.634753478568897
913,3147,-1.14697395957355
913,3746,-1.98310215995042
913,3952,-0.538217814755097
914,915,0.942824735125812
914,916,-0.407287536304406
914,921,-0.0734023386328865
914,924,-1.06192602368327
914,925,1.52280100785847
914,1647,-0.388648594787336
914,1664,1.00439965549357
914,1732,0.459116237246207
914,1782,1.31609951457358
914,1808,-0.0098250243142918
914,2167,-0.29607625045175
914,2272,-0.14089351339726
914,2626,1.1848066508553
914,3516,-1.47062957191372
914,3696,-1.32260739232009
915,923,-0.524186637285047
915,927,-0.872970439559063
915,1065,-2.79131562048269
915,1269,-0.321083889002352
915,1517,-2.66772582882325
915,1540,-0.996405796737658
915,2022,-0.694567370723263
915,2205,-1.97808386838487
915,2275,0.0690633103363231
915,2513,-0.2739215412695
915,2538,0.14747093015965
915,2558,-1.90867989911095
915,2605,-0.862638176091507
915,2639,-0.783588156518194
915,2926,-0.423636470713497
915,3001,0.222805300551216
915,3387,-1.49905753820519
915,3508,-1.36990937493367
915,3755,-1.48581187759988
915,3850,-0.62457891377417
916,990,1.44821314564601
916,1045,1.05084151620522
916,1167,0.403093546937293
916,1552,0.898795990264756
916,1811,0.665545420304892
916,2143,1.36051954161844
916,2567,1.17906185546542
916,2712,-0.169884902050913
916,2779,-0.0009289801389792
916,2781,-0.753983657661654
916,2844,0.997299502537705
916,3277,0.596020011195248
916,3280,-0.520027449054638
916,3676,0.0887074327406177
916,3873,0.0663537287368303
917,919,1.53543493352654
917,921,0.592673084452451
917,923,1.0847135209261
917,927,0.735929718652086
917,929,1.56772133414678
917,974,-0.505277952412653
917,1136,0.243370287271804
917,1181,1.03280055229614
917,1250,0.400197329371482
917,1280,0.268787442888132
917,1297,0.0481297187031709
917,1408,0.593407652034766
917,1557,0.543106634238461
917,2028,0.617051729129544
917,2501,0.896131811349177
917,3054,-0.400137618623647
917,3191,1.3203519287958
917,3249,1.29247972507032
917,3700,0.129135118343857
917,3924,0.274874341299326
918,919,0.0528723341506026
918,923,-0.397849078449838
918,924,-1.87841319997388
918,929,0.0851587347708431
918,930,-0.621137551874702
918,982,-0.809764239698089
918,1246,-1.02299141859325
918,1333,0.229325402620124
918,1337,-0.861363478627705
918,1364,-0.487281902494142
918,1706,-0.813629800904184
918,2262,-0.858251290543012
918,2394,-1.60090105771822
918,2528,-2.23026893675325
918,3549,-0.892367760308189
918,3659,-0.875208714576241
918,3695,-0.269292934886693
918,3801,-0.4489930434428
918,3847,-0.416055729119192
919,923,-0.450721412600441
919,927,-0.799505214874457
919,930,-0.674009886025305
919,1055,-0.0667751951341937
919,1654,-1.19124551726995
919,1752,-1.22239323274925
919,1884,-0.672228037631818
919,1949,-0.762525961034297
919,1982,0.053298520354343
919,2074,-1.06609151443264
919,2100,-0.260064950967198
919,2594,-2.2157123869263
919,2727,-1.01565529405388
919,2744,-1.5498402583209
919,2799,-0.0277840493878309
919,2974,-1.61285618795868
919,3015,-1.8596418072892
919,3028,-0.942562113949323
919,3408,-0.466631258090401
919,3657,-1.63880359772247
919,3689,0.575197332488208
919,3863,-1.48923873291629
919,3905,-0.594246233907775
920,923,1.4263066495621
920,925,2.5304695595798
920,927,1.07752284728808
920,971,0.801032355433864
920,1157,-0.275801391822698
920,1184,0.725653882904881
920,1314,1.16979727082655
920,1418,1.52675360651825
920,1540,0.954087490109485
920,1929,1.72228651657735
920,2399,0.819038672552481
920,2539,1.2036253427471
920,2711,2.15812406146509
920,3028,0.934465948213213
920,3192,1.06224488276388
920,3194,-0.142382590599049
920,3341,0.61163829587057
920,3511,1.49242906352529
920,3602,2.00909658707458
920,3826,0.774176142461084
920,3896,1.12764530217464
921,926,0.218602652850402
921,927,0.143256634199635
921,928,0.0159683555576591
921,929,0.975048249694332
921,932,-1.10116582275102
921,1034,-0.214501275794295
921,1443,0.784351033067921
921,1624,0.463230123695929
921,1683,-0.0108132048752928
921,2360,0.695324162770841
921,2485,1.29298736200823
921,2838,0.256006157004952
921,2893,0.841965933079651
921,2982,-0.200065042046772
921,3643,-0.242148487045891
921,3752,0.523514438283485
921,3804,0.732455943840713
921,3814,-0.641313218881401
921,3838,-0.275866002214879
922,928,-0.695876946984886
922,929,0.263202947151787
922,930,-0.443093339493758
922,1098,1.39469341246331
922,1116,0.36057963676933
922,1124,1.1885718952099
922,1218,-1.55310108704554
922,1610,-0.214875509992393
922,1798,0.10199361173623
922,1926,-1.05923126999236
922,2155,-1.20200440373213
922,2627,-1.84584684238026
922,2757,0.420406718654382
922,2899,-0.907456416886483
922,2992,-0.888434635050828
922,3164,-0.546064142553913
922,3360,-0.173625393660517
922,3560,-0.0690740327292428
922,3742,-0.808776632158671
922,3767,-0.773799700838752
923,925,1.1041629100177
923,927,-0.348783802274016
923,931,-0.072979226038886
923,932,-1.59320625922467
923,948,-1.66660284288036
923,1371,0.380039303437673
923,1785,0.594931063358492
923,1787,-0.705419170436149
923,1846,0.0179034963693429
923,2156,-0.74655050806225
923,2600,-2.30475591438874
923,2682,-0.767848974381534
923,2914,-0.300716907747639
923,2924,0.259898169007197
923,3033,-1.30618767846205
923,3342,-0.38931039762406
923,3669,-0.113590502531347
923,3850,-0.100392276489124
924,928,1.00449204060805
924,930,1.25727564809917
924,932,-0.11264213770063
924,934,0.503607731931413
924,936,0.104334096360768
924,1076,1.63844706959896
924,1346,0.869345644372805
924,1376,2.88494883698402
924,1833,2.43621711764122
924,2262,1.02016190943086
924,2721,0.111782831370813
924,2919,0.902384982562807
924,3130,1.23621174972559
924,3744,0.9341846938418
925,927,-1.45294671229172
925,935,-1.84307023053297
925,938,-0.908119030054239
925,1124,0.304213851261094
925,1236,-1.97137253116035
925,1447,-2.44994525402191
925,1607,-2.63062367918988
925,1745,-1.39753153752425
925,1830,-0.357889825899169
925,2130,-0.772729571406912
925,2554,-1.64258639918626
925,2580,-1.28495247853659
925,3122,-1.87089995299419
925,3178,-1.8420162903698
925,3272,-1.13961297040279
925,3558,-1.41455777957415
926,927,-0.0753460186507675
926,930,0.0501493101983845
926,931,0.200458557584363
926,932,-1.31976847560142
926,935,-0.465469536892018
926,1574,0.308647045289099
926,1640,0.287442678352486
926,1969,0.195266930022197
926,2116,-0.880857164711617
926,2580,0.0926482151043611
926,2692,-0.4142464433693
926,2905,0.668426603223523
926,3095,1.19089751041853
926,3426,-0.615091063809996
926,3619,0.712946434665417
926,3621,-0.505414790687286
926,3653,-1.27771928607564
927,928,-0.127288278641976
927,933,0.0003324266912569
927,934,-0.628172587318609
927,935,-0.390123518241251
927,938,0.544827682237479
927,1383,0.269036232387546
927,1787,-0.356635368162133
927,1831,1.20136461386962
927,2676,0.0586836178303129
927,3039,-0.523232084829156
927,3372,1.22179703392143
927,3575,-1.59512904872885
927,3759,-0.314382077272009
927,3833,-0.72165431671216
928,929,0.959079894136673
928,930,0.252783607491128
928,931,0.403092854877106
928,932,-1.11713417830868
928,936,-0.900157944247278
928,938,0.672115960879455
928,976,0.924225219131843
928,1172,-2.38429135586696
928,1547,0.0219143913104848
928,1585,0.947143846545241
928,1859,-1.39910562619234
928,2007,1.17025449857592
928,2396,-1.17267494083831
928,2401,0.211378551146317
928,2458,0.322266566300624
928,2545,-0.0755165150292212
928,2617,0.742442312855898
928,2958,0.539463715569022
928,3213,-1.2308535084849
928,3264,-0.633220793106507
928,3279,-0.226239579932853
929,934,-1.45996420281331
929,938,-0.286963933257218
929,939,-0.61630692495102
929,941,-0.914632072001351
929,1346,-1.09422629037191
929,1378,-1.43258090794069
929,1500,-1.22068008934625
929,1696,-2.67765492049866
929,1963,-1.71248232145758
929,1966,-1.57206622773954
929,2491,-1.55787950158435
929,2729,-0.768344989290418
929,2894,0.374984962952975
929,3168,-1.89289493907284
929,3174,-0.506802167481555
929,3278,-0.605467255298638
929,3501,-1.69874232676039
929,3510,-0.697096336910509
929,3599,-0.233477351946289
929,3992,-0.797739512977713
930,931,0.150309247385978
930,932,-1.3699177857998
930,934,-0.753667916167761
930,935,-0.515618847090403
930,941,-0.208335785355806
930,1102,-0.389862762945082
930,1480,1.10291856089789
930,1696,-1.97135863385311
930,1759,-1.05340334989229
930,1886,0.0182777683045176
930,2273,0.384855045576361
930,2410,0.480075522841862
930,2623,0.672318380047872
930,3043,-0.657973692130838
930,3161,-0.18344227345139
930,3798,-0.639870372721423
930,3920,0.154974934166246
931,932,-1.52022703318578
931,938,0.269023106002349
931,1145,-0.40026344681761
931,1418,0.173426182995037
931,1762,-0.970234958421648
931,1790,-1.67134105995842
931,1822,0.434606571029117
931,1917,-1.07421562365031
931,2052,0.14694231303143
931,2349,-0.392818473695846
931,2448,-0.34941229354046
931,2554,-0.465444263129674
931,3000,0.582876822003493
931,3114,-0.806912622606274
931,3222,-0.356964205061401
931,3385,0.0623484575625528
931,3562,0.0129926229400858
931,3573,0.307839247252983
931,3694,-0.0635939613698591
931,3912,-0.671797451434624
931,3926,0.11257721943096
932,939,1.45990714749433
932,943,-0.6243682078772
932,1162,1.35874122242982
932,1540,1.12098709977206
932,1779,0.3310188359021
932,2172,-0.0826122599940974
932,2183,0.164860779865814
932,2581,0.859746149758944
932,2840,0.568567234338504
932,2910,1.07816024022895
932,3050,0.751606863331037
932,3276,1.35797348709103
932,3575,-0.350706591778203
932,3618,2.71513713454137
932,3866,1.83151495401223
933,938,0.544495255546222
933,941,-0.0831728831979109
933,942,-0.364195026120627
933,944,-0.75179784343273
933,945,-0.273266208890083
933,981,0.443048984089914
933,1143,0.576392658517949
933,1324,-0.152642237461548
933,1430,-0.6493002649672
933,1516,0.182346227702321
933,1837,-1.37860417611502
933,1965,-0.441069287712987
933,2038,-0.251045754874599
933,2197,-0.0227346699506744
933,2623,0.797481282205767
933,2851,-1.04979020379083
933,2857,-0.0796381423795218
933,3084,-0.149007603030152
933,3170,0.832040676420407
933,3569,-0.608161557273437
933,3785,-0.546350168643376
934,937,0.851565337886562
934,945,0.355238805119783
934,946,1.62867783569619
934,947,0.891832976581364
934,1064,0.820887831730356
934,1266,0.425905014122508
934,1333,1.60413087066259
934,1817,-1.08661672076071
934,2578,-1.58356206471487
934,2780,0.120602514040926
934,2857,0.548866871630344
934,2920,-0.387449817011668
934,3055,0.0989751944157737
934,3077,0.407062711293844
934,3505,1.16883626792266
934,3607,-0.451846626329388
935,937,0.613516268809204
935,942,0.0262609188118807
935,948,-0.927695522365094
935,960,-0.30580216650394
935,1402,-0.991145737656458
935,1452,-0.414894845767641
935,1544,0.540596321397249
935,1732,0.779385459920709
935,2120,-0.450529070959563
935,2288,0.470821724487658
935,2303,0.964561374973047
935,2490,2.11949418119765
935,2926,0.839457487086817
935,2950,-0.163219084711231
935,3477,0.194520079755688
935,3664,-0.107654732123804
935,3729,-0.0328687949757971
936,937,1.25083897345721
936,938,1.57227390512673
936,943,-0.841344441938598
936,945,0.754512440690428
936,947,1.29110661215201
936,948,-0.290372817717091
936,980,1.56740557149453
936,1233,0.658288464351375
936,1273,1.47189802400263
936,1288,0.112998208542458
936,1570,-0.419054614297813
936,2040,0.467495484638038
936,2526,1.3852751867853
936,2532,0.415593884767308
936,2630,0.152775010644214
936,2742,2.0555752753152
936,2989,1.60420537268452
936,3190,0.564561245418947
936,3400,-0.0165489639937418
936,3527,1.92474298752079
937,939,-0.0079080600242758
937,944,-0.974858167309426
937,945,-0.496326532766779
937,946,0.777112497809626
937,947,0.0402676386948027
937,949,-0.446132171856231
937,1049,-0.543303453972916
937,1095,0.421444177214862
937,1388,-1.00898155266471
937,1408,-0.365914817185273
937,1703,-0.897599903021086
937,1738,-0.203359803013369
937,2173,1.01943973393472
937,2231,-0.0963202478617821
937,2493,-0.0175158327163503
937,3659,-0.35196858442034
937,3940,-1.07336458518958
938,941,-0.627668138744133
938,946,0.455677566140099
938,947,-0.281167292974724
938,1090,-0.179949216939623
938,1115,-1.20770126449602
938,1200,-0.935808719261668
938,1278,0.464972870938008
938,1626,0.154757307004698
938,2005,-0.645398128963759
938,2433,0.0966843701993546
938,2457,-1.36723174658479
938,2519,0.342913376339298
938,2869,-0.148137543375733
938,2975,-1.56323062421428
938,3243,0.0714816711374788
938,3475,-1.66351954261604
938,3745,-1.30679089164053
938,3764,-1.84730975776018
938,3813,-1.13355285238129
939,941,-0.298325147050331
939,947,0.0481756987190785
939,948,-1.53330373115002
939,950,0.135539632209681
939,1188,-0.134750384532146
939,1278,0.79431586263181
939,1310,-1.03060228139782
939,1442,-0.918479533184907
939,1512,-1.425640882272
939,1514,-1.54091279845167
939,1526,0.778928033098491
939,2006,-0.49573640901808
939,2157,-2.3449924188508
939,2240,-0.192470112394759
939,2530,-0.20873179553098
939,2792,0.41763009919612
939,3278,0.010839669652382
939,3820,-2.09037814089985
939,3826,-0.518831395370673
940,952,0.0331575382613116
940,1168,2.33816047662812
940,1338,0.68562280994209
940,1342,-0.846200731097345
940,1358,-0.966800493437514
940,1497,0.431019492704531
940,1581,0.554716523492012
940,1843,-0.421530877325719
940,2053,0.2233677833757
940,2095,-0.510089200646755
940,2295,0.0841468435144763
940,2359,-0.581923434784776
940,2459,0.480591149224781
940,2597,0.537108997962092
940,2643,-0.511380068387685
940,2660,-0.863248010899699
940,3472,-0.17940714108121
940,3613,0.0895678408597776
940,3636,-0.599685588072552
941,945,-0.190093325692172
941,953,1.00072541214391
941,1047,1.3047087130569
941,1162,0.19715922198582
941,1165,-0.837754294669691
941,1389,-0.799033531611909
941,1482,-0.096208019776382
941,1506,0.805023922258498
941,1585,0.902696024409919
941,1727,-0.930154470112223
941,2271,0.445903947092397
941,2386,0.551011079745201
941,2649,0.518706013382945
941,2893,0.78154975538667
941,2960,-0.0673540224666042
941,3196,-0.736970221686132
941,3619,0.871132909822839
941,3853,-1.34277158875797
942,944,-0.387602817312103
942,945,0.0909288172305439
942,946,1.36436784780695
942,948,-0.953956441176975
942,950,0.714886922182729
942,953,1.28174755506662
942,954,0.420825023775248
942,1434,0.338425567211028
942,2479,-0.451141894350341
942,2672,0.510874634983103
942,2846,-0.526743011842477
942,2950,-0.189480003523111
942,2970,1.22666726831472
942,3042,-0.784107179387426
942,3177,0.634138969420016
942,3398,0.126429656162337
942,3414,-0.0856104300611229
942,3876,-0.063292429005738
943,945,1.59585688262903
943,954,1.92575308917373
943,955,2.60551730437591
943,1016,0.875243556795384
943,1067,3.02633019959285
943,1082,1.05958486638408
943,1635,1.87512157789184
943,1968,1.31125216163016
943,2011,2.3822399869493
943,2088,1.40530423632071
943,2108,1.36245839126848
943,2530,1.87554355984055
943,2664,2.15573994413733
943,2993,1.15819639844607
943,3117,1.23937266221103
943,3885,1.81283834826415
944,945,0.478531634542647
944,947,1.01512580600423
944,948,-0.566353623864872
944,949,0.528725995453196
944,950,1.10248973949483
944,957,2.2758852554153
944,1049,0.43155471333651
944,1205,1.22581597258506
944,1674,0.673407110341006
944,1793,0.832197419651498
944,1810,1.60407240855325
944,2128,0.410009568936318
944,2205,-0.353648012084329
944,2731,1.22393870300083
944,2985,0.821553730720649
944,3128,0.616801356614465
944,3353,1.32491085298167
944,3785,0.205447674789354
944,3908,0.355456924503418
945,946,1.2734390305764
945,948,-1.04488525840752
945,953,1.19081873783608
945,1130,-0.670606558245012
945,1465,1.26211102179085
945,1634,-0.598212161062923
945,1795,-0.0254042413621622
945,1987,-0.262597025029343
945,2000,0.783700538577349
945,2203,-1.49840939075378
945,2724,-1.624668579814
945,2930,1.04656353691904
945,3249,0.829483788617061
945,3323,1.02347608779271
945,3391,1.04999197969935
945,3493,-0.382179746064649
945,3519,-0.552274211285798
945,3808,1.570950983633
945,3819,-0.388406006757803
946,948,-2.31832428898392
946,952,-1.07235282298106
946,956,-1.65108500048823
946,1100,-1.28990883027246
946,1239,-1.39744438157992
946,1459,-1.16502232640525
946,1591,-2.84231250889663
946,2021,0.608558082712358
946,2858,-1.40797464513708
946,2979,-0.976098992806021
946,2984,-2.59133992168654
946,3244,-1.01415460867572
946,3285,-1.79796631077969
946,3495,-0.335200187003527
946,3498,-1.68441626640283
946,3665,-1.24389679586231
946,3702,-1.73361481978178
946,3992,-0.966453145860594
947,956,-0.914240141373405
947,960,-0.959586074007946
947,1289,0.84627182330925
947,1330,-0.0390441005779057
947,1426,0.0540734306532105
947,1485,-1.00663135547434
947,1740,-0.532599409449442
947,1937,-1.14934115959828
947,2319,0.170926958866179
947,2414,-0.902424852742307
947,2611,-0.913098828804403
947,2928,0.527257668098251
947,2970,0.599144279622591
947,3352,-1.05690107779567
947,3486,0.389103387232792
947,3606,-0.765794195341328
947,3707,-1.97181311816998
947,3763,-1.63583665463105
948,949,1.09507961931807
948,955,2.05454568015441
948,956,0.667239288495696
948,957,2.84223887928017
948,960,0.621893355861154
948,961,1.99899724885855
948,1045,1.89151872494041
948,1165,0.39722428943
948,1502,1.63490562978153
948,1687,0.826119286469802
948,1804,1.75609743750893
948,2312,1.84590689491271
948,2411,2.82154854395317
948,2755,1.23931745741494
948,3095,2.58406256967564
948,3227,1.17984647622934
948,3254,0.946841083164684
948,3691,1.77653404698971
948,3868,1.25028951078402
949,951,0.859107136708721
949,953,1.14062437692553
949,954,0.279701845634156
949,956,-0.427840330822371
949,1886,0.366512518441947
949,2292,-0.18451688082263
949,2315,-1.08639197680534
949,2662,0.828014945975396
949,2722,-1.01981267822172
949,2833,0.20448857491945
949,3019,0.429293436498664
949,3392,0.688233742975112
949,3426,-0.317005623870951
949,3663,0.695354199742399
949,3886,-0.85874792343419
950,952,-0.422871897356836
950,957,1.17339551592047
950,959,-0.346827042021737
950,1356,-0.143200088242643
950,1501,-0.306335503350706
950,1564,0.203249506103424
950,1664,0.583521037173463
950,2018,-0.209459824528858
950,2410,0.254546528937656
950,2466,0.206705962885466
950,2478,-0.974806610835514
950,2653,-0.734114177243448
950,2764,-0.0575421659238243
950,2798,0.806522927748883
950,3115,-0.849106052473447
950,3361,-0.901474298373795
950,3429,-1.42887723346509
950,3477,-0.546627761238921
950,3538,-2.173684048912
950,3770,-1.30648712120561
950,3785,-0.897042064705478
951,953,0.281517240216811
951,955,0.100358924127618
951,957,0.888052123253385
951,959,-0.632170434688822
951,960,-1.33229340016563
951,964,-0.913965690446907
951,1072,-1.42953525276848
951,1516,-0.453689061026865
951,1615,-0.842356287784166
951,2358,-0.8680037930369
951,2561,-0.60569493878002
951,2566,-1.5035778230978
951,2657,-1.4495204731563
951,2905,0.107404906453848
951,3430,-1.19651719299409
951,3500,-1.62230776903691
951,3816,-1.74163929616288
951,3904,-1.4294911666074
951,3922,-1.01510807324318
952,953,0.989732530240731
952,956,-0.578732177507172
952,959,0.0760448553350983
952,1378,-0.528941717842518
952,1509,-0.18638735106566
952,1806,0.490647878759503
952,2133,0.0056693189597178
952,2280,1.37318087919361
952,2448,-0.001760142701853
952,2495,-0.435628129125265
952,2648,-0.38880162007012
952,3086,0.28715978299167
952,3239,0.0044664331999899
952,3645,-0.194088696246807
952,3984,0.526882983675944
953,955,-0.181158316089193
953,959,-0.913687674905632
953,964,-1.19548293066372
953,1572,-0.988161740647237
953,1812,-1.0499648966937
953,2149,1.33511734766488
953,2885,-0.280917202475702
953,2901,-1.36347009735143
953,3083,-0.613373298663271
953,3261,-0.767295275690437
953,3286,-0.128785354625971
953,3518,-0.813481790612508
953,3537,-1.29567917112222
953,3547,-1.48097905776478
953,3629,-1.40032822380884
953,3641,-1.18533872243608
953,3643,-1.30329007688278
953,3840,0.278358715374875
953,3898,-0.575783751715914
954,957,1.46745741432795
954,960,-0.752888109091069
954,961,0.624215783906324
954,965,-2.51613059811399
954,1071,-1.2694122645398
954,1493,-1.63371509954228
954,1673,0.31576624673077
954,1775,1.87247782570178
954,1816,-0.45643102299334
954,1917,-0.855373471761062
954,1956,0.126183535835806
954,2024,-0.757412640236993
954,2360,0.495105104225328
954,2503,-0.661392061248359
954,2947,-0.205803440650654
954,3029,0.438361949897115
954,3464,0.503148971767673
954,3551,-0.283304612599622
954,3600,1.15433924890909
954,3995,-1.05344813645427
955,957,0.787693199125767
955,958,-0.408341903486207
955,959,-0.73252935881644
955,962,-1.2453644271343
955,965,-3.19589481331617
955,968,-0.999207843960321
955,1023,-1.82054735893049
955,1169,-0.659519825496871
955,1565,-0.57917536302246
955,1586,-0.859416443771132
955,1810,0.115880352263717
955,2221,-0.368633473953639
955,2361,-0.809108177680969
955,2366,-0.462508488477658
955,2761,-0.40531622170595
955,2935,-0.275150969229685
955,3018,-0.81246452137917
955,3309,-0.416915691205341
955,3404,-0.761180611943018
955,3533,-1.27739945448246
955,3564,-0.761906397671262
955,3906,-1.72669492972018
956,959,0.65477703284227
956,961,1.33175796036285
956,964,0.372981777084185
956,965,-1.80858842165746
956,967,0.315453577600226
956,968,0.388098547698388
956,969,1.22488641416323
956,1629,1.14225524673617
956,2186,0.796100747147647
956,2244,0.338934725401594
956,2466,1.20831003774947
956,2471,-0.0730806577315009
956,2990,1.92597942217726
956,3007,0.311495347837904
956,3356,0.777147246932243
956,3620,-0.41505686262573
957,958,-1.19603510261197
957,963,-1.53469202596846
957,966,-1.70454235776755
957,1064,-1.33170459426208
957,1186,0.57791208156567
957,1415,-1.67867580879126
957,1434,-1.54985687089217
957,2043,-1.30543030414769
957,2195,-2.01515447518859
957,2440,-1.03611041144806
957,2712,-2.1714465725959
957,2905,-0.780647216799537
957,2963,-1.01395378594929
957,3010,-2.6055971773057
957,3060,-2.41809471585929
957,3298,-1.72325277877025
957,3391,-0.747361641173308
957,3429,-2.60227274938556
957,3588,-1.57541390673723
957,3643,-1.90982495991935
957,3717,-1.63452518092983
957,3911,-0.527306820460704
958,962,-0.837022523648088
958,965,-2.78755290982996
958,968,-0.590865940474114
958,971,-0.604875227916069
958,1458,-0.632937559309532
958,1731,-0.0679857746646918
958,1831,0.872979877807762
958,1963,-1.20907544202473
958,2003,-0.542326726663464
958,2034,-2.0818556064267
958,2153,0.365846795579164
958,2210,-0.328767040543819
958,2318,-1.04752689362023
958,2881,0.741252496029902
958,3155,-0.706212725274241
958,3246,-0.0224379684197858
958,3306,0.639857500965831
958,3413,-0.693544680191346
958,3700,-0.935179336370083
958,3736,-0.496636921112134
959,960,-0.700122965476812
959,963,-0.0144694680262571
959,965,-2.46336545449973
959,966,-0.184319799825342
959,967,-0.339323455242044
959,970,0.28848447251133
959,1318,0.111616129814886
959,1481,-1.63409138749117
959,1795,-0.302535304292609
959,2294,0.671165508457386
959,2543,0.0777681901111704
959,2597,0.427906604365682
959,3411,-0.136233759271759
959,3591,0.88590557757504
959,3620,-1.069833895468
960,965,-1.76324248902292
960,970,0.988607437988141
960,1200,0.304944647721002
960,1301,-0.0338987501343618
960,1435,0.584533311541621
960,1672,0.243870414238195
960,1688,0.494460405905279
960,1717,0.907143563741001
960,1908,1.56297943749463
960,1945,0.757931703589433
960,2009,0.66671463482661
960,2495,0.188449981016448
960,2858,0.288456287985689
960,3133,1.17243076261357
960,3162,-0.29470672271359
960,3398,0.458492741478158
960,3562,0.984722883920407
960,3739,0.158876751701495
960,3966,-0.073975943722019
960,3978,0.613987045756762
961,967,-1.01630438276263
961,968,-0.943659412664463
961,971,-0.957668700106417
961,973,-0.98089312817649
961,974,-1.92238587931694
961,1172,-3.19275784276114
961,1179,0.47056068701749
961,1557,-0.874001292665827
961,1722,-0.685871014143136
961,1803,-0.241688568737518
961,1884,-0.553901031009563
961,2417,-0.571035953600294
961,2645,-0.482087705879221
961,2837,-1.9611183178754
961,2993,-1.39177247463398
961,3261,-0.530588528305386
961,3466,-0.479831540584133
961,3530,-2.329407616952
962,966,0.328515268492514
962,967,0.173511613075812
962,972,-0.06740965987725
962,973,0.208922867661947
962,1011,-0.0084160911660311
962,1014,0.726682426376036
962,1678,0.0156619614615465
962,1903,0.092201018611631
962,2062,0.290904038816285
962,2067,0.504697900148102
962,2089,0.693966225608781
962,2094,0.0840624666819036
962,2141,-0.490168451155022
962,2309,0.576281468456012
962,2475,-1.56484961236569
962,2652,1.48570036762577
962,3079,-0.291730664268805
962,3395,1.0732630845328
962,3537,0.130843572101264
962,3551,0.282295599332491
962,3980,-0.0645828398688224
963,964,-0.267325787731828
963,965,-2.44889598647347
963,972,-0.565775260168849
963,2160,-0.0298417177520914
963,2227,-0.293604649050863
963,2262,-0.101346222524522
963,2481,-0.500001896885016
963,2495,-0.497203516434106
963,2774,1.22551783791223
963,2917,-0.400171846673902
963,3363,-1.36203250982789
963,3377,-0.496464272638693
963,3582,0.807670928611864
963,3807,-0.286650643135215
963,3815,-0.336942732394741
964,970,0.570279728269415
964,971,0.0011074831722491
964,973,-0.0221169448978232
964,1094,0.110269617288075
964,1411,0.494353574950619
964,1462,1.32762298900932
964,1767,0.96046949997888
964,1783,0.836541189718338
964,1955,1.26609502027652
964,2371,-0.753971063361435
964,2632,0.916655914407378
964,3550,-0.161675293809911
965,973,2.15945325384382
965,975,2.58420009412384
965,1004,2.82681715068434
965,1199,2.06648059497536
965,1943,2.06920080868372
965,1971,2.49920146525172
965,2086,2.98080761849021
965,2112,3.51111354333281
965,2692,2.12026774904958
965,2757,3.4481635607654
965,2785,2.57218034869006
965,2787,3.62474052700424
965,2856,1.64015628218074
965,2860,1.95584060225878
965,3250,2.16368898474686
965,3666,2.17190053033303
966,968,-0.0823586853185395
966,973,-0.119592400830566
966,974,-1.06108515197102
966,975,0.305154439449454
966,978,-0.868057202941294
966,979,-0.889143544996798
966,1128,-0.147069815601121
966,1346,-0.0823121557834962
966,1592,0.536770063084145
966,1792,0.41782520686225
966,1905,-0.34184539576679
966,2154,-0.158020354833067
966,2770,-0.207742564615924
966,3267,-0.429428440803656
966,3285,-0.617338543308391
966,3288,0.042468508286638
967,968,0.0726449700981621
967,969,0.909432836563004
967,970,0.627807927753374
967,972,-0.240921272953062
967,978,-0.713053547524592
967,979,-0.734139889580097
967,1691,-1.39236156695158
967,2790,0.418649598044228
967,2886,0.779256604158777
967,3781,0.986191419364331
968,969,0.836787866464842
968,974,-0.978726466652478
968,975,0.387513124767994
968,978,-0.785698517622755
968,1454,-0.596479198833283
968,1539,-0.172819015452197
968,1580,0.211262718854967
968,1977,-0.181514096959722
968,2012,0.307443575853838
968,2123,-0.400520738900905
968,2246,-0.179357429919164
968,2415,-0.319626844688104
968,2768,-0.115553362349296
968,2817,0.510662592535939
968,3309,0.582292152754981
968,3705,-0.0567289638111616
969,975,-0.449274741696848
969,1140,-0.697537507994879
969,1275,-1.81230497657414
969,1325,-0.662662454060023
969,1449,-0.350839401043384
969,1916,-2.2691709379118
969,2017,-1.40752664832062
969,2420,-2.05120305942998
969,2541,-1.47696870417825
969,2762,-0.885267622125882
969,2902,-0.495357261080093
969,3067,-1.01848354719185
969,3091,-0.409031345012297
969,3117,-1.2037246646694
969,3374,-1.66967137406973
969,3973,-0.270811714268437
969,3980,-1.14752728950764
970,982,-0.355813112217186
970,983,-0.729950634700273
970,1088,0.185733975406846
970,1520,1.02417589284683
970,1557,-0.485504837656575
970,1690,-0.80684906239758
970,1706,-0.359678673423281
970,2078,-1.20962145710218
970,2283,0.0634433043123736
970,2597,0.139422131854352
970,2820,-0.145851555604812
970,2930,0.48094800147726
970,2942,0.103041672870016
970,2962,0.0919972657801774
970,3029,0.202642621000043
970,3052,-0.615184499794086
970,3453,-1.4871600551279
971,975,0.401522412209948
971,977,-0.120036699334961
971,979,-0.792775572236304
971,980,0.816449840459495
971,981,0.719871902635386
971,1064,0.469205736265963
971,1091,0.4123787700357
971,1130,-0.667049848589623
971,1149,0.206695414175534
971,1202,0.543704784920345
971,1528,-0.208898085727505
971,1543,0.507746964484332
971,1587,0.654161970288314
971,1789,-0.475403371251464
971,2337,1.0739170680573
971,2609,0.4197703777146
971,3250,-0.0189886971670346
971,3429,-0.80136241885752
971,3663,0.749105270308336
971,3711,0.615506847550529
971,3859,0.839134137173485
972,975,0.701079367819218
972,980,1.11600679606876
972,984,0.693826993284333
972,1014,0.794092086253286
972,1101,0.202301404106502
972,1279,-0.44334832336354
972,1711,1.19848004692474
972,1851,1.41959225539173
972,1909,0.298923046374345
972,2201,-0.372493840622551
972,2527,-0.335450869061846
972,2813,0.612981445511461
972,2908,0.248491810479508
972,2995,-0.0104958431086928
972,3008,0.183320410477409
972,3169,0.325086617199328
972,3336,0.705819807697876
972,3387,-0.0500396511826432
972,3614,2.34120353134178
973,974,-0.941492751140451
973,975,0.424746840280021
973,979,-0.769551144166232
973,981,0.743096330705458
973,985,-0.155785455265374
973,1038,-0.432740478573939
973,1084,0.248198483417972
973,1447,-0.697283621805902
973,1705,-0.333142231074747
973,1844,-0.156693798649434
973,2292,-0.10754138218662
973,2430,-0.405132860473951
973,2664,0.586664199233764
973,2709,-0.289339262707017
973,2943,-1.10079822221733
973,3042,-0.848254858892508
973,3114,-0.231393126446857
973,3967,0.288369101178457
974,975,1.36623959142047
974,976,2.03814461155461
974,977,0.844680479875563
974,980,1.78116701967002
974,981,1.68458908184591
974,983,0.803938789607416
974,986,0.490845089986547
974,994,0.556934182661178
974,1142,0.913372054675841
974,1166,1.03561934391229
974,1705,0.608350520065704
974,1796,1.46939493382814
974,1801,0.364136664184589
974,2111,0.61405073879529
974,2199,1.9613823879433
974,2232,1.40569576082039
974,2369,1.17090324088834
974,2408,1.54669471619671
974,2482,0.491811661747735
974,2651,1.39346085299658
974,2734,1.53558706409381
974,3322,1.03340782029821
974,3382,1.32756260647758
974,3420,1.37464730525504
975,986,-0.875394501433924
975,987,0.0589699473938557
975,1051,0.0908536817779592
975,1339,-0.304092820510752
975,1353,-0.664332176368075
975,1549,-0.736941411105378
975,1673,0.247696750720915
975,1731,0.135367041041428
975,1876,-0.216446374846894
975,2053,-0.0066692498448217
975,2216,-0.692585033396251
975,2531,-0.311316991437663
975,2723,-1.14008357413687
975,2995,-0.711575210927911
975,3123,-0.489408050158351
975,3142,0.36205006708868
975,3867,-0.564601198038077
975,3919,-0.0314934149202937
976,979,-1.86620300458039
976,984,-0.679157394669019
976,1041,-1.54031132649496
976,1430,-1.44590477876581
976,1441,-0.448338743168109
976,1717,-0.585719061494057
976,1993,-1.43704118028661
976,2673,-2.08985309783532
976,2802,-2.24659021088943
976,3003,-0.936077108339449
976,3038,0.642720262657364
976,3275,-0.858099865561368
976,3329,-0.486575498472112
976,3419,-0.987941938921384
976,3622,-0.959462580647079
977,980,0.936486539794456
977,984,0.514306737010024
977,987,0.580529058938765
977,1044,-0.0772655610320987
977,1159,-0.10915363599614
977,1332,0.576505139395183
977,1485,-0.346443775022409
977,1494,1.09511329984892
977,1572,0.326250406179192
977,1834,0.138480959924295
977,1841,-0.201092295140319
977,1976,-0.451280931095138
977,2063,-0.0485656202512224
977,2182,0.46116376072833
977,2209,-0.817824158215597
977,2342,0.720041021522827
977,2878,-0.222919781696892
977,3139,-0.0127054630259203
977,3636,-0.308163509748165
977,3913,0.345212817379654
978,979,-0.0210863420555043
978,981,1.49156113281619
978,984,1.16595926785586
978,987,1.2321815897846
978,988,0.840950697402205
978,989,0.242559866798417
978,1504,1.72661277197711
978,1971,1.08821301351863
978,2069,0.485298064507742
978,2631,1.38569929792099
978,2888,1.71525003206514
978,3087,0.658970506086924
978,3245,0.921707948930673
978,3514,0.451708073067354
978,3945,0.533445890296906
979,980,1.6092254126958
979,987,1.25326793184011
979,989,0.263646208853921
979,991,1.8085610858843
979,1169,1.14647287814171
979,1333,2.0452243474345
979,1401,1.7022697133166
979,1468,0.604514794199223
979,1709,0.70471553352238
979,1754,-0.674169550168273
979,2125,1.61702407627436
979,2168,1.00063658850212
979,2728,0.662396581832802
979,2763,1.76674895589925
979,3250,0.77378687506927
979,3431,0.484075611101252
979,3487,0.841413677041681
979,3885,1.01331374752681
979,3889,1.17322064574797
979,3963,2.1982672251697
980,981,-0.0965779378241094
980,982,-0.603090707579515
980,986,-1.29032192968347
980,988,-0.747188373238091
980,990,0.431111965169573
980,992,-0.507595602616562
980,1364,-0.280608370375568
980,1488,-1.07971740912487
980,1682,0.0852958506077109
980,2093,0.408389769321498
980,2361,-0.612340886738188
980,2374,-0.800545898119982
980,2494,0.517154141641171
980,2505,-0.515998145843706
980,2547,-0.658622918385767
980,2823,-0.886521077034396
980,3838,-0.959081985019794
981,984,-0.325601864960323
981,985,-0.898881785970833
981,987,-0.259379543031582
981,991,0.295913611012614
981,994,-1.12765489918473
981,1567,-1.57065311750359
981,1670,-0.299895150822241
981,2062,-0.661115159551121
981,2657,-1.25653416851703
981,2817,-0.195200022657492
981,2832,0.0461570522949598
981,2857,-0.522687126469435
981,3060,-1.33705628796663
981,3228,-0.856758602243877
981,3736,-0.611633595831451
981,3757,-0.761272264706903
982,984,0.180910904795083
982,985,-0.392369016215427
982,986,-0.687231222103956
982,992,0.0954951049629533
982,994,-0.621142129429325
982,1143,0.639856444183441
982,1328,0.339874693253248
982,1787,-0.293504009187898
982,2213,-0.518793969752167
982,2281,-0.161281180514013
982,2352,-1.17206092371122
982,2393,0.0631474853942001
982,2581,-0.321544948217474
982,2607,0.310032781764181
982,2745,0.477208305115013
982,2782,-0.442207236747441
983,988,0.230039856824512
983,993,0.218888461987173
983,1305,-0.306976232617612
983,1315,-0.537871854470166
983,1347,1.3560812564617
983,2149,2.69027118475946
983,2309,0.504912562327099
983,2310,0.630846737529042
983,2505,0.461230084218896
983,2668,-0.582147928922738
983,2815,-0.263682677067485
983,2834,0.378030804038786
983,3152,1.32904038514185
983,3805,0.254969639371667
984,985,-0.57327992101051
984,988,-0.325008570453658
984,991,0.621515475972937
984,993,-0.336159965290997
984,994,-0.802053034224408
984,997,0.757318110149237
984,1378,-0.718568838266844
984,1429,-0.0193665230803552
984,1441,0.23081865150091
984,2182,-0.0531429762816939
984,2268,-0.216464939471623
984,2646,-0.847029304266221
984,2955,0.995974189878397
984,3061,0.060491520063944
984,3332,-0.640822914127877
984,3410,-0.170746498290953
984,3593,-1.32066159577458
985,988,0.248271350556851
985,992,0.48786412117838
985,995,-0.37847686748983
985,998,1.43599675936818
985,1812,0.323420434133214
985,2029,-0.383640088031955
985,2219,0.815838577101728
985,2252,0.244721757939929
985,2546,-0.409537038799112
985,2609,0.598780261050046
985,2723,-0.559551278591479
985,2889,0.250829211103549
985,2918,0.248431527626656
985,3149,0.198437549285172
985,3169,0.204539544925505
985,3577,0.451600267488722
985,3907,0.905145563689044
986,1000,1.21242516396646
986,1144,1.10684554777637
986,1173,1.01076528505609
986,1183,1.4361706468288
986,1197,-0.686799210351424
986,1229,0.718292898978266
986,1257,-0.475544288584012
986,1276,-0.0462239022841683
986,1777,0.681657397315276
986,1989,1.00443577733487
986,2040,0.190411842826975
986,2071,0.411396627731294
986,2377,0.421538143489657
986,2432,0.518181935440356
986,2615,0.880447997124664
986,2620,0.0142500885306755
986,2864,-0.327973487063988
986,3318,0.691960736866189
986,3411,0.618326102538053
986,3452,-0.165929134334333
986,3468,-0.0291088589414199
986,3955,1.00215751883305
987,989,-0.989621722986187
987,991,0.555293154044196
987,992,-0.15163812176087
987,994,-0.868275356153149
987,997,0.691095788220497
987,1000,0.278060715138682
987,1234,-0.665243712915767
987,1425,0.0599152392562806
987,1503,-0.030955492638412
987,1510,-0.338436771515129
987,2205,-1.28911529657539
987,2566,-1.05121197542695
987,2734,0.110377525279486
987,3112,-0.502449750365038
987,3450,-1.14106663880988
987,3711,0.155014487946725
988,993,-0.0111513948373385
988,995,-0.626748218046681
988,1000,0.669291607521081
988,1001,-0.563783444263392
988,1655,-0.27599572079251
988,1679,0.470734864384658
988,1830,1.30228591102536
988,2457,-0.615175039714499
988,2695,-0.66087291613476
988,2764,0.500711181462345
988,3164,0.229753550421808
988,3436,-0.425650685137364
988,3463,-1.52840269236022
988,3838,-0.211893611781704
988,3990,-1.54979162188751
989,992,0.837983601225317
989,994,0.121346366833038
989,996,-0.236740909225159
989,997,1.68071751120668
989,1002,0.830711938825591
989,1142,0.477784238847701
989,1471,1.18761937169345
989,1814,-0.584804209122313
989,2338,1.29532250050989
989,2763,1.50310274704533
989,2798,1.96316710573884
989,3096,0.884987758603093
989,3100,0.639680913981777
989,3265,1.80276843373392
989,3341,0.339735303819088
989,3351,0.602051744738443
989,3358,1.55566977031637
989,3398,0.568186911969565
989,3637,0.849435040056683
989,3849,0.885770470610463
990,992,-0.938707567786135
990,997,-0.0959736578047676
990,999,-3.06098819061328
990,1000,-0.509008730886583
990,1003,0.402643002184223
990,1019,-2.30368135237428
990,1499,-1.16901106470076
990,1970,-1.82282244838096
990,2029,-1.81021177699647
990,2036,-1.49338613257765
990,2165,-0.151800665157106
990,2169,-1.30451133522473
990,2584,-1.85001204500016
990,2623,-0.173257604877829
990,2634,-1.774703270982
990,3496,-1.01712659126651
990,3553,-0.928107507036352
990,3587,-1.50030075418312
991,993,-0.957675441263934
991,997,0.135802634176301
991,998,0.241201362384729
991,1000,-0.277232438905514
991,1002,-0.714202938204792
991,1112,-0.13443041817266
991,1388,-1.52488382389054
991,1473,-1.7029670929676
991,1774,-1.04553837867191
991,2759,-0.9267849271106
991,2884,-0.927377570496567
991,3383,-0.967020517032203
992,995,-0.86634098866821
992,996,-1.07472451045048
992,1002,-0.0072716623997255
992,1003,1.34135056997036
992,1132,-0.441028121737052
992,1142,-0.360199362377616
992,1164,0.106631494482507
992,1193,-0.694462523847634
992,1366,-0.584881682099707
992,1572,-0.102640530998702
992,1707,0.597372288146089
992,1950,-0.345778545116277
992,2265,0.233275978307658
992,2861,-0.949742377948878
992,3024,-1.00417991991442
992,3211,-0.551427587362556
992,3322,-0.240163596755243
992,3541,-0.437364054250967
993,995,-0.615596823209343
993,1000,0.680443002358419
993,1006,0.719368828590721
993,1166,0.0127920923177015
993,1525,0.604270850323209
993,1543,0.449636892100266
993,1891,-0.213272547186622
993,2247,-0.236716110074664
993,2259,0.997039763329189
993,2396,-1.08158280001014
993,2438,-0.557719047758513
993,2566,-0.648829688207208
993,2736,-0.0609263387268316
993,2772,-0.650795560322298
993,2857,0.139074703781884
993,3111,0.8356629641162
993,3132,0.676808512385212
994,995,-0.149703754275932
994,997,1.55937114437365
994,1001,-0.0867389804926427
994,1004,1.05192246531979
994,1007,-0.237260935473598
994,1022,0.804082224209181
994,1197,-0.752888303026055
994,1500,0.295385014552012
994,1592,1.04092103239398
994,1641,0.118243354646378
994,1776,0.177972985792336
994,1842,0.105222007430611
994,1988,-0.342307221274273
994,2282,0.137098876591521
994,2356,-0.177993990067301
994,2394,-0.169994688590808
994,2863,-0.283387243047022
994,2866,0.269979998909789
994,3037,-0.0512847355228781
994,3447,0.803418255339163
994,3573,1.26791731189167
994,3593,-0.51860856155017
995,997,1.70907489864958
995,999,-1.25593963415893
995,1001,0.0629647737832891
995,1004,1.20162621959572
995,1005,0.611996550811322
995,1007,-0.0875571811976656
995,1008,1.30576423784058
995,1069,0.102157595202113
995,1549,0.222067751929847
995,1834,0.575931011414611
995,2362,0.364909977486479
995,2529,0.203297973657007
995,2733,1.22016512029683
995,3121,-0.0223956791605921
995,3272,1.14731098456842
995,3340,0.786683784209612
995,3435,0.823291064905165
996,1001,0.271348295565555
996,1002,1.06745284805075
996,1006,1.54334917358233
996,1007,0.1208263405846
996,1009,0.719932621506956
996,1155,-0.104578111624357
996,1566,-0.174269346579645
996,1644,-0.834409495116569
996,1807,-0.595741542410962
996,2091,-0.326628669602693
996,2369,0.972056334285354
996,2589,-0.177497372277898
996,2597,1.47446464955906
996,2678,0.397053170961197
996,2856,0.223348872874391
996,2910,0.876098547740053
996,3071,0.889320492798945
996,3220,0.378903504016129
996,3322,0.834560913695233
996,3355,0.717518730840622
996,3486,1.6951245409573
996,3668,0.155776282654409
996,3722,0.386637480172103
996,3876,0.61520573602665
997,999,-2.96501453280851
997,1002,-0.850005572381093
997,1004,-0.507448679053856
997,1007,-1.79663207984724
997,1008,-0.403310660808994
997,1037,-1.52581285825521
997,1083,-0.205662065512438
997,1134,-1.59022275772995
997,1217,-1.75115066934117
997,1551,-0.975243167280614
997,1837,-2.25336940539385
997,2175,-0.908603673045709
997,2283,-0.518972598414761
997,2584,-1.75403838719539
997,3000,-0.0164162577314628
997,3019,-0.668543640759699
997,3069,-1.78841184065188
997,3302,0.718801283026846
997,3470,-0.628751993965646
997,3561,0.456768513776482
997,3776,-2.01817054067541
998,999,-3.07041326101694
998,1004,-0.612847407262283
998,1005,-1.20247707604668
998,1048,0.0300071992726044
998,1109,-0.972657706279896
998,1475,-1.33078454177385
998,1517,-2.7752517734427
998,2145,-1.06501361701282
998,2434,-0.914941200009236
998,2634,-1.78412834138566
998,2929,-1.3377984437442
998,2958,-0.568320947251467
998,2980,-1.83443042161145
998,3371,-0.116685624517058
998,3746,-1.85637177930068
998,3780,-1.27260478633439
998,3931,-0.373240169032967
998,3960,-1.13743739314643
998,3978,-1.06243502316694
999,1000,2.5519794597267
999,1002,2.11500896042742
999,1005,1.86793618497026
999,1006,2.590905285959
999,1007,1.16838245296127
999,1009,1.76748873388362
999,1010,1.80914461534404
999,1029,1.36884589928378
999,1240,2.22926757313716
999,2240,2.11293145498734
999,2522,2.50969178045105
999,2920,1.07429447250815
999,3034,2.85521302317377
999,3699,2.46672046833116
1000,1004,-0.0944136059720404
1000,1005,-0.68404327475644
1000,1009,-0.784490725843072
1000,1013,-2.09146098270988
1000,1086,-0.630457482127668
1000,1297,-1.14986258283719
1000,1434,-0.487499615106612
1000,1519,-0.295116270913682
1000,2042,-1.75208597945576
1000,2438,-1.23816205011693
1000,2743,-0.596130579093195
1000,2965,-0.844577816086498
1000,2982,-0.805384259134677
1000,3310,0.286871911234911
1000,3414,-0.911535612378763
1001,1003,2.14472678485528
1001,1006,1.27200087801677
1001,1007,-0.150521954980955
1001,1008,1.24279946405729
1001,1012,0.374831050107072
1001,1013,-0.858385930925405
1001,1014,0.989057107686004
1001,1551,0.670866957585674
1001,1737,-0.0517642123901833
1001,2061,0.991103410340854
1001,2182,0.835649038435357
1001,2251,1.86672969432272
1001,2365,-0.152115970122688
1001,2427,0.617834517199813
1001,2744,0.0206774254497602
1001,2959,-0.627999373311871
1001,3069,-0.142301715785596
1001,3137,1.42401280473279
1001,3736,0.602760283845922
1002,1004,0.342556893327237
1002,1007,-0.946626507466151
1002,1008,0.446694911572099
1002,1010,-0.305864345083378
1002,1014,0.192952555200808
1002,1083,0.644343506868655
1002,1110,-0.537161864496169
1002,1261,-0.670404686162052
1002,1821,-0.923845851111377
1002,1847,0.419155938325219
1002,1925,-1.38904254615766
1002,1944,-0.586066971227485
1002,2007,1.01787413634495
1002,2475,-2.09857948354091
1002,2791,0.291577741606683
1002,3161,-0.0830390281912309
1002,3222,-0.106251712415263
1002,3298,-0.223925023685414
1002,3681,0.355293775436375
1002,3820,-1.89998553394516
1003,1005,-1.59569500782725
1003,1006,-0.872725906838504
1003,1007,-2.29524873983623
1003,1009,-1.69614245891388
1003,1010,-1.65448657745346
1003,1015,-1.39724781352127
1003,1016,-2.36726142399154
1003,1264,-1.9208806743247
1003,1305,-2.11795943003401
1003,1534,-2.13295092712543
1003,1671,-1.65012861291734
1003,1791,-2.08217100760426
1003,1870,-2.50280426154929
1003,1873,-1.36754227638109
1003,1990,-1.65141590160341
1003,3291,-0.876776193194494
1003,3638,-1.87949740052653
1003,3774,-1.85140574743524
1003,3869,-2.0541621063286
1003,3944,-0.826795974446263
1004,1011,-0.884702855668496
1004,1012,-0.763830395705361
1004,1013,-1.99704737673784
1004,1016,-1.3611960849487
1004,1207,-0.187041535044799
1004,1327,-0.743338559488787
1004,1496,-0.16295729812638
1004,1733,-1.54987807803354
1004,1927,-1.16762311254266
1004,2373,0.150354823563097
1004,2548,-1.46658283448631
1004,2584,-1.24658970814153
1004,3034,0.397647169419112
1004,3153,-1.27185742151805
1004,3410,-0.420615929386335
1004,3788,0.0778720438522202
1005,1009,-0.100447451086632
1005,1010,-0.0587915696262146
1005,1012,-0.174200726920961
1005,1015,0.198447194305975
1005,1017,0.145910766967687
1005,1695,0.411857557766785
1005,1953,0.845235952148566
1005,2335,0.083584013984897
1005,2370,-0.213217538755343
1005,2441,-0.629360242869578
1005,2759,0.034490786551355
1005,2796,0.496031726024814
1005,2988,0.300241900807701
1005,3013,0.0011019556736899
1005,3250,-0.0734984971530797
1005,3269,-0.57247484473644
1005,3392,0.687475013555004
1005,3875,0.649882668709141
1006,1012,-0.897169827909703
1006,1018,-0.99422977873275
1006,1019,-1.83359844772
1006,1232,-0.506170582645765
1006,1316,-0.49058638659175
1006,1580,-0.552206894677866
1006,1660,-1.53257152707305
1006,1721,-1.36691781029613
1006,2217,-0.341451072606452
1006,2293,-1.26474997462638
1006,2521,-0.673105830142965
1006,2631,-0.163468833234595
1006,2700,-1.43861286133259
1006,3216,0.0536345564903179
1006,3855,-1.87394699116034
1007,1008,1.39332141903825
1007,1013,-0.707863975944451
1007,1014,1.13957906266696
1007,1020,0.760871182233828
1007,1319,0.328976556598257
1007,1358,-0.150271182425145
1007,1787,0.564899055715025
1007,2143,1.80491213362445
1007,2283,1.27765948143248
1007,2284,1.00820771221633
1007,2561,0.95220720051758
1007,2563,1.66188674329584
1007,3925,2.19103874678441
1008,1012,-0.867968413950223
1008,1016,-1.46533410319356
1008,1067,0.68575253960391
1008,1149,-0.541582072839773
1008,1249,-0.0427281770260255
1008,2036,-0.994101813963893
1008,2084,-0.508959073060138
1008,2167,-0.83771754117959
1008,2461,-0.526259415446927
1008,2782,-0.977125590882768
1008,2823,-0.818348723590208
1008,2998,-1.04585490044957
1008,3088,-0.710368464119523
1008,3297,-0.323601001100897
1008,3852,-0.555733656770336
1009,1012,-0.0737532758343291
1009,1015,0.298894645392607
1009,1020,0.161764901311473
1009,1021,-0.0133871326904704
1009,1083,0.99186373341245
1009,1253,-0.295181393897611
1009,1687,-0.169271611181741
1009,2695,-0.545673797812769
1009,2823,-0.0241335854743142
1009,2973,-0.675822919428571
1009,3287,0.455257027779807
1009,3360,0.717391417637194
1009,3406,-0.61437971120171
1009,3430,-0.237721334618848
1009,3682,0.222047178484489
1009,3777,0.902755702080415
1010,1017,0.204702336593902
1010,1020,0.120109019851055
1010,1174,-0.547348901824146
1010,1622,-0.731742819776225
1010,1690,-0.233395047660245
1010,1758,-0.895474424166836
1010,1993,-0.359331978302363
1010,2137,1.66821078363677
1010,2320,-0.0632977572031013
1010,2465,0.692769142932365
1010,2644,0.257099864469688
1010,2822,-1.43960772070248
1010,2842,-0.318555347647312
1010,2859,0.300484425715344
1010,2892,0.894131419711876
1010,3048,0.67153227542217
1010,3418,0.518044243357707
1010,3547,-0.282321840633141
1010,3995,-0.715713450614011
1011,1012,0.120872459963135
1011,1013,-1.11234452106934
1011,1018,0.0238125091400876
1011,1020,0.356390637108937
1011,1021,0.181238603106994
1011,1067,1.67459341351727
1011,1302,-0.0111825683657383
1011,1428,0.8027736209338
1011,1492,1.04569721809238
1011,1625,1.01778631101133
1011,1786,1.01861904903537
1011,2213,-0.0648714499741352
1011,2653,0.133964024262176
1011,2716,-0.444327559955028
1011,2756,1.00023412593668
1011,2994,0.87679091131866
1011,3101,-0.474968746400975
1011,3208,-0.434837383058501
1011,3460,1.23383903711906
1011,3575,-1.07807516997659
1011,3890,-0.153906257693147
1012,1017,0.320111493888648
1012,1021,0.0603661431438587
1012,1022,0.515990154594752
1012,1025,0.20572068007725
1012,1088,0.874597147438928
1012,1392,1.38280244426866
1012,1553,-0.082509961908124
1012,2278,-0.0208373724032853
1012,2595,0.512578274921492
1012,2614,0.932602332279848
1012,2669,0.83189436650953
1012,3153,-0.508027025812692
1012,3369,1.32623918466806
1012,3632,-0.81944258105404
1012,3906,-0.593786871382988
1013,1018,1.13615703020943
1013,1019,0.296788361222185
1013,1026,2.94350775759769
1013,1149,1.55960332214293
1013,1596,0.564490656278147
1013,1614,2.20285525253236
1013,1730,1.72233958035197
1013,1734,1.71698474910843
1013,1814,0.238974335462697
1013,2188,1.58911613594249
1013,2428,3.13678250402838
1013,2539,1.75550089528063
1013,2798,2.78694565032385
1013,3286,2.41849800083289
1013,3349,1.78380447024836
1013,3684,0.676226538541308
1014,1019,-1.55065467738922
1014,1021,-0.553859914435073
1014,1027,-0.970329132854042
1014,1153,-1.61738865136073
1014,1221,-0.285901078763428
1014,1382,-1.39825040322459
1014,1658,0.112737481919002
1014,1685,-0.23803816509282
1014,1992,-1.83875357209258
1014,2121,-1.68807769010325
1014,2125,0.329713373394042
1014,2127,-0.51390031979909
1014,2313,-1.59873612423142
1014,2321,-0.118840227273028
1014,3025,-0.174902700526725
1014,3297,-0.0698586447296059
1014,3391,0.559013558710719
1015,1016,-0.970013610470273
1015,1023,-1.06028722182023
1015,1026,1.33764285533827
1015,1027,-0.728750996502045
1015,1028,-0.0011469829505783
1015,1074,0.0938752467881909
1015,1075,0.483143775782431
1015,1432,-0.874442770399086
1015,1671,-0.252880799396072
1015,2149,2.27653580086433
1015,2260,-0.209905500906882
1015,2584,-0.855407233663107
1015,2645,0.222623999935176
1015,2926,0.472867466407761
1015,3065,0.418824623666405
1016,1017,0.917477183131985
1016,1019,-0.339062930566956
1016,1022,1.11335584383809
1016,1023,-0.09027361134996
1016,1026,2.30765646580855
1016,1066,-0.0389357233633271
1016,1115,0.330673525773928
1016,1465,1.98272434762449
1016,1793,1.07427911094249
1016,1818,0.357205074462871
1016,1973,0.165527951451419
1016,1981,0.55029745093949
1016,2392,0.392466495357301
1016,2439,2.00455571744356
1016,2994,1.35328414059886
1016,3147,0.953799913287174
1016,3495,1.65885216940652
1016,3671,0.418219943622118
1016,3720,0.155277749887977
1016,3834,0.931800166707906
1017,1018,-0.417171444711696
1017,1026,1.39017928267656
1017,1028,0.0513894443877091
1017,1066,-0.956412906495312
1017,1245,-0.0118327980227146
1017,1604,-0.645743476012398
1017,1617,-0.385381252837228
1017,1623,-0.071150070791668
1017,1676,1.37450046694714
1017,1700,-0.40314769672954
1017,2022,0.254472993736283
1017,2109,-0.657620482631928
1017,2569,-0.750254221770198
1017,2604,-1.20607686370167
1017,3174,0.401059372913625
1017,3305,0.318659527942026
1017,3682,-0.0243110395698301
1017,3723,-0.191623444923033
1017,3872,-0.355295929084588
1018,1021,0.157426093966906
1018,1027,-0.259043124452062
1018,1247,-0.130169149654771
1018,2096,0.0845151474955635
1018,2098,-0.464171433393869
1018,2326,0.675980818532338
1018,2337,1.29066794581527
1018,2644,0.469568972587482
1018,2866,0.0789478801184076
1018,2909,0.711818408421346
1018,3008,0.100514332626103
1018,3063,0.873567267275066
1018,3359,-1.0115123319652
1018,3422,-0.140671196311673
1018,3439,-0.52482441354925
1018,3453,-0.701236932272774
1018,3572,1.37096381942026
1018,3819,-0.168098419344451
1019,1023,0.248789319216996
1019,1029,0.611539061044776
1019,1032,0.657352067471767
1019,1282,2.63259555945748
1019,2405,0.976742658103097
1019,3075,0.21575083983995
1019,3343,0.634409279549634
1019,3509,1.18474642772307
1019,3625,1.75023812634666
1019,3654,1.31614805628577
1019,3688,1.34869830140875
1019,3922,0.953869680776685
1019,3930,1.32274406078278
1020,1028,0.135982761130556
1020,1033,0.90780404101577
1020,1059,-1.1780792144276
1020,1426,0.478397061559295
1020,1600,-0.666094014014769
1020,1740,-0.108275778543357
1020,1938,-1.40915051429084
1020,2188,0.120380977764209
1020,2323,0.522908709782337
1020,2618,1.42731235008876
1020,2787,1.32623559487946
1020,2848,-0.387721350918036
1020,2941,0.0294544599203759
1020,2972,-0.56418503510951
1020,2989,0.737422391438592
1020,3276,0.274214271783703
1020,3337,0.210019442575402
1020,3688,0.176751504452657
1020,3731,-0.622935422462788
1021,1025,0.145354536933392
1021,1027,-0.416469218418968
1021,1028,0.311134795132499
1021,1031,-0.617566531057972
1021,1032,-0.339442695482384
1021,1034,-0.0219426343486579
1021,1115,-0.327058306613268
1021,1165,-0.584779475531073
1021,1231,0.659233222533352
1021,1480,1.56422916539232
1021,1794,-0.500546629309323
1021,1965,-0.104921585376457
1021,2080,1.05485090359677
1021,2251,1.43153250107179
1021,2637,0.377251416967693
1021,2644,0.312142878620575
1021,3055,-0.193382117257563
1021,3118,0.514996386345814
1021,3217,-0.799924555179601
1021,3395,0.900440572591841
1021,3445,-1.13250426040133
1021,3634,0.915454157016797
1021,3730,1.42910892863106
1021,3884,0.212129372763479
1022,1023,-1.20362945518805
1022,1024,-0.171836707041553
1022,1025,-0.310269474517501
1022,1026,1.19430062197046
1022,1031,-1.07319054250886
1022,1033,0.62733206356682
1022,1664,0.814736624121201
1022,2009,-0.149019785724201
1022,2267,0.729258765553085
1022,2350,0.384581184386906
1022,2353,-0.370155306032907
1022,3077,-0.340918611830386
1022,3135,-0.374804356356609
1022,3179,-0.210439311776132
1022,3732,-2.29128737899013
1023,1027,0.331536225318187
1023,1028,1.05914023886965
1023,1029,0.36274974182778
1023,1034,0.726062809388498
1023,1496,1.28851239817228
1023,1677,0.312431391351964
1023,1768,1.26582061279525
1023,1873,1.08999275896042
1023,2702,0.639765826044375
1023,2834,1.02458264196389
1023,3029,1.57914509362542
1023,3248,0.384817708911089
1023,3363,-0.288483977740098
1024,1026,1.36613732901201
1024,1028,0.0273474907231585
1024,1033,0.799168770608373
1024,1089,1.75157681833964
1024,1440,-0.0088656250756949
1024,2100,0.591468235143191
1024,2213,-0.529897357490469
1024,2345,0.597069019022234
1024,2614,0.588448884726649
1024,2641,-1.83795897895339
1024,2963,0.562494023960471
1024,3124,-0.43562794415384
1024,3131,-0.365613469796221
1024,3140,-0.229500825036439
1024,3240,-0.299561656559599
1024,3350,-0.353382208244026
1024,3716,-0.717874938166647
1025,1026,1.50457009648796
1025,1027,-0.56182375535236
1025,1028,0.165780258199107
1025,1032,-0.484797232415776
1025,1034,-0.167297171282049
1025,1037,-0.460254463573241
1025,1595,-0.620048439319335
1025,2061,0.410551680156532
1025,2268,0.0917753450611055
1025,2863,-0.777199992738701
1025,3055,-0.338736654190955
1025,3147,0.150713543966586
1025,3174,0.515450186725023
1025,3220,-0.472996521733748
1025,3817,0.188121673883214
1026,1030,-1.80601480913509
1026,1034,-1.67186726777001
1026,1036,-0.0891244670915336
1026,1037,-1.9648245600612
1026,1039,-1.16623390413109
1026,1460,-2.20700916874836
1026,1474,0.605570237765245
1026,1604,-2.03592275868896
1026,1723,-1.24119007303663
1026,1824,-1.13359306020316
1026,2279,-2.3568979952887
1026,2373,-0.796105557296751
1026,2696,-1.22057157927302
1026,2922,-0.938635181629701
1026,3173,-2.47266170874672
1026,3503,-2.08091771511438
1026,3546,-2.61434308192033
1026,3578,-1.74884670075579
1026,3601,-0.874834694028338
1027,1028,0.727604013551467
1027,1031,-0.201097312639003
1027,1034,0.394526584070311
1027,1035,0.340703994063394
1027,1322,-0.485473830707996
1027,1988,-0.274296215613592
1027,2159,0.481802994374793
1027,2538,1.77272586378295
1027,3035,0.645924157387051
1027,3209,0.387560845210536
1027,3597,0.430107586653977
1027,3887,2.64052548501161
1028,1029,-0.696390497041874
1028,1032,-0.650577490614883
1028,1036,1.24966537119732
1028,1039,0.172555934157766
1028,1040,-1.90443003841162
1028,1459,-0.139836597514899
1028,1541,-0.254617093180696
1028,1672,-0.427374789994222
1028,1759,-0.90322754053036
1028,1858,-0.31081578026668
1028,3226,0.961837512435654
1028,3259,0.613758100149797
1028,3820,-1.8502129698434
1028,3859,0.587324125832043
1029,1032,0.0458130064269915
1029,1035,0.309490477553801
1029,1036,1.94605586823919
1029,1039,0.86894643119964
1029,1040,-1.20803954136974
1029,1637,0.366276930512821
1029,1741,0.990975165437564
1029,1817,-0.99371833052467
1029,1840,0.598316685730074
1029,2475,-1.35241642239727
1029,2557,1.71494731584781
1029,3379,-0.223658330350909
1029,3490,0.455709018681359
1029,3725,-0.21450729511914
1029,3728,0.0218517529942695
1029,3798,0.206695933682377
1030,1031,-0.461476355344234
1030,1032,-0.183352519768646
1030,1035,0.0803249513581633
1030,1038,-0.240549947139216
1030,1043,0.578652489779285
1030,1222,0.252568293477855
1030,1261,-0.153407151214049
1030,1452,-0.313112912649882
1030,1920,1.0328086270103
1030,2176,-0.879977740014816
1030,2448,0.41829773405368
1030,2599,-0.0660936580043444
1030,3356,0.618472946180604
1030,3751,1.10724728713547
1030,3988,1.59234134213477
1031,1032,0.278123835575587
1031,1034,0.595623896709314
1031,1039,1.10125726034824
1031,1782,2.19962702571007
1031,1965,0.512644945681514
1031,1966,0.213107194458406
1031,2074,0.686795507145064
1031,2075,0.746987525866276
1031,2414,0.314617343223692
1031,2724,-0.944220555309585
1031,2783,0.489029036731537
1031,3018,0.877643924872134
1031,3386,1.062215180794
1031,3934,1.12259869531019
1032,1034,0.317500061133726
1032,1038,-0.0571974273705699
1032,1040,-1.25385254779673
1032,1511,0.419836568022578
1032,1831,1.87662258499727
1032,2052,1.09800486039422
1032,2068,0.101859617673079
1032,2579,0.227820191920263
1032,2696,0.768795749630719
1032,2742,1.7033870235536
1032,2831,0.65103703403844
1032,3009,-1.66175631501787
1032,3232,0.316373957529851
1032,3676,0.28682357199712
1032,3852,0.591311309518412
1032,3977,0.429784317546864
1033,1035,-1.15872129937329
1033,1036,0.477844091312104
1033,1046,-1.89082218135272
1033,1428,-0.461421057190907
1033,1998,-0.659150460689645
1033,2082,-0.143950932168183
1033,2234,-0.432811965040255
1033,2338,-0.257438154099146
1033,2466,-0.189410513733616
1033,2844,-0.226983128705891
1033,3360,-0.352177524690048
1033,3630,-1.37723420754974
1033,3797,0.825838998818692
1033,3889,-0.643186217714988
1034,1040,-1.57135260893046
1034,1044,-0.116034842227344
1034,1231,0.68117585688201
1034,1458,0.0532050867462514
1034,1626,1.05734289923611
1034,1838,0.725899671418997
1034,1993,-0.282346329802818
1034,2042,-0.932265486573564
1034,2225,0.403863550766465
1034,2272,0.147010101029922
1034,2428,1.8651420142007
1034,2711,1.43835912417094
1034,2820,0.504588107632069
1034,2848,-0.190626682567435
1034,3151,-1.31853567723185
1034,3169,0.106797079729774
1034,3843,-0.436882933405817
1034,3876,-0.069397118441178
1035,1039,0.559455953645839
1035,1042,1.02873273504617
1035,1045,0.985280184334908
1035,1173,0.671983203978748
1035,1410,1.16311129250156
1035,1605,0.152168259023176
1035,1892,-0.128063841953874
1035,2045,-0.0434344569881188
1035,2269,1.21956226424818
1035,2299,1.01171869702277
1035,2384,-0.355913605269764
1035,2800,1.36385839911466
1035,2853,0.159202325026538
1035,3521,-0.563059409290859
1035,3736,0.243328314950567
1035,3748,0.533852438240812
1035,3816,-0.693691080741592
1035,3872,-0.0197853539842234
1036,1038,-1.95744028918277
1036,1044,-1.69877764290582
1036,1045,-0.651285206350483
1036,1312,-1.13782194253921
1036,1762,-1.91941527287106
1036,1935,-2.4837929198481
1036,2049,-1.45914904354162
1036,2157,-3.35449261899167
1036,2172,-2.55201960762929
1036,2424,-2.86173439052782
1036,2444,-2.11599761145423
1036,2528,-2.70862094671394
1036,3247,-2.09798665776363
1036,3312,-1.97984269813423
1036,3807,-1.5219077211144
1036,3930,-1.23485086850118
1037,1038,-0.0817401962131046
1037,1039,0.798590655930114
1037,1040,-1.27839531663927
1037,1042,1.26786743733044
1037,1050,1.42095916825157
1037,1354,0.0703578072602746
1037,1397,0.879691364163919
1037,1523,1.19205849794357
1037,1543,0.881971674915239
1037,1545,0.640655322833975
1037,2382,1.19099066356303
1037,2888,1.31778551231525
1037,2928,1.44163325964613
1037,2954,0.371694221226071
1037,3044,-0.0390150557744779
1037,3599,1.24902946583353
1038,1040,-1.19665512042616
1038,1043,0.819202436918501
1038,1044,0.258662646276952
1038,1047,1.95432365504847
1038,1140,0.609224552555929
1038,2009,0.703244348579646
1038,2039,0.93553071849973
1038,2066,0.752602193876094
1038,2185,0.49542161680002
1038,2877,-0.965506180099887
1038,3101,-0.259567226655015
1038,3543,0.56813010052447
1038,3833,0.0108010817860664
1039,1043,-0.061128415224718
1039,1047,1.07399280290525
1039,1070,0.0095681433314404
1039,1646,0.199697317664788
1039,1830,0.947181432747557
1039,2091,-1.51686488770944
1039,2258,1.0996950300496
1039,2391,-1.30586225082583
1039,2559,-0.283009827128105
1039,2922,0.227598722501385
1039,2989,0.42888369615027
1039,3058,0.296029321326436
1039,3118,0.0313056570555493
1039,3421,-1.04145879138395
1039,3540,-0.390851388797724
1039,3999,-0.0488938617352392
1040,1042,2.54626275396971
1040,1170,2.64449191657077
1040,1339,1.75004961876937
1040,1404,2.45323189997101
1040,1829,3.11455325078208
1040,2155,1.29569478353517
1040,2166,3.10618352922932
1040,2220,1.92062237681313
1040,2270,2.35193474938407
1040,2318,1.20996836136601
1040,2334,2.33740784176391
1040,2525,2.0345800538112
1040,3659,1.800534685072
1041,1049,0.423463682600128
1041,1257,-0.482532483657112
1041,1306,1.43029846848147
1041,1347,1.66218676100947
1041,1663,0.0778630673634293
1041,2362,0.274307120812078
1041,2681,0.986530984902368
1041,2773,1.96590976088448
1041,2893,1.44208368488511
1041,3445,-0.724945150041509
1041,3649,0.633037334515904
1041,3820,-1.13151906435108
1041,3986,1.35760129483005
1042,1044,-1.0909449872666
1042,1046,-1.7608336170256
1042,1048,0.393351348405796
1042,1050,0.153091730921121
1042,1051,-0.40126663291163
1042,1369,0.554473848529583
1042,1606,-0.965919185956318
1042,1873,-0.610980195467334
1042,2262,-0.72877064486448
1042,2299,-0.0170140380233978
1042,2618,0.649496873400111
1042,3192,-0.63243019956952
1042,3315,-0.155026104829655
1042,3392,-0.151657913358488
1042,3694,-0.404941620180051
1042,3882,0.959154468979375
1043,1044,-0.560539790641549
1043,1048,0.923756545030843
1043,1050,0.683496927546169
1043,1054,0.274301353400438
1043,1055,0.645982981319989
1043,1431,-0.41410829160317
1043,1470,-0.260882741955947
1043,1511,-0.342168441525353
1043,2182,-0.0221104688811202
1043,2433,0.55476501401656
1043,2440,0.401562388805495
1043,2450,-0.0618944452102243
1043,2484,-1.44785506908224
1043,3042,-1.23471681723707
1043,3065,0.308544087683936
1043,3999,0.0122345534894787
1044,1046,-0.669888629759005
1044,1048,1.48429633567239
1044,1054,0.834841144041987
1044,1056,0.468387449559559
1044,1322,-0.763965572550962
1044,1939,0.880867369866512
1044,2138,0.946891321584694
1044,2144,0.395063014174106
1044,2472,0.818951446647029
1044,2928,1.26471080958228
1044,3373,1.31074896985645
1044,3539,0.812971764941607
1044,3641,0.206338985422452
1045,1046,-1.71738106631434
1045,1047,0.648168572216186
1045,1056,-0.579104986995776
1045,1057,-1.14597759598696
1045,1155,-1.72063856042018
1045,1614,-0.0002428316233109
1045,1669,0.520023913747694
1045,2048,-1.62728325627305
1045,2263,-0.86835806148952
1045,2450,-0.548847091124011
1045,2651,-0.42144650240222
1045,2702,-1.01775457767211
1045,2817,-0.325518296210383
1045,3122,-0.991652925036529
1045,3158,0.745211308567219
1045,3588,-0.624693752397466
1046,1047,2.36554963853053
1046,1056,1.13827607931856
1046,1057,0.571403470327381
1046,1347,2.06249375698466
1046,1533,1.13735786199004
1046,1566,-0.0729487290611232
1046,1885,1.73697991677795
1046,2135,1.16118907328247
1046,2286,0.151888100810139
1046,2556,0.160981704893491
1046,2936,0.866033893064341
1046,2964,0.16381270216477
1046,2984,-0.447153291328684
1046,3264,0.383172310231796
1046,3732,-1.02779726120423
1046,3824,1.14587445354179
1046,3865,2.04400025261954
1046,3935,0.017255358392366
1046,3961,0.569980130782979
1047,1048,-0.211364673099129
1047,1049,-1.54177895995521
1047,1053,-2.39802608392612
1047,1055,-0.489138236809984
1047,1161,-1.54154224308684
1047,1192,-1.24535388750683
1047,1420,-1.33538171089679
1047,1737,-2.04464493783663
1047,1996,-1.61405394609735
1047,2213,-1.80379358527665
1047,2331,-3.19228840980756
1047,2473,-1.72074846682672
1047,2523,-0.703409579838995
1047,3926,-0.833486460884156
1047,3963,-0.0928670954710637
1047,3965,-1.11376421912621
1048,1051,-0.794617981317426
1048,1053,-2.18666141082699
1048,1060,-1.09047626494557
1048,1378,-1.61129287589711
1048,1455,-2.80107954829327
1048,1503,-0.857457208339941
1048,1617,-1.47195476118883
1048,1638,-1.17967115854122
1048,1748,-0.729259308604007
1048,1832,-2.05289491646477
1048,1970,-1.86225471805722
1048,2200,-2.68427793026123
1048,3050,-1.50331917707073
1048,3109,-2.78397061747072
1048,3708,-0.984233981882882
1048,3734,-0.749862158482126
1048,3794,-1.67039074784387
1048,3809,-1.1091277791921
1048,3814,-1.79507343653215
1048,3824,-1.0083105118896
1048,3937,-1.83528491334549
1049,1053,-0.856247123970907
1049,1059,-1.01883175266597
1049,1062,-0.0799488330437607
1049,1618,-0.556574493683613
1049,1929,0.964674372694237
1049,1945,0.381916722249205
1049,2477,1.48642841266709
1049,2686,-0.670880916654912
1049,2990,1.59531037347157
1049,3087,-0.0692985125431283
1049,3119,0.937034450870036
1049,3143,0.154169386940775
1049,3191,0.904332913548681
1049,3380,0.938406837443378
1049,3461,-0.534488235580294
1049,3473,0.0985804922707736
1049,3595,1.49146831024418
1050,1054,-0.409195574145731
1050,1056,-0.775649268628159
1050,1058,-1.17199546511808
1050,1061,0.0433006317141874
1050,1063,-0.679239106888302
1050,1117,-1.4743467591721
1050,1170,-0.0548625683200621
1050,1223,0.0476633610829155
1050,1288,-1.68469198031324
1050,1390,-0.334590331953274
1050,1445,-1.3465209758131
1050,1670,-0.626757706007514
1050,2027,-0.514731886876486
1050,2196,0.282802831167506
1050,2444,-1.66125668673612
1050,2454,-1.9007282362115
1050,2763,-0.0727610741577138
1050,2793,-1.11088587608877
1050,3284,-0.0506968440132814
1050,3462,-0.807018812906953
1050,3522,-0.829061658696935
1050,3727,-0.793536919065358
1051,1052,0.234647023496755
1051,1056,-0.221290904795408
1051,1063,-0.124880743055551
1051,1102,-0.480253036229622
1051,1228,-0.425773621457954
1051,1312,-0.128722653988354
1051,1412,-0.408844943436746
1051,1465,0.773291637458327
1051,1531,-0.543880567941178
1051,1532,-0.232907768587897
1051,1536,-1.07891373964933
1051,1669,0.877837995948063
1051,2017,-1.04910558840174
1051,2328,-1.10702593873257
1051,2408,0.0896014429982832
1051,2525,-0.110416067246882
1051,3034,0.549410544201649
1051,3716,-0.985788511536271
1051,3754,-0.574292215532358
1052,1058,-0.852284124782088
1052,1061,0.363011972050184
1052,1063,-0.359527766552306
1052,1262,-1.00769455004078
1052,1442,-1.15352746827168
1052,1553,-0.929224006327702
1052,1888,-1.21860426432219
1052,1992,-2.07124155893322
1052,2284,-0.363859337291273
1052,2300,-1.68824382122327
1052,2387,-1.6337557680827
1052,2686,-1.44132424569032
1052,2719,-1.06847014491866
1052,2934,-0.702023144128537
1052,3138,-0.227694329235995
1052,3183,0.734873927074381
1052,3231,-0.413960227137182
1052,3308,-0.344015024726654
1052,3420,-0.317092991440141
1052,3529,-0.25973318618501
1052,3607,-1.53055183927844
1052,3771,-0.499290518021655
1052,3907,-0.0008874371310649
1052,3988,0.649903265145315
1053,1058,0.77440632822423
1053,1061,1.9897024250565
1053,1066,0.143674995980075
1053,1346,0.913723152498653
1053,1389,0.294283839257307
1053,1533,1.16983430738563
1053,1907,2.01044518347429
1053,1955,2.16465487262593
1053,2047,1.07848965963805
1053,2115,0.964396284227152
1053,2266,-0.166131747950037
1053,2312,1.70424568168224
1053,2392,0.575077214700703
1053,2734,1.47053722040494
1053,2783,0.711805057404164
1053,2896,1.23681035818418
1053,3190,0.713272849905563
1053,3648,0.891560964944773
1053,3853,-0.249454217888757
1054,1064,-0.168333147408965
1054,1065,-2.27939357274434
1054,2081,-0.439178838498949
1054,2428,1.14633571238606
1054,2495,-0.868524095549455
1054,2854,-0.0548510170800179
1054,2959,-1.76006023402879
1054,3018,-0.436786273651822
1054,3060,-1.25472326900617
1054,3186,-0.303091602881605
1054,3304,-0.567497309113733
1054,3636,-1.06573909275805
1055,1060,-0.812702701234711
1055,1064,-0.540014775328516
1055,1678,-1.22570584586495
1055,1805,-1.2492651628369
1055,1872,-1.77706412250432
1055,2170,-1.40919880162583
1055,2216,-1.30028313278078
1055,2386,-0.264559396501716
1055,2530,-0.725977124727566
1055,2912,-1.12527984024391
1055,3344,-0.488441788697262
1055,3525,-1.29537157787661
1055,3542,-1.15621962213975
1055,3748,-0.610458081500299
1055,3933,-1.53514817110823
1055,3989,-1.81999958013997
1056,1058,-0.396346196489925
1056,1063,0.0964101617398564
1056,1065,-1.91293987826192
1056,1103,0.549812507093482
1056,1243,-0.79527796962661
1056,1274,-1.62095650117538
1056,1906,0.290833929823175
1056,2035,-0.40295789337363
1056,2071,-0.333560650685182
1056,2471,-0.718255107180435
1056,2493,0.211282220513318
1056,2505,0.0293665054232895
1056,2694,-0.521187920602473
1056,2784,1.16703012541779
1056,2809,0.200784530444919
1056,2857,-0.0739004130265497
1056,3034,0.770701448997057
1056,3229,-0.727094064229008
1056,3840,1.20164897367384
1057,1060,0.49230523015845
1057,1064,0.764993156064645
1057,1065,-1.34606726927073
1057,1342,-0.378927932309236
1057,1685,0.552284385349879
1057,1731,0.832676873050059
1057,1907,1.40656526775131
1057,1930,-0.420538537865327
1057,2000,1.08304466803142
1057,2122,-0.102866778933034
1057,2404,0.783227174670498
1057,2489,0.332138785470276
1057,2690,0.954676749731899
1057,3007,0.233193507380153
1057,3158,1.89118890455418
1057,3343,-0.125922847396892
1057,3687,1.04863317162225
1057,3718,0.32891682622426
1057,3899,-0.840702030682671
1058,1059,-0.93699095691929
1058,1067,1.55929103391664
1058,1070,0.559195096128073
1058,1071,-0.810698341042279
1058,1099,0.631024176402023
1058,1214,1.81917761717929
1058,1492,0.930394838491755
1058,1692,0.344374771107304
1058,1923,0.0901460398295021
1058,2081,0.323621052473404
1058,2170,-0.274717282733931
1058,2422,0.121207315438886
1058,2549,0.257568762080484
1058,2575,-0.151629395399889
1058,2607,0.648652921941586
1058,2724,-1.49585086286119
1058,2736,0.12244474095466
1058,2763,1.09923439096037
1058,2832,0.891289962227771
1058,2882,-0.43791849134176
1058,3124,-0.0859044162381317
1058,3325,0.8464656636517
1058,3402,-1.06825319352585
1058,3655,-0.347928977821702
1059,1060,1.25876977457648
1059,1063,1.42974731514907
1059,1065,-0.579602724852701
1059,1070,1.49618605304736
1059,1071,0.126292615877012
1059,1072,0.54557491872289
1059,1307,0.161751303545669
1059,1404,1.86286383711755
1059,1695,1.52861932196955
1059,2168,1.27011298048253
1059,2228,-0.457380595894998
1059,2339,1.2438635011241
1059,2669,1.77445540379133
1059,2801,0.265099579910821
1059,2832,1.82828091914706
1059,3719,1.90527370764898
1059,3758,1.67624335841724
1059,3971,0.640458687454079
1060,1064,0.272687925906196
1060,1070,0.237416278470881
1060,1071,-1.13247715869947
1060,1072,-0.713194855853592
1060,1206,-0.757756958496592
1060,2081,0.0018422348162115
1060,2275,1.02200643138983
1060,2326,0.262712130414608
1060,2363,1.75509554649577
1060,2538,1.10041405121316
1060,2594,-1.3362344905574
1060,2855,0.282969042592713
1060,3154,-0.712227091027671
1060,3495,0.745277742868499
1060,3870,-0.530543580110068
1060,3928,0.483022210810943
1060,3992,0.114024784011432
1061,1062,-1.21340413412935
1061,1063,-0.72253973860249
1061,1064,-0.620829353268884
1061,1072,-1.60671213502867
1061,1164,-0.674549357209406
1061,1877,-1.45676275780328
1061,1964,-1.35522647357188
1061,2387,-1.99676774013289
1061,2562,-0.557833590222314
1061,3124,-1.3012005130704
1061,3359,-2.31829829925801
1061,3417,-1.78544699088898
1061,3820,-2.6884380480368
1061,3854,-0.279461246585051
1062,1064,0.592574780860471
1062,1066,-0.632623294947071
1062,1069,-0.331960111028655
1062,1071,-0.812590303745195
1062,1072,-0.393308000899317
1062,1334,-0.584641553509717
1062,1348,-0.236714045798715
1062,1797,-0.295334338879262
1062,2287,0.0697748933653956
1062,2309,0.467503217318501
1062,2431,0.580340006515707
1062,2593,2.03254927318566
1062,3013,0.178980800254244
1062,3161,0.341912591846486
1062,3192,0.384581571924527
1062,3207,-0.952150732874206
1062,3368,0.889866801119559
1062,3562,0.68865673562394
1062,3636,-0.304831164488617
1062,3647,0.121174505998396
1062,3663,0.872474314902845
1062,3825,0.824624682342906
1063,1065,-2.00935004000177
1063,1072,-0.884172396426182
1063,1073,-0.410932986075779
1063,1154,-0.896203907428229
1063,1410,0.660525933422575
1063,1628,-0.286385090635841
1063,1668,0.738039040876764
1063,1721,-0.956934260253701
1063,2433,0.550507193358693
1063,2610,-0.800672745965145
1063,2799,0.680716306408485
1063,2980,-0.944938896511074
1063,3055,-0.620202251980976
1063,3099,0.0198400395274066
1063,3103,-0.020299413247345
1063,3212,-0.428474847218432
1063,3889,0.0129497225793118
1064,1068,-0.139229474299155
1064,1070,-0.0352716474353147
1064,1071,-1.40516508460567
1064,1462,0.857309769571105
1064,2103,-0.941605866274863
1064,2318,-0.911857401970127
1064,2502,-0.493344574896533
1064,2808,-0.450910147221839
1064,2912,-0.585265064915397
1064,2955,0.921038491287497
1064,3025,-0.149573306148671
1064,3051,0.095771800503061
1064,3124,-0.68037115980152
1064,3130,-0.0882838139361747
1064,3207,-1.54472551373468
1064,3627,-1.92060971672214
1064,3656,0.137148884895741
1065,1066,0.885862349527837
1065,1067,3.07588471568863
1065,1068,1.97183095103622
1065,1071,0.705895340729712
1065,1073,1.59841705392599
1065,1667,1.74458424231099
1065,2633,1.89785595822601
1065,2683,1.2343540024522
1065,2768,1.54031061416208
1065,2949,1.62640358876017
1065,2981,2.21199103321043
1065,3123,1.55396905112101
1065,3802,0.371750608969171
1065,3973,2.22184012870777
1066,1068,1.08596860150839
1066,1075,1.49209310961603
1066,1079,-0.222949388752737
1066,1149,0.962687753717113
1066,1224,1.53869359945501
1066,1296,1.15275026547863
1066,1328,1.30922616567481
1066,1541,0.753185257702325
1066,1697,0.7019075264569
1066,1816,0.633014232748333
1066,2272,0.821735022431787
1066,2316,-0.849640942018794
1066,2722,-0.210069268114205
1066,2784,2.19410765415187
1066,3246,1.33842959903786
1066,3405,1.76652248928495
1066,3432,0.222725853379948
1066,3532,1.02969502825057
1066,3673,1.56027430339775
1066,3682,0.932101866925482
1067,1072,-1.95070707211304
1067,1074,-1.08719778553901
1067,1075,-0.697929256544766
1067,1449,-0.934072273755805
1067,1556,-0.772473595302966
1067,2180,-0.792912648524235
1067,2274,-1.41218472950135
1067,2337,-0.360112958561914
1067,2384,-1.92503364003561
1067,2492,-1.24201987159645
1067,2534,-2.0668451460454
1067,2609,-1.01425964890462
1067,2860,-1.66086710627433
1067,2863,-2.12520026621558
1067,2914,-1.10947264023862
1067,3021,-1.40451372324738
1067,3301,-1.23572981250034
1067,3667,-2.38770627937337
1067,3750,-1.46371673243885
1068,1074,0.0168559791134032
1068,1075,0.406124508107643
1068,1078,-1.00226741256283
1068,1081,0.273795480528059
1068,1502,0.263600819062591
1068,1665,0.397589669585588
1068,1713,0.801810468318857
1068,1728,0.87507318959209
1068,1743,-0.641296507312123
1068,2265,0.212153954183784
1068,2602,-0.271536790982763
1068,2666,-0.581276106366856
1068,3230,-0.457406747044831
1068,3451,-1.55725001138997
1068,3612,-0.618430978188139
1068,3785,-0.599503512064712
1069,1072,-0.0613478898706615
1069,1073,0.411891520479741
1069,1076,1.23848639782632
1069,1080,0.548643750276947
1069,1522,1.26218346334537
1069,1885,1.32511818227505
1069,2170,0.0553508655918075
1069,2676,0.790503265307692
1069,3310,1.48075414160056
1069,3497,0.161627789252661
1069,3589,0.614768130747101
1069,3759,0.41743757020537
1069,3822,0.527403377103843
1070,1071,-1.36989343717035
1070,1073,-0.477371723974071
1070,1077,-0.881610737475581
1070,1079,-1.41287581712496
1070,1245,-0.24534631989963
1070,1409,-0.572726163488255
1070,2190,-1.7906344466257
1070,2422,-0.437987780689187
1070,2745,0.256633349164346
1070,2943,-1.55795673911805
1070,3081,0.147191808699142
1070,3171,-0.169483580804916
1070,3269,-0.951899133581042
1070,3686,-0.170686613551788
1071,1072,0.419282302845878
1071,1074,1.28279158941991
1071,1077,0.488282699694771
1071,1080,1.02927394299349
1071,1082,0.403244041750152
1071,1084,1.1609334036876
1071,1110,0.700380059286743
1071,1269,1.76433639075063
1071,1464,0.279526515181781
1071,1633,0.779649170167297
1071,1636,1.58057327384643
1071,1720,1.43484805478926
1071,2413,1.57376001244336
1071,2419,0.65141797781636
1071,3105,3.26143423040553
1071,3109,-0.561017193825685
1071,3528,1.10030058310028
1071,3750,0.906272642520073
1072,1075,1.25277781556828
1072,1078,-0.155614105102193
1072,1083,1.46260312780569
1072,1084,0.741651100841725
1072,1085,0.291539610299841
1072,1626,1.49275252659022
1072,1844,0.336758818774319
1072,2246,0.351328903016616
1072,2466,1.35089782298687
1072,2642,1.64376947996097
1072,2871,0.771054171610129
1072,3009,-1.54384674879748
1072,3026,0.0856248590486397
1072,3165,0.138918938069043
1072,3433,-0.15523966814874
1072,3794,0.133280372955289
1073,1076,0.826594877346579
1073,1078,-0.628853515452596
1073,1080,0.136752229797206
1073,1081,0.647209377638289
1073,1083,0.989363717455286
1073,1135,0.390847396221126
1073,1304,-0.556003516805795
1073,1491,-0.0692096019946093
1073,1560,0.582317104043191
1073,1621,0.650284145751846
1073,1726,0.237281702686105
1073,1808,0.240248807116598
1073,1948,0.218488672473494
1073,1949,0.356907380837798
1073,2082,0.923117994201896
1073,2191,0.397640912764296
1073,2583,-0.242972927756694
1073,2664,0.606877406307114
1073,2781,-0.91119736253517
1073,3162,-0.670704280461143
1073,3240,-0.0316615007978933
1073,3353,0.89337356323783
1073,3522,0.261110434267146
1073,3692,0.950526550579436
1073,3791,-0.253694785988155
1074,1075,0.38926852899424
1074,1079,-1.32577396937453
1074,1081,0.256939501414656
1074,1084,-0.121858185732311
1074,1087,0.630329231813637
1074,1184,-0.422210713609195
1074,1313,-0.318600189235469
1074,1346,-0.332776424103213
1074,1389,-0.952215737344559
1074,1432,-0.968318017187277
1074,1995,0.375701317162799
1074,1996,-0.462527438773097
1074,2074,-0.336928048784176
1074,2797,0.147035294403771
1074,2883,0.448646936898245
1074,2954,-0.349362730285046
1074,3273,-1.07207068364507
1074,3297,0.0778442448341993
1074,3587,-0.599571189634263
1075,1076,0.0470564721287052
1075,1077,-1.18377741871938
1075,1171,0.505565940458172
1075,1178,-0.981737064844406
1075,1264,-1.00677663658586
1075,1297,-1.14741027816915
1075,1410,0.29192051428048
1075,1884,-0.332333100977597
1075,1970,-1.31136141282634
1075,2044,-1.21878484105898
1075,2062,-0.677344026990186
1075,2425,0.653288075022118
1075,2467,-1.00138281929592
1075,2666,-0.9874006144745
1075,3081,-0.154974872544661
1075,3213,-1.81775206534711
1075,3760,-0.124947720656045
1076,1077,-1.23083389084809
1076,1083,0.162768840108707
1076,1085,-1.00829467739714
1076,1086,-0.675061649588338
1076,1088,-0.0282510216991443
1076,1089,1.19288209675476
1076,1118,-0.362258599672692
1076,1533,-0.512990270339178
1076,1782,0.73957846865789
1076,1896,0.48152830974612
1076,2122,-1.18181144093487
1076,2123,-1.16966869366211
1076,2497,-0.326153127626683
1076,3232,-0.865550763946747
1076,3321,-0.240962137438264
1076,3517,-1.63307399087802
1076,3874,-0.161523460307586
1076,3925,0.762837572558308
1077,1088,1.20258286914895
1077,1089,2.42371598760285
1077,1174,-0.103954022819383
1077,1206,-0.113562499491892
1077,1868,-0.0538036317412841
1077,1981,0.280917483406171
1077,2251,1.81988436592566
1077,2321,0.823371552015922
1077,2429,1.13305203405603
1077,2454,-0.406317129745903
1077,2778,2.09551313773399
1077,2827,-0.875861657613036
1077,3051,1.01265418541396
1077,3663,1.19678191895327
1077,3974,0.231305283730452
1078,1079,-0.306650577698298
1078,1082,0.139575844006466
1078,1083,1.61821723290788
1078,1084,0.897265205943918
1078,1087,1.64945262348987
1078,1089,2.64833048955394
1078,1484,1.12029309548564
1078,1548,0.871720058954739
1078,2065,0.590145679421594
1078,2248,1.41306692584317
1078,2354,0.808238630004915
1078,2404,1.15973090546783
1078,2464,0.0249488858912688
1078,2658,2.51453761481577
1078,2688,0.53501651989687
1078,2727,0.732631563270807
1078,2801,-0.124861233709876
1078,2854,1.25497901719093
1078,3293,1.42012385025557
1078,3355,0.623939608829098
1078,3549,0.803046762865899
1078,3577,0.944881534749293
1078,3888,0.0560223323726283
1079,1082,0.446226421704764
1079,1087,1.95610320118816
1079,1089,2.95498106725224
1079,1092,1.01070636878366
1079,1374,1.8037909369509
1079,1414,1.38247251429276
1079,1658,1.58621434085734
1079,1674,1.17737391374806
1079,1970,0.403681085542428
1079,2022,1.43383528898433
1079,2667,2.25918825441459
1079,2960,1.10523774117527
1079,2981,1.54907807243533
1079,3044,0.565701962088932
1079,3907,1.70507740864791
1079,3979,1.1805117074553
1080,1085,-0.318452029847768
1080,1087,0.883846878240065
1080,1089,1.88272474430414
1080,1090,0.548054362498289
1080,1091,0.319064175381917
1080,1092,-0.061549954164435
1080,1093,-0.363345869530972
1080,1094,0.0158475394620428
1080,1132,-0.225488478547902
1080,1477,1.08867283376297
1080,1654,-0.208564405195064
1080,1661,0.0660140271404795
1080,3325,0.627890061700492
1080,3475,-0.935515963178131
1080,3995,-0.813309814907964
1081,1082,-1.13648704908442
1081,1083,0.342154339816996
1081,1085,-0.828909177688851
1081,1086,-0.495676149880049
1081,1089,1.37226759646305
1081,1090,0.0375972146572052
1081,1092,-0.572007102005519
1081,1474,1.59239834490067
1081,2308,-1.57047120430403
1081,2782,-0.832619846362328
1081,2978,-0.90886444325317
1081,3058,0.116623524330777
1081,3461,-1.18168018962591
1081,3542,-0.750770853040138
1081,3544,0.296018998551782
1081,3606,-0.829415056719224
1082,1083,1.47864138890142
1082,1087,1.5098767794834
1082,1090,1.17408426374162
1082,1094,0.641877440705378
1082,1095,1.45404272622658
1082,1530,2.09506148420874
1082,1613,0.809601375578348
1082,2053,0.927568468954679
1082,2290,1.15238237763645
1082,2494,1.86631928869022
1082,2501,0.969407891140858
1082,2768,0.431171231682211
1082,3027,1.1288971414617
1082,3283,1.31309132584536
1082,3315,1.27133192865943
1082,3448,0.265264474008167
1082,3570,1.8100094208554
1083,1085,-1.17106351750585
1083,1087,0.0312353905819851
1083,1090,-0.304557125159791
1083,1788,-2.37507190374552
1083,2104,-0.399080747145502
1083,2257,-0.61334671620835
1083,2501,-0.509233497760557
1083,2770,-1.05730067416729
1083,2808,-0.92763049326774
1083,3239,-0.736816731861135
1083,3346,-1.62475681197437
1083,3348,-0.515538908254484
1083,3509,-0.817299201334006
1083,3574,0.112745866523356
1083,3755,-1.28227702849846
1084,1085,-0.450111490541884
1084,1095,0.69635336428913
1084,1187,0.0536673665204765
1084,1211,-0.339077408139024
1084,1276,-0.745070046856044
1084,1482,-0.127532039776721
1084,1646,0.399089207816096
1084,1651,-0.877900786821611
1084,2217,0.211053773020435
1084,2403,0.587715509696053
1084,2513,0.650565334795879
1084,2650,-0.91322868048676
1084,2772,-0.817659543286131
1084,2868,-0.153135441705324
1084,2938,-0.713021397770874
1084,3183,1.23692298921114
1084,3378,1.14232079181123
1084,3580,-0.0432377964014197
1084,3686,0.0382734199309602
1085,1089,2.20117677415191
1085,1091,0.637516205229685
1085,1092,0.256902075683333
1085,1094,0.33429956930981
1085,1204,-0.296869535095373
1085,1206,-0.336101712942841
1085,1364,0.760978905277911
1085,1573,-0.0087167343831417
1085,2171,0.378801719320425
1085,2184,0.245407487725373
1085,2754,0.215268906591675
1085,3577,0.49772781934726
1085,3726,0.371838289800957
1085,3957,1.24111304102638
1086,1098,2.13167698004562
1086,1099,0.39766757648978
1086,1166,-0.0371934279130503
1086,1269,0.720281449796109
1086,1303,0.118145739737827
1086,1349,0.487471681265303
1086,1390,0.604048533252567
1086,1991,-0.104932536521128
1086,2267,1.0174624005981
1086,2595,0.284791755371758
1086,2840,-0.507460323372751
1086,3279,-0.185132959335432
1086,3439,-0.849670883922031
1086,3497,-0.401796958985321
1086,3677,0.853365575806201
1086,3681,0.548780758264765
1086,3697,2.1060261546579
1086,3790,1.10608043440104
1086,3910,1.16709749704325
1087,1089,0.998877866064073
1087,1090,-0.335792515741776
1087,1091,-0.564782702858148
1087,1092,-0.9453968324045
1087,1095,-0.0558340532568182
1087,1096,-0.739356746075793
1087,1097,-0.882033760878681
1087,1467,-1.88054043482532
1087,1832,-1.74306231405329
1087,1958,0.344636250515829
1087,2122,-1.37581567162557
1087,2390,-0.518250267182156
1087,2467,-1.24244352211531
1087,2492,-0.785151317871077
1087,2512,-0.819112480242735
1087,2883,-0.181682294915392
1087,3095,0.565572548029665
1087,3188,-1.7498693222708
1087,3448,-1.24461230547523
1087,3962,-1.58713587744207
1088,1089,1.22113311845391
1088,1095,0.166421199133018
1088,1242,0.223526132721691
1088,1282,0.821569792208263
1088,1340,-1.41222576572768
1088,1501,-0.433726909247144
1088,1904,-0.583950757110937
1088,2143,0.404961981097493
1088,2150,0.574091875541837
1088,2250,-0.121415569248655
1088,2335,-0.61681240653307
1088,2449,-0.840645983794231
1088,2735,-1.54899815057606
1088,3139,-0.887648382864893
1088,3281,-0.424356785686044
1088,3499,0.349565604193576
1088,3746,-1.35429112377196
1088,3790,0.459269806511845
1089,1093,-2.24607061383511
1089,1095,-1.05471191932089
1089,1102,-1.96391628119964
1089,1107,-2.08434287132393
1089,1230,-1.53331851063256
1089,1694,-2.09636910729495
1089,1910,-2.60416726067445
1089,2322,-3.28466902722318
1089,2396,-2.99951206658399
1089,2416,-0.859710481990828
1089,2730,-0.893078495983358
1089,2758,-1.95370439289204
1089,3016,-1.89412659809752
1089,3535,-1.06425769491313
1089,3583,-0.777691877106267
1089,3653,-2.90192211452858
1089,3781,-1.0484836022498
1090,1093,-0.91140023202926
1090,1100,-0.654282047192738
1090,1102,-0.629245899393786
1090,1111,-0.0170861627327146
1090,1136,-0.857437896678139
1090,1331,0.254857234165513
1090,1627,-0.972744890897917
1090,1774,-0.671121822175986
1090,1882,-1.42990659886254
1090,2071,-0.703844418644753
1090,2308,-1.60806841896124
1090,2447,0.535971739930783
1090,2793,-0.705520375420183
1090,2924,0.243803505983357
1090,3016,-0.559456216291666
1090,3279,-0.718406323872686
1090,3306,0.603363771729827
1090,3592,-0.341808818321601
1090,3890,-1.03583860174327
1090,3916,0.256062638886142
1091,1096,-0.174574043217645
1091,1097,-0.317251058020533
1091,1098,1.82739380262474
1091,1102,-0.400255712277415
1091,1191,0.11046353424555
1091,1311,0.105130851883963
1091,1382,-1.31609404261627
1091,1419,0.239937178031971
1091,1941,-0.4984198696572
1091,1966,-0.876162890426323
1091,2004,0.109565918786822
1091,2090,0.325076944226779
1091,2290,0.207288301011198
1091,2598,-0.565685250315183
1091,2782,-0.641226873903161
1091,2789,0.331414355545068
1091,2795,-1.59825169149289
1091,2933,-0.383485365417096
1091,3151,-1.81218186540726
1091,3584,-0.0267233970536917
1091,3598,0.190003662288384
1091,3911,0.861224740031639
1092,1098,2.20800793217109
1092,1104,-0.0249742301102846
1092,1487,0.214738825043791
1092,1669,1.33844944944662
1092,1795,-0.0536121721961213
1092,1943,-0.145241513719523
1092,2178,0.33283345022159
1092,2386,0.712896474603414
1092,2449,-0.117504403779567
1092,2529,-0.385953417657618
1092,2533,0.924686836094769
1092,3101,-0.747296773788374
1092,3308,0.35124345226866
1092,3491,0.900512229945588
1092,3677,0.92969652793167
1092,3699,0.621529442857603
1092,3727,0.221432898265953
1092,3853,-1.18088619389976
1092,3955,0.496520789119727
1093,1095,1.19135869451422
1093,1096,0.507836001695243
1093,1098,2.50980384753763
1093,1101,0.172775723374421
1093,1102,0.282154332635474
1093,1103,1.09092897116317
1093,1106,0.945404602013577
1093,1399,2.80514796697124
1093,1701,0.148429476810323
1093,2090,1.00748698913967
1093,2124,-0.929620905107979
1093,2497,0.727035389453662
1093,2739,-0.0599218351739134
1093,3225,0.883952844897259
1093,3334,1.15915473137505
1093,3354,0.887476147437528
1093,3947,0.546778127162628
1094,1096,0.128642592702229
1094,1106,0.566211193020562
1094,1191,0.413680170165424
1094,1510,0.0128934539728488
1094,1512,-1.04282783398994
1094,1524,0.773679799720823
1094,2158,-0.0946732945433841
1094,2194,0.0717045252760599
1094,2399,-0.0911558169972091
1094,2411,1.67105786108522
1094,2688,-0.246436764814974
1094,2773,1.38986373261778
1094,2921,-0.0874794597509716
1094,2929,-0.1899737018273
1094,3154,-0.62487141478373
1094,3855,-1.20563022430138
1094,3945,-0.34740547399972
1094,3984,0.622363766810856
1095,1096,-0.683522692818975
1095,1097,-0.826199707621862
1095,1100,-0.934240509677697
1095,1102,-0.909204361878745
1095,1104,-0.914537009257966
1095,1106,-0.245954092500641
1095,1581,-0.195125517155591
1095,1691,-2.37232466924481
1095,2212,-0.447050330670212
1095,2850,-1.06626752129305
1095,2884,-0.832919476485597
1095,2887,-0.21554783537863
1095,3064,-0.0448827163362875
1095,3067,-1.08901381292208
1095,3387,-1.27092402642894
1095,3484,-1.746736246778
1095,3608,0.0711403704137353
1095,3993,-0.971889092542046
1096,1097,-0.142677014802887
1096,1109,0.0465244429347774
1096,1387,0.651579683647878
1096,1678,-0.454290061088528
1096,1820,-1.63771157440577
1096,1845,0.91378534108421
1096,2146,0.649742831800111
1096,2155,-0.594729970353057
1096,2264,0.179225068153321
1096,2411,1.54241526838299
1096,2421,-0.582693685199891
1096,2530,0.0454386600488577
1096,2546,-0.826351648952613
1096,2640,-0.885923916027194
1096,2644,0.0150133680114635
1096,2982,-0.304635911210247
1096,3396,-1.48878500872617
1096,3458,-0.083120586166684
1096,3517,-1.08772147549292
1096,3747,-1.06793281759931
1097,1098,2.14464486064527
1097,1099,0.41063545708943
1097,1719,0.0330553936487891
1097,1764,-0.102959967157121
1097,1823,-0.201016747807755
1097,1846,0.548050078482407
1097,2013,0.0294813860318142
1097,2124,-1.29477989200033
1097,2294,0.856725569028055
1097,2401,0.265453052343389
1097,2505,0.205323982600622
1097,2511,-0.28379298657501
1097,2669,0.617075727559447
1097,3207,-1.17064748948388
1097,3260,-0.753511341149598
1097,3507,1.55328818100287
1097,3511,0.596268996076261
1097,3512,1.24825892094055
1097,3636,-0.523327921098293
1097,3667,-1.04880396476932
1097,3934,0.350579668445994
1097,3937,-0.643418550055328
1098,1099,-1.73400940355584
1098,1100,-2.2526856627011
1098,1102,-2.22764951490215
1098,1106,-1.56439924552405
1098,1454,-2.82224248405177
1098,1519,-1.79633576883163
1098,1919,-1.08985290496733
1098,2027,-1.70777000171626
1098,2739,-2.56972568271154
1098,2886,-1.51915165115787
1098,2902,-1.88433267983373
1098,2919,-2.19267741749344
1098,3169,-2.21424291107038
1098,3493,-2.6183956090697
1098,3600,-0.751980407551258
1098,3635,-3.20990848112981
1099,1102,-0.493640111346312
1099,1114,0.558769048998028
1099,1704,0.467132944596111
1099,2119,0.347732892511958
1099,2634,-1.03290463445753
1099,2824,1.03607794047952
1099,2916,-0.669922267849529
1099,3087,-0.618481893198474
1099,3301,-0.307462954985723
1099,3820,-2.10416612760655
1100,1426,0.607137401810848
1100,1981,-0.153846075198096
1100,2392,-0.311677030780285
1100,2521,0.117286160872489
1100,2591,0.1488774550554
1100,2767,-0.508051183335835
1100,2877,-1.40855799670323
1100,3285,-0.50805748050723
1100,3584,0.398568463022675
1100,3626,1.15283781935927
1100,3854,0.823486932990462
1101,1107,-0.0110479808632368
1101,1109,0.3815847212556
1101,1110,-0.138323737550193
1101,1114,1.16178776960539
1101,1345,1.10479080113266
1101,1421,-1.2474002303637
1101,1444,-0.0596631683252526
1101,1585,1.19360161126025
1101,1670,0.517232303315913
1101,1745,0.429161218124451
1101,2120,-0.46690654584383
1101,2234,0.688074877689169
1101,3045,-0.157190972629098
1101,3067,-0.070430841782282
1101,3335,1.02875811822363
1101,3383,0.146020548118565
1101,3567,-0.880971498866971
1101,3616,-0.242369403219311
1101,3828,-0.554934300831805
1101,3941,0.352462799324576
1102,1106,0.663250269378103
1102,1107,-0.12042659012429
1102,1108,0.654987248315925
1102,1109,0.272206111994547
1102,1115,-0.39850614816261
1102,1229,0.232297751996004
1102,1439,0.387127001997316
1102,1634,-0.606778509165819
1102,1657,-1.74802906566774
1102,1797,-0.430826441232056
1102,2876,-0.67779507311785
1102,2907,0.46532531934958
1102,2935,0.725943104414305
1102,3196,-0.555443244096856
1102,3280,-0.732801846829863
1102,3281,0.318426377059683
1102,3526,0.0204756074956028
1102,3604,-0.486205038643024
1102,3636,-0.440323266841411
1102,3702,-0.468742137308276
1102,3872,-0.166998419889141
1103,1106,-0.145524369149593
1103,1107,-0.929201228651987
1103,1116,0.384761100680473
1103,1187,-0.542256274417606
1103,1240,-0.405056508133032
1103,1267,-0.141971564166087
1103,1381,-0.195144265793511
1103,1953,0.0788480558486297
1103,2709,-1.13346138706307
1103,2744,-1.29474224787821
1103,2768,-0.922441771193323
1103,2797,-0.327030160802
1103,2876,-1.48656971164555
1103,2882,-1.38407719492517
1103,3043,-1.07688556771345
1103,3069,-1.45772138911357
1103,3363,-1.91671190155429
1103,3435,-0.555093382206093
1104,1108,0.660319895695147
1104,1111,0.617492384040294
1104,1113,0.165014231578522
1104,1114,1.05774180772356
1104,1436,0.959246877406304
1104,1555,0.66605193766143
1104,1576,0.261308413078644
1104,2010,-0.488629503172628
1104,2319,0.704287429604086
1104,2381,0.764438742195799
1104,2433,0.911212133911986
1104,2789,0.737002715201704
1104,3043,-0.262778281806535
1104,3375,0.770755907028579
1104,3446,-0.82530731401271
1104,3453,-0.924778220409801
1104,3674,-0.320750092687002
1104,3740,0.319452444460665
1104,3874,0.614843371516506
1105,1106,0.148936174261088
1105,1114,0.538095065227325
1105,1397,-0.0209704991422887
1105,1849,0.312389523400813
1105,1955,0.73855038422897
1105,2090,0.211018561387178
1105,2262,-0.361565070840244
1105,2412,-0.661960486236592
1105,2495,-0.757422364749828
1105,2601,0.786854446296443
1105,2790,-0.166423237487281
1105,2934,-0.501437179519175
1105,3178,-0.639016239099167
1105,3372,0.971850372900343
1105,3414,-0.699419690511579
1105,3816,-1.35521824176353
1106,1107,-0.783676859502393
1106,1109,-0.391044157383556
1106,1113,-0.503568685178803
1106,1114,0.389158890966237
1106,1115,-1.06175641754071
1106,1116,0.530285469830066
1106,1119,-0.977187136109109
1106,1405,1.50932772478172
1106,1600,-1.22564009094027
1106,1740,-0.66782185546886
1106,1770,-0.744032118531611
1106,1877,-1.04210099540483
1106,2096,-0.807609057398788
1106,2187,-0.729355588999852
1106,2204,-1.53098493971489
1106,2235,-0.188504815990649
1106,2266,-1.74117241060808
1106,3464,0.161228560831378
1106,3601,0.040391828465567
1106,3827,-0.363440436065589
1106,3947,-0.398626474850949
1107,1108,0.775413838440215
1107,1113,0.28010817432359
1107,1118,0.52920217489647
1107,1124,2.14195458777303
1107,1283,0.291684556915802
1107,1393,-0.21370419907038
1107,1493,-1.19195865097618
1107,1616,0.259554422148886
1107,1671,0.108379727261953
1107,2282,-0.162380587591819
1107,2662,0.990069548907338
1107,3081,0.689429429895795
1107,3346,-0.570527197296505
1107,3393,0.190103025462656
1107,3430,-0.17535545335343
1107,3581,1.57321375304428
1107,3876,-0.0423610042148881
1107,3886,-0.696693320502247
1108,1112,0.214244789401129
1108,1114,0.397421912028415
1108,1119,-0.968924115046931
1108,1120,-0.639940083961186
1108,1186,1.7117121060195
1108,1229,-0.422689496319921
1108,1319,-0.983177681498896
1108,1756,-0.572483291923967
1108,2015,-1.97967794977921
1108,2350,0.113770105972532
1108,2784,0.771005008536078
1108,2794,-0.634063197901766
1108,2976,0.395039447974811
1108,3005,-1.25531302390709
1108,3030,0.204132378787054
1108,3556,0.968558331818362
1108,3638,-0.896402898787449
1108,3761,-1.08045304574685
1108,3876,-0.817774842655103
1108,3888,-1.2833791242976
1109,1110,-0.519908458805793
1109,1112,0.597025925722507
1109,1113,-0.112524527795247
1109,1118,0.136569472777633
1109,1122,0.190778273969677
1109,1664,0.926706682028204
1109,1720,0.214559536696722
1109,2029,-0.846979141120233
1109,2377,-0.336663115487151
1109,2432,-0.240019323536452
1109,2532,-0.619691016020563
1109,2660,-0.976091801663105
1109,2709,-0.596892860529921
1109,3170,0.824534425213047
1109,3845,0.247641522386771
1109,3986,0.60638823092634
1110,1111,0.859862083472318
1110,1114,1.30011150715559
1110,1116,1.44123808601942
1110,1459,0.347552702879504
1110,1460,-0.380830030065108
1110,1475,0.161781623311843
1110,1590,0.762273800600919
1110,1662,0.839063219708268
1110,1901,0.257537191848981
1110,2494,1.56918327115363
1110,2781,-0.719055708625632
1110,3625,0.929697868654409
1110,3746,-0.363805614214987
1110,3964,-0.0009816399322978
1111,1112,0.257072301055982
1111,1118,-0.203384151888892
1111,1123,-1.66270207202691
1111,1740,-0.616731322751828
1111,2117,0.610543730886158
1111,2461,-0.402264722850977
1111,2473,-0.846672512841611
1111,2715,0.244390252204803
1111,2835,-0.278042233878378
1111,2908,-0.675347939549119
1111,2932,0.379458074788896
1111,3018,-0.423530184396252
1111,3108,-1.30273576773078
1111,3259,0.241285317071881
1111,3297,-0.199606308504947
1111,3621,-0.77786107460166
1111,3930,-0.357658280381781
1112,1113,-0.709550453517754
1112,1115,-1.26773818587966
1112,1116,0.324303701491115
1112,1167,-0.678912888554986
1112,1362,-1.61072520792397
1112,1478,0.226220611700106
1112,1953,0.0183906566592721
1112,1982,0.247939131607675
1112,2028,-0.723742593143666
1112,2066,-0.584717808243257
1112,2131,-0.414120970266897
1112,2300,-1.84257579921394
1112,3092,-1.43097362277423
1112,3258,0.248174001018439
1112,3342,-0.645391198971168
1112,3354,-0.263910222915
1112,3429,-1.68271751433286
1112,3696,-1.99732629150797
1112,3883,-1.17048820825724
1112,3925,0.664639719286125
1113,1117,-0.599416943309029
1113,1120,-0.144634419844561
1113,1121,-0.237688804554861
1113,1122,0.303302801764924
1113,1124,1.86184641344944
1113,1498,1.10514665895081
1113,1582,0.353229392133776
1113,1857,-1.67539960103743
1113,1951,0.73156175216257
1113,1998,0.192676188579425
1113,2303,0.679123706628426
1113,2453,0.324773687056902
1113,2518,0.624136284469364
1113,3190,-0.358199127573678
1113,3199,-0.384916005982155
1113,3249,0.661235856314864
1113,3770,-0.850776948555623
1114,1117,-1.49214451945407
1114,1120,-1.0373619959896
1114,1717,-0.5768238472526
1114,1723,-0.715122441508959
1114,1869,-1.56967507437507
1114,2058,-0.17159637420052
1114,2225,-0.741936085475875
1114,2232,-0.623553636492755
1114,2307,-0.992148764207498
1114,2650,-1.75278684324149
1114,2786,-0.462152440307896
1114,3027,-0.468350383230473
1114,3052,-1.11054447279955
1114,3157,-0.671728991712155
1114,3221,-0.707754769289032
1114,3519,-1.61324971973304
1114,3631,-0.448163414249658
1114,3755,-1.40088316428922
1114,3768,-1.15324785638226
1114,3889,-0.684087144590957
1114,3927,-0.913944924808407
1115,1116,1.59204188737078
1115,1119,0.084569281431604
1115,1121,0.320498927807049
1115,1123,-0.652036187203224
1115,1126,-0.379931717199547
1115,1229,0.630803900158615
1115,1855,-0.0903234097115767
1115,2229,1.07351864109172
1115,2368,-0.102524414448216
1115,2373,1.18087738273787
1115,2961,-0.63693743607319
1115,3304,0.45642466496552
1115,3804,1.25207289189962
1116,1124,0.827992258440572
1116,1509,-1.18740323078138
1116,1530,0.356687380652728
1116,1866,-0.588510115265662
1116,1978,-1.0940063417878
1116,2155,-1.56258404050146
1116,2605,-0.918836041644683
1116,2613,-1.23594750805899
1116,3342,-0.969694900462283
1116,3462,-0.965943152052749
1116,3761,-1.6190015366391
1116,3783,-1.97715986958295
1117,1122,0.902719745073953
1117,1124,2.46126335675847
1117,1127,0.210085908168876
1117,1129,0.136936588710657
1117,1130,-0.23943754723818
1117,1521,-0.123231556615845
1117,1738,0.724135740760242
1117,1967,0.706888463182276
1117,2290,1.04727937239834
1117,2426,0.771328186684068
1117,3061,0.88237385909045
1117,3078,1.80583472151848
1117,3277,0.822980972529751
1117,3378,1.79490714851057
1117,3413,0.338942849076165
1117,3451,-0.799661448071717
1117,3612,0.139157585130112
1117,3756,0.458339035451898
1117,3891,1.42274658804804
1118,1124,1.61275241287656
1118,1125,0.029260374952962
1118,1127,-0.638425035713031
1118,1129,-0.711574355171251
1118,1250,-0.480140539956854
1118,2448,-0.21801586798158
1118,2466,0.413322134962575
1118,2467,-0.686180691751931
1118,2524,-0.581414500058193
1118,2883,0.374580535447992
1118,2926,0.304925818169317
1118,2961,-1.44421916900798
1118,3130,-0.0399767202006768
1118,3149,-0.401470976580739
1118,3150,-0.750330102521101
1118,3204,-0.403653896775878
1118,3974,-0.637270007444946
1119,1123,-0.736605468634828
1119,1125,0.751972826456148
1119,1126,-0.464500998631151
1119,1344,0.180875728015778
1119,1366,0.0257863647159474
1119,2211,-1.21118267814793
1119,2471,-0.145356109015214
1119,3060,-0.315370576358522
1119,3125,-0.256128217619895
1119,3383,0.350578805588518
1119,3485,0.106315787301105
1119,3778,-0.23156623201403
1119,3979,0.503383788133703
1120,1124,2.006480833294
1120,1125,0.422988795370402
1120,1129,-0.317845934753811
1120,1132,-0.159344106007143
1120,1133,1.70568610917468
1120,1323,-0.606917865593761
1120,1560,0.511709246786744
1120,1577,0.215402774854509
1120,1677,-0.522069058289273
1120,1705,-0.383536881257844
1120,1727,-0.763674656877686
1120,2527,-0.662178046784141
1120,2607,0.496221692531136
1120,2609,0.392600155601575
1120,2850,-0.172110323769041
1120,3213,-1.10882151738568
1120,3240,-0.102269358054341
1120,3602,1.18089400952769
1121,1122,0.540991606319785
1121,1124,2.0995352180043
1121,1126,-0.700430645006597
1121,1131,1.02136260503289
1121,1177,0.605441381909626
1121,1393,-0.256123568839109
1121,1443,0.983469053319777
1121,1458,0.0378218312038121
1121,1950,0.0289598553239318
1121,1996,-0.04981103509561
1121,2740,0.398341071314762
1121,3145,-0.369990158209596
1121,3211,-0.176689186922347
1121,3226,1.27953168637437
1121,3241,0.393691717289593
1121,3534,-0.17307882750029
1121,3889,0.446329236108944
1121,3902,-0.0413846415686444
1121,3976,-0.460420709621263
1121,3977,0.0969010008706986
1122,1127,-0.692633836905076
1122,1128,-0.525809286563137
1122,1129,-0.765783156363296
1122,1134,-0.91374205362816
1122,1790,-1.59415343559159
1122,2257,-0.142528077618996
1122,2320,-0.54268697056578
1122,2456,-0.192379425974001
1122,2703,-0.845555981780404
1122,2900,-1.75027684529459
1122,2964,-1.1784856316838
1122,3241,-0.147299889030192
1122,3260,-1.13349107285694
1122,3397,0.279372145083624
1122,3618,1.27209772572243
1123,1125,1.48857829509098
1123,1131,1.99389772004316
1123,1133,2.77127560889525
1123,1134,0.599784667701898
1123,1315,0.339769033534276
1123,1460,0.422009958489479
1123,1467,0.135040315676081
1123,1613,1.31530534659634
1123,1634,0.443763826200015
1123,1635,1.32124068252575
1123,1974,0.983248765199369
1123,2350,1.81929968965429
1123,2752,0.407233538145227
1123,2785,1.42792194438372
1123,2802,-0.134743500937795
1123,3324,1.13176801929961
1123,3391,2.09196796696228
1123,3459,1.37539703120202
1123,3640,0.338121194882141
1124,1128,-2.08435289824765
1124,1132,-2.16582493930115
1124,1134,-2.47228566531268
1124,1152,-3.27421839724203
1124,1153,-3.15650457612374
1124,1174,-2.58528172687134
1124,1415,-1.91141653367024
1124,1727,-2.77015549017169
1124,1863,-3.0672916990586
1124,2299,-1.15702236653089
1124,2869,-1.36047042469106
1124,2961,-3.05697158188454
1124,3453,-2.95163886543776
1124,3607,-2.83717977720081
1124,3819,-2.41850035250944
1124,3893,-2.39480961158053
1125,1126,-1.2164738250873
1125,1127,-0.667685410665994
1125,1130,-1.11720886607305
1125,1131,0.505319424952185
1125,1132,-0.582332901377545
1125,1135,-0.102749256405723
1125,1136,-0.666227957009493
1125,1254,-1.78183399902748
1125,1561,0.463070087137356
1125,1833,1.13076827276199
1125,1927,-0.973642661255638
1125,1999,0.827101628714946
1125,2098,-1.13108132863526
1125,2099,0.418286087599187
1125,2810,-1.46586767640995
1125,3587,-0.702897966037479
1125,3595,0.99788908121001
1125,3743,0.62005509928922
1125,3967,-0.185014344375042
1126,1135,1.11372456868158
1126,1139,-0.553375594994454
1126,1168,3.27596066322142
1126,1521,0.215470949636584
1126,1782,2.28905051846492
1126,1898,1.10419005432532
1126,2002,2.11460146617071
1126,2206,0.664242143605802
1126,2429,1.45169019301497
1126,2463,0.268928014956478
1126,2493,1.24868221730969
1126,2588,1.08368846275087
1126,2675,0.637898701580366
1126,2903,1.41788269987322
1126,3070,0.369834031753068
1126,3269,0.248349762853478
1126,3359,-0.461948402119289
1126,3590,1.3242096890885
1126,3800,0.417979792671738
1126,3857,0.601694009550756
1127,1128,0.16682455034194
1127,1129,-0.0731493194582192
1127,1133,1.95038272447027
1127,1136,0.0014574536565
1127,1216,0.409106898636879
1127,1263,-0.0965122745160412
1127,1397,0.722993046915579
1127,1587,0.871688363470881
1127,1985,0.598560237138909
1127,2292,0.0867605829258742
1127,2527,-0.417481431488549
1127,2757,1.48301227203407
1127,3120,0.231224692771857
1127,3178,0.1049473069587
1127,3582,1.29141562635401
1127,3595,1.665574491876
1127,3663,0.966631663490903
1127,3688,0.51010514784611
1127,3998,1.29830735083784
1128,1136,-0.16536709668544
1128,1139,-1.2689885597577
1128,1140,0.203961488752544
1128,1362,-0.678668269608002
1128,1545,0.317132455243695
1128,2057,0.388209731661571
1128,2267,1.17625983605355
1128,2372,-0.337432890206306
1128,2452,-0.668443312256886
1128,2850,-0.0942382588153894
1128,3138,0.550030631089294
1128,3453,-0.86728596719011
1128,3455,0.338115177373832
1128,3758,0.664693237041156
1128,3964,-0.185859086144632
1129,1131,1.2461541550764
1129,1132,0.158501828746667
1129,1135,0.63808547371849
1129,1136,0.0746067731147193
1129,1137,-0.487275615722493
1129,1139,-1.02901468995754
1129,1140,0.443935358552703
1129,1142,0.239330588106104
1129,1153,-0.832177808075925
1129,1246,0.290807666625608
1129,1931,-0.6399322162357
1129,2144,0.488436466447833
1129,2506,0.420388114183755
1129,3116,1.0062955909814
1129,3603,0.689155018315432
1129,3680,0.906938811968392
1130,1133,2.39990617987732
1130,1134,0.228415238683972
1130,1135,1.01445960966733
1130,1136,0.450980909063556
1130,1137,-0.110901479773656
1130,1139,-0.652640554008704
1130,1142,0.61570472405494
1130,1275,-0.294457974077721
1130,1732,1.3328022821233
1130,1834,0.685494109178957
1130,2844,1.46369801111039
1130,3170,1.7759134435555
1130,3536,0.164399287785564
1130,3555,1.38744925032085
1130,3807,0.646617510013987
1131,1132,-1.08765232632973
1131,1133,0.777377888852089
1131,1135,-0.608068681357908
1131,1137,-1.73342977079889
1131,1143,-0.10226286537219
1131,1144,-0.32250498388322
1131,1533,-0.685311470571634
1131,1554,-1.640484047963
1131,1673,-0.306259279504748
1131,1774,-0.985231307459526
1131,1936,-0.326111357172135
1131,2187,-1.00946070429908
1131,2337,0.118438625621691
1131,2521,-0.85110537160379
1131,2705,-0.590637285758476
1131,2909,-0.460410911772229
1131,3252,0.342307515077675
1132,1134,-0.306460726011532
1132,1137,-0.64577744446916
1132,1138,0.799701072211038
1132,1145,0.284205505165854
1132,1817,-1.30612493233098
1132,2072,-0.0096604458395695
1132,2665,0.998862914039043
1132,2955,1.52241811144758
1132,3029,0.903988749991327
1132,3113,0.407377565729554
1132,3132,0.867092468663396
1132,3635,-0.83796202457525
1132,3945,-0.106069455989775
1133,1137,-2.51080765965098
1133,1139,-3.05254673388603
1133,1141,-0.933438718646654
1133,1230,-1.29013550296234
1133,1368,-1.00932872257051
1133,1598,-1.2376773497253
1133,1893,-2.01162386221753
1133,2324,-1.35071213538471
1133,2325,-2.0029204274719
1133,2342,-1.13285200909983
1133,2471,-2.18002624927564
1133,2487,-1.56608240380118
1133,2615,-1.32628042338701
1133,2990,-0.180966169366877
1133,3184,-1.63584223071836
1133,3193,-2.0777927614611
1133,3511,-1.04145962319627
1133,3651,-0.594751708866265
1134,1137,-0.339316718457628
1134,1140,0.591894255817568
1134,1141,1.2380522225467
1134,1146,0.526285329624739
1134,1253,0.0975155649074536
1134,1268,0.267519837391693
1134,1277,0.576135241455285
1134,1438,1.21159670417248
1134,1606,0.36635815084887
1134,1612,0.937396646817457
1134,1829,1.90056783361755
1134,1916,-0.979739174099351
1134,1945,0.777131120604108
1134,1982,1.56792883698867
1134,1992,-0.905583831542911
1134,2283,1.07125015931519
1134,2879,-0.0585710882681524
1134,3018,0.639387219928756
1134,3439,-0.302940681401563
1134,3770,-0.240337696692386
1134,3830,0.476555085950696
1134,3899,-0.697854840575703
1135,1137,-1.12536108944098
1135,1139,-1.66710016367603
1135,1145,-0.195378139805968
1135,2034,-1.82439013958833
1135,2189,0.497688776142099
1135,2673,-1.36383542656894
1135,2786,0.254970016717026
1135,2840,-0.746774491835637
1135,3118,0.108261841477053
1135,3194,-1.29082470711062
1135,3510,0.0637760093607
1135,3561,1.26094690052308
1135,3637,-0.0271040844034039
1135,3692,0.559679154358309
1135,3753,-0.266289009888313
1135,3800,-0.695744776009837
1135,3881,-0.874218519064818
1136,1137,-0.561882388837212
1136,1139,-1.10362146307226
1136,1140,0.369328585437984
1136,1143,1.06928451658949
1136,1147,-0.472291131670424
1136,1149,0.4227643537016
1136,1230,0.658789767851425
1136,1858,0.157063170600829
1136,1869,-0.28907391674638
1136,1870,-0.636530514209927
1136,1887,-1.26531251525543
1136,2080,1.21159505933178
1136,2089,0.677887869402828
1136,2332,-0.667191773479863
1136,2517,0.332934496886201
1136,3182,0.0232022316843065
1136,3233,0.192114672860489
1136,3396,-1.03491134238205
1136,3411,0.360522952840144
1136,3568,-0.803499534074591
1136,3618,1.963274108971
1137,1138,1.4454785166802
1137,1139,-0.541739074235048
1137,1146,0.865602048082368
1137,1158,0.780067051898569
1137,1372,1.04078549611435
1137,1428,1.34016156239903
1137,1663,0.388930501575833
1137,2442,0.763111585248334
1137,2578,-1.15729283181598
1137,3146,2.39926411961252
1137,3337,1.10379802114957
1137,3576,1.32971924085425
1137,3793,1.50257184873261
1137,3815,0.707226900528117
1137,3832,1.10957522778033
1137,3967,1.04309600147166
1138,1139,-1.98721759091525
1138,1140,-0.514267542405002
1138,1147,-1.35588725951341
1138,1157,-1.74436093557348
1138,1284,-0.148426730185681
1138,1315,-1.36617743239019
1138,1375,0.304081037053531
1138,1861,-0.588163942720244
1138,1870,-1.52012664205291
1138,2586,-0.572694956624806
1138,2618,0.875612411982729
1138,2649,0.0448288604135858
1138,2700,-1.32866114867472
1138,2751,-0.829597598654707
1138,2784,0.770588126293369
1138,2890,-1.41835639938452
1138,2902,-0.312087295490217
1138,3012,-0.578236571179584
1138,3730,0.702256956523087
1139,1140,1.47295004851024
1139,1141,2.11910801523937
1139,1142,1.26834527806364
1139,1143,2.17290597966175
1139,1145,1.47172202387006
1139,1148,1.67494783758639
1139,1152,0.0791230607633223
1139,1259,2.38225828687572
1139,1615,1.39019232208882
1139,1698,2.19275118389473
1139,1796,1.82436815721594
1139,1833,2.90061769284374
1139,1884,1.72345807169518
1139,2399,1.33769671971694
1139,2467,1.05440835337686
1139,2656,2.10280278905948
1139,2787,2.76175324768867
1139,3181,1.02562952444249
1139,3246,1.90212766209461
1139,3366,0.924795779799664
1139,3470,1.84252655645698
1139,3736,1.42792870940226
1139,3973,1.89967584223669
1140,1141,0.646157966729129
1140,1145,-0.0012280246401821
1140,1146,-0.065608926192829
1140,1147,-0.841619717108408
1140,1148,0.201997789076151
1140,1149,0.0534357682636161
1140,1325,0.0348750539348554
1140,1729,-0.634040216673846
1140,1860,-0.355646247810184
1140,2106,-0.376550577050528
1140,2293,-0.640530719563515
1140,2380,-0.633332919410038
1140,2811,-0.827559373895681
1140,3321,0.388935458852975
1140,3395,0.687856142888866
1140,3419,-0.0677741524892192
1141,1142,-0.850762737175729
1141,1144,-0.166444154088655
1141,1145,-0.647385991369311
1141,1149,-0.592722198465513
1141,1152,-2.03998495447605
1141,1317,-0.257821484693846
1141,1337,-0.637657718690682
1141,1388,-1.30851592288359
1141,1552,-0.101272962393231
1141,1559,-0.884900733550269
1141,1678,-1.01590294691152
1141,1687,-1.01462687492337
1141,1764,-0.807249867783
1141,2016,-0.243260187201278
1141,2178,-0.434819521930108
1141,2334,-0.114629797947308
1141,3214,0.554261804250718
1141,3509,-0.67079073166319
1142,1150,0.56681385198148
1142,1151,0.582230206299118
1142,1152,-1.18922221730032
1142,1611,-0.160069540264481
1142,1838,0.695977377813965
1142,2212,0.5256222135015
1142,2643,-0.288549564863576
1142,2708,-0.691244544290375
1142,2920,-0.68778678794138
1142,3181,-0.242715753621153
1142,3319,-0.0365675198954637
1142,3359,-1.17691808518848
1142,3780,0.0357272142330181
1142,3995,-0.668650095719499
1143,1144,-0.22024211851103
1143,1152,-2.09378291889843
1143,1163,-0.367440629268073
1143,1601,-0.363020999827708
1143,1750,-1.50542953406876
1143,1769,-0.319392565816979
1143,1831,0.624639528660409
1143,2040,-1.13667582346042
1143,2494,0.480388405037245
1143,2505,-0.552763882447632
1143,2578,-2.78845973724268
1143,2588,-0.535841921916426
1143,3289,-0.595678210320829
1143,3397,-0.0987359882572878
1143,3417,-1.54862747841756
1143,3458,-0.698531436412051
1143,3494,-1.52394182364451
1144,1146,-0.545322738833303
1144,1147,-1.32133352974888
1144,1148,-0.277716023564323
1144,1153,-1.7558269792691
1144,1155,-1.50342184278429
1144,1156,-0.0398101980797961
1144,1157,-1.70980720580895
1144,1371,0.372340139013513
1144,1930,-1.3492994162164
1144,2150,0.696024637493458
1144,2650,-1.32122808369125
1144,2731,0.115990319561181
1144,2771,0.104665093495594
1144,3051,-0.0679959217833678
1144,3898,-0.0143817627768371
1145,1146,-0.0643809015526468
1145,1147,-0.840391692468226
1145,1148,0.203225813716333
1145,1154,-0.680740177767608
1145,1242,0.826400731953968
1145,1291,0.232381618517745
1145,1432,-0.773517397378801
1145,1781,-0.0484671100113837
1145,1861,-0.0726683756750594
1145,1865,1.35143894747636
1145,2276,-0.826196398218085
1145,2579,-0.322978908624914
1145,2626,1.23941122587103
1145,2808,-0.133736032227612
1145,2879,-0.649237319445539
1145,2968,-1.55425141180804
1145,3355,-0.200383163038655
1145,3628,0.753637764346945
1145,3800,-0.500366636203869
1146,1147,-0.776010790915579
1146,1150,0.427818007727709
1146,1151,0.443234362045347
1146,1155,-0.958099103950988
1146,1156,0.505512540753507
1146,1544,0.339312575291125
1146,1770,-0.156309511114311
1146,1804,0.627118169037715
1146,1863,-1.12129136337066
1146,1950,-0.124575026992432
1146,2025,-1.16237973098177
1146,2039,0.39191509213663
1146,2444,-0.702172948634554
1146,2446,-0.923096463786152
1146,2686,-0.801951847924749
1146,2702,-0.255215121202926
1146,2924,0.79752174341634
1146,2960,0.0386452931618684
1146,2985,0.258928086114302
1146,3718,-0.0545213132935111
1147,1148,1.04361750618456
1147,1149,0.895055485372024
1147,1151,1.21924515296093
1147,1154,0.159651514700618
1147,1155,-0.182088313035408
1147,1156,1.28152333166909
1147,1728,1.89340952275539
1147,1997,1.39252650499105
1147,2003,0.750908572449095
1147,2275,1.90688431294609
1147,2664,1.25179984236018
1147,2710,1.18134958864118
1147,2877,-0.733111015547408
1147,3448,0.420909238615105
1147,3539,1.30402957577104
1147,3698,2.23323600435574
1147,3809,0.866226367309728
1147,3836,-0.707971393509786
1147,3928,1.3679000923672
1148,1150,0.160211292458729
1148,1155,-1.22570581921997
1148,1156,0.237905825484527
1148,1159,-0.584447770319169
1148,1161,-0.398440929670445
1148,1365,0.566145248965475
1148,1505,-1.48741035173502
1148,1779,-0.992170564182406
1148,2314,-0.416607694881981
1148,2480,-0.238591189744542
1148,2700,-1.01639139534587
1148,2744,-0.829101986580296
1148,3370,0.34648569267738
1148,3658,-0.86189013990562
1148,3819,-0.740106732090483
1149,1153,-1.32954893489224
1149,1162,0.184113843157847
1149,1186,2.17212699791818
1149,1241,-0.0797577337004388
1149,1335,-0.452858740791902
1149,1482,-0.109253398604355
1149,1774,-0.236448279199448
1149,1805,-0.446740065417957
1149,1849,0.63213126210058
1149,2022,0.248198146514482
1149,2607,0.316696500468627
1149,2656,0.576416972285615
1149,3096,0.149162981045176
1149,3345,-0.250523498059047
1149,3420,0.203234711868988
1149,3604,-0.680777395060272
1149,3694,0.282005692543953
1149,3901,0.707976156480907
1149,3999,0.168776669588434
1150,1151,0.0154163543176375
1150,1152,-1.7560360692818
1150,1159,-0.744659062777898
1150,1160,0.319301684382623
1150,1161,-0.558652222129174
1150,1543,-0.0077217629624657
1150,1598,-0.0202897458843964
1150,2145,-0.323495468426884
1150,2410,0.366592616098432
1150,2429,0.169906657964303
1150,2434,-0.173423051423306
1150,2452,-1.23461388254431
1150,2491,-0.965066121682238
1150,3136,0.390242887683928
1150,3523,-0.816782611587896
1151,1152,-1.77145242359944
1151,1157,-1.607718829021
1151,1159,-0.760075417095536
1151,1162,-0.140075824431055
1151,1163,-0.0451101339690872
1151,2085,-0.520762357873443
1151,2198,-0.365094256587787
1151,2847,-0.957000763823046
1151,3262,-0.139533730896986
1151,3289,-0.273347715021843
1151,3336,-0.124622229675829
1151,3443,-0.0129164707551057
1151,3754,-0.612801203308886
1151,3885,-0.310346906473926
1152,1153,0.117713821118293
1152,1154,0.711858785339132
1152,1156,1.8337306023076
1152,1158,1.24268306537029
1152,1161,1.19738384715263
1152,1163,1.72634228963035
1152,1334,0.532556743730779
1152,1382,0.33685206925443
1152,1428,1.80277757587075
1152,1432,0.619081565727938
1152,1844,1.0606491151155
1152,2099,2.10901244691762
1152,2337,2.31448440989231
1152,2706,0.965754704314228
1152,2826,0.218320168502851
1152,3668,0.630473351881871
1152,3895,0.527169389259634
1153,1157,0.0460197734601487
1153,1158,1.124969244252
1153,1166,1.19375568541848
1153,1322,0.16158568779869
1153,1387,2.01223793118264
1153,1770,1.05419472932149
1153,1792,1.63704670033945
1153,1831,2.60070862644054
1153,1930,0.406527563052701
1153,3614,3.16450009644922
1153,3868,1.3318144827486
1153,3967,1.3879981938251
1154,1155,-0.341739827736026
1154,1158,0.530824280031162
1154,1167,0.731150763416226
1154,1703,0.130991895896955
1154,2120,-0.0354535408507258
1154,2338,1.29490169362338
1154,2359,0.118270500700523
1154,2751,0.366638146158086
1154,2876,-0.136963458863692
1154,2915,1.60961964761472
1154,2989,1.38195819814535
1154,3295,0.979939071402868
1154,3379,-0.139530259555469
1154,3493,0.150085520086613
1154,3552,0.83508797012633
1154,3749,-1.18740511631666
1155,1159,0.641258048900799
1155,1160,1.70521879606132
1155,1162,1.26125764156528
1155,1164,1.28593411655734
1155,1166,0.941350548933666
1155,1303,1.09668971658454
1155,1405,3.05514943615
1155,1454,0.287978472840571
1155,1634,0.275792932824365
1155,1863,-0.163192259419672
1155,2081,1.06880842940788
1155,2428,2.65432298029288
1155,2937,-0.399239364633296
1155,3612,0.581993668010568
1155,3829,2.13449513760015
1155,3912,0.75094600088662
1156,1158,-0.591047536937306
1156,1161,-0.636346755154971
1156,1162,-0.202354003139215
1156,1165,-1.23726751979473
1156,1166,-0.522261095770828
1156,1168,1.91648259514495
1156,1859,-1.8430666734527
1156,1907,0.517614587480037
1156,2024,-1.0171229845095
1156,2059,-0.554552830265769
1156,2066,-0.296525973240512
1156,2374,-0.577259318133082
1156,2389,-1.63869445380237
1156,2400,-0.586176693949879
1156,2551,-0.316243882635487
1156,3114,-0.847780814989524
1156,3386,-0.20783939452762
1156,3439,-1.33473855177981
1156,3585,0.561286542823433
1156,3753,-0.512042509283205
1156,3877,-0.89034731817724
1156,3969,-0.241152090664837
1157,1159,0.847643411925462
1157,1170,2.06870563675716
1157,1518,1.46293822811255
1157,1629,1.8449997337363
1157,1783,1.91226745380265
1157,2013,1.20144284530354
1157,2586,1.17166597894868
1157,2749,2.46995400658286
1157,2981,1.64697009139757
1157,3118,1.53250534981132
1157,3407,2.88076725893088
1157,3539,1.69250325183111
1157,3598,1.67921617958065
1157,3722,0.697600954821123
1157,3857,0.912212949203446
1158,1160,0.832654688294131
1158,1164,0.413370008790151
1158,1167,0.200326483385064
1158,1169,0.351581582370115
1158,1479,0.310936828104527
1158,1551,0.174229257008397
1158,1633,-0.158425901707697
1158,2017,-0.558845217949117
1158,2049,0.0402106154618475
1158,2060,0.829286644272076
1158,2489,0.0342356421363036
1158,3284,0.993921890272088
1158,3391,1.05143296581945
1158,3409,0.661442558810187
1158,3674,-0.316075405843228
1158,3801,0.57201460559998
1158,3881,-0.528924481522404
1159,1172,-2.00589880732362
1159,1476,0.666779897976991
1159,1508,-0.161002880955918
1159,2162,0.555905915536144
1159,2740,0.561647244048587
1159,2775,0.242372007599621
1159,3000,1.36436222542394
1159,3025,0.548822765448392
1159,3128,0.371016767058307
1159,3752,0.885938631269166
1159,3881,-0.297618422656014
1160,1161,-0.877953906511797
1160,1162,-0.44396115449604
1160,1166,-0.763868247127653
1160,1167,-0.632328204909067
1160,1169,-0.481073105924015
1160,1172,-3.06985955448415
1160,1232,-0.563462093500398
1160,1737,-1.38105660126159
1160,1844,-1.01468863854893
1160,2397,-0.747751243811415
1160,2580,-0.390285686220077
1160,2957,-2.25224045965778
1160,3097,0.0183838547562095
1160,3261,-0.407690240028389
1160,3754,-0.916686533373871
1160,3939,-0.390459633373779
1161,1167,0.245625701602729
1161,1169,0.396880800587781
1161,1171,1.284850205215
1161,1315,-0.655466749390896
1161,1824,0.500190284109507
1161,1951,0.946549888802531
1161,2902,0.398623387509079
1161,2912,-0.0728758339670585
1161,2965,-0.0628412466616367
1161,3576,0.594951407173347
1161,3729,-0.103318326680457
1161,3940,-0.530297848085034
1162,1163,0.0949656904619674
1162,1164,0.0246764749920599
1162,1166,-0.319907092631613
1162,1172,-2.62589839998811
1162,1174,-0.942439928797696
1162,1235,-0.590370650390545
1162,1253,-0.731928302331578
1162,1378,-0.715108057925161
1162,1580,-0.16553725103646
1162,1744,0.390204180157706
1162,2049,-0.348482918336244
1162,2104,0.15603607783298
1162,2229,0.296326293354013
1162,2957,-1.80827930516174
1162,3033,-1.0717226416672
1162,3125,-0.948751283925996
1162,3162,-1.10495117293795
1162,3501,-0.981269476744854
1162,3638,-0.62010185004662
1162,3772,-0.367972286829653
1162,3865,0.786000105160093
1162,3886,-1.19580611020163
1163,1173,0.0511182480367681
1163,1175,-0.789110296866272
1163,1176,-0.405479879823734
1163,1859,-1.73567836077545
1163,1879,0.399135533049461
1163,1915,-1.12181789313436
1163,2034,-1.96275532630598
1163,2050,-1.21006073420631
1163,2091,-1.57827389000558
1163,2168,-0.277913931529532
1163,2301,-0.019428275968119
1163,2502,-0.509913786425918
1163,2527,-1.12078277246646
1163,2530,-0.202531560928436
1163,2702,-0.653339349279186
1163,2801,-1.28292733210124
1163,3144,-0.202845630668433
1163,3382,-0.122929520528293
1163,3405,0.524755201948022
1163,3421,-1.10286779368009
1163,3436,-0.842164165711308
1163,3789,-0.349895626302116
1163,3798,-0.723659499813404
1163,3872,-0.640650309926203
1163,3929,-1.04814399260614
1164,1166,-0.344583567623673
1164,1167,-0.213043525405087
1164,1173,0.121407463506676
1164,1177,0.12407148698691
1164,1299,-1.5165293506879
1164,1448,0.541688984050802
1164,1512,-1.34915143219955
1164,1532,-0.15601740692543
1164,1572,-0.209272025481209
1164,1870,-1.26808518606143
1164,2090,0.321969981937039
1164,2108,-0.645327514030594
1164,2501,0.0212068522258654
1164,2612,-0.636347577760738
1164,2728,-0.545864722728943
1164,2929,-0.496297300036915
1164,3173,-1.29754759144187
1164,3208,-1.09088650228199
1164,3593,-1.34187729042496
1164,3599,0.459319023077183
1164,3655,-0.888675717444568
1164,3803,0.694599386425532
1165,1174,0.0924735878578145
1165,1175,0.340768910251207
1165,1177,1.18366147863448
1165,1178,0.398467964552175
1165,1419,1.2964202073898
1165,1628,0.725214519618646
1165,2002,1.99239091788896
1165,2080,1.63963037912784
1165,2295,0.899736481826033
1165,2298,1.00890940663371
1165,2317,1.47505002350761
1165,3266,1.15863684559987
1165,3312,0.165736943726657
1165,3320,1.90166110572702
1165,3589,0.803543234446068
1165,3599,1.51890901472475
1165,3685,-0.797508325653362
1165,3857,0.479483461269014
1165,3896,0.970717206062905
1165,3976,0.117799387103592
1166,1167,0.131540042218586
1166,1171,1.17076454583086
1166,1172,-2.30599130735649
1166,1173,0.465991031130349
1166,1175,-0.374237513772691
1166,1177,0.468655054610583
1166,1178,-0.316538459471723
1166,1180,-0.766778036094753
1166,1455,-1.5849876376897
1166,1670,0.349074587111378
1166,1920,0.746491502803742
1166,1937,-0.680092443183073
1166,1974,-0.126072677109947
1166,2504,0.39419742469006
1166,2813,0.242522325200424
1166,2894,1.41236490560012
1166,2996,-0.0729525279592233
1166,3269,-0.588867209452162
1166,3302,1.79948726614938
1167,1168,2.30720364869719
1167,1171,1.03922450361227
1167,1172,-2.43753134957508
1167,1173,0.334450988911763
1167,1821,-0.824705482588522
1167,2326,0.256787733854022
1167,2540,-0.65283805664568
1167,2629,0.375624376264271
1167,3513,-0.498599095161778
1167,3546,-1.22618543921039
1167,3586,-0.458279951245128
1167,3918,-0.401625294057595
1168,1170,-1.51777396611695
1168,1172,-4.74473499827227
1168,1174,-3.06127652708186
1168,1386,-2.29137204881686
1168,1688,-2.43462064260324
1168,1837,-3.61142711318709
1168,2015,-3.82221349932254
1168,2297,-3.48156812300586
1168,2477,-1.06663765450121
1168,2544,-2.59889350600962
1168,2828,-1.57305978924533
1168,3163,-3.62246290020238
1168,3706,-2.4026398322582
1168,3754,-2.59156197716199
1169,1170,0.638174583595192
1169,1172,-2.58878644856013
1169,1179,1.0745320812185
1169,1182,0.500090874363446
1169,1190,-1.02044956495912
1169,1615,-0.283195386414913
1169,1640,0.285581882952064
1169,1837,-1.45547856347495
1169,2132,-1.75656886912266
1169,2276,-1.02786208285176
1169,2332,-1.23695801891133
1169,2532,-0.689059152173136
1169,2750,-0.801507482262729
1169,3045,-0.608143830037271
1169,3161,-0.135153758653428
1169,3780,-0.369315216207069
1169,3820,-1.95210026440736
1170,1174,-1.54350256096491
1170,1180,-1.68774776089358
1170,1182,-0.138083709231746
1170,1300,-0.83743967327529
1170,1675,-0.596476408304107
1170,1880,-1.68576527005957
1170,2085,-0.981749165609604
1170,2214,-0.399840983655795
1170,2395,-1.16971960775908
1170,2737,-0.976591513648701
1170,2790,-0.631857974112576
1170,2795,-2.17774481095779
1170,2855,-0.512385036548117
1170,3478,-0.173737454796584
1170,3555,-0.27147248776937
1170,3666,-1.00264904108146
1171,1175,-1.54500205960355
1171,1176,-1.16137164256101
1171,1751,-0.937455398892572
1171,2250,-0.608176059277266
1171,2277,-1.93145226830142
1171,2523,-0.446717541967157
1171,2575,-1.51855711322994
1171,2637,-0.923740077355987
1171,2648,-1.42582541335201
1171,2703,-1.61211524859052
1171,3165,-1.61942481795741
1171,3239,-1.0325573600819
1171,3655,-1.71485669565175
1171,3701,-1.61554115308934
1171,3786,-1.66364386388007
1171,3814,-1.74974607175944
1172,1175,1.9317537935838
1172,1176,2.31538421062634
1172,1178,1.98945284788477
1172,1181,2.808450468153
1172,1185,1.72267120903217
1172,1285,2.675376046155
1172,1419,2.8874050907224
1172,1672,2.05952436400195
1172,2110,1.98663240561907
1172,2129,3.33351285667846
1172,2261,2.71743801784385
1172,2265,2.77721935880532
1172,2447,3.41242983973758
1172,3040,1.65212746187982
1172,3236,2.95057486693786
1172,3409,2.8986474250002
1172,3488,1.61551694379425
1172,3519,1.68637164102432
1172,3980,1.93835900705388
1173,1181,0.036468129666155
1173,1182,0.316894984436735
1173,1368,0.186634412885072
1173,1722,-0.265095509868835
1173,1879,0.348017285012693
1173,1989,-0.0063295077212188
1173,2000,0.250364052400622
1173,2127,-0.556258384987191
1173,2258,0.98716777971669
1173,2387,-1.44362584643016
1173,2586,-0.442060964140003
1173,2756,0.22277754320651
1173,2950,-0.813745306930382
1173,2989,0.316356445817361
1173,3036,0.547559435066262
1173,3199,-0.750004559856686
1173,3319,-0.624805840262262
1173,3685,-1.97850578080761
1173,3754,-0.618809317376567
1173,3979,-0.335323216671134
1174,1177,1.09118789077667
1174,1182,1.40541885173317
1174,1186,2.93045308355803
1174,1222,0.588784005437375
1174,1400,1.14690417256475
1174,1597,1.49954422838998
1174,1950,0.514706364190972
1174,2944,-0.103773462892597
1174,3123,0.463745033515913
1175,1178,0.0576990543009687
1175,1180,-0.392540522322062
1175,1183,1.26563390667574
1175,1188,0.66056014693667
1175,1220,2.1005659439376
1175,1329,1.20017183957598
1175,1966,-0.160448771319699
1175,2555,1.48860208145714
1175,2704,0.0802528158484902
1175,2757,1.56882122792243
1175,2861,-0.337552791035021
1175,2891,0.752697256688243
1175,3137,1.23282617676172
1176,1179,1.34793431915229
1176,1181,0.493066257526658
1176,1183,0.882003489633206
1176,1187,0.198346353896762
1176,1189,-0.739930124230269
1176,1377,-0.543857207628504
1176,1408,0.0536733572652817
1176,1469,-0.206965443322125
1176,1496,0.400887102672452
1176,1794,-0.640166481071994
1176,2279,-0.846593213630017
1176,2446,-0.915740812038677
1176,2505,0.220156626644176
1176,2512,0.0777539246794992
1176,2564,-1.01725923739406
1176,2803,-0.294713622148185
1176,3271,0.411429431405663
1176,3674,-0.394254750279552
1176,3751,0.811537259659065
1177,1181,0.0338041061859208
1177,1189,-1.19919227557101
1177,1305,-1.00731184153307
1177,1444,-0.696475939140371
1177,1471,0.118932788998713
1177,1474,1.65661286808319
1177,1685,-0.283060253761154
1177,1710,0.0085798435194141
1177,1732,0.126195214221323
1177,1797,-0.958260602786121
1177,2152,-1.62396781100224
1177,2278,-0.680085518650551
1177,2338,0.226635917815159
1177,2911,-0.571595748031046
1177,3484,-1.36496604645332
1177,3683,-0.535247580300909
1177,3802,-1.8096612994126
1177,3964,-0.776118148297609
1178,1179,1.67386568189386
1178,1186,2.62445870686367
1178,1188,0.602861092635702
1178,1189,-0.4139987614887
1178,1190,-0.421115964283757
1178,1191,0.768478599051205
1178,1980,1.6407952368032
1178,2121,-0.947906264689283
1178,2244,0.210481759915115
1178,2543,0.604092257466962
1178,2776,0.842137466077426
1178,2951,-0.55157663889029
1178,3177,0.792403156614816
1178,3504,-0.761203114550973
1178,3532,0.519338983478941
1178,3935,-0.604299236963743
1179,1181,-0.854868061625636
1179,1183,-0.465930829519087
1179,1190,-2.09498164617762
1179,1192,-1.17522452622628
1179,1840,-1.27449318709427
1179,1991,-1.42506633103022
1179,2107,-1.48492396855834
1179,2439,-0.140730285858603
1179,2968,-2.83044917766021
1179,3442,-1.52646514201925
1179,3457,-1.2934336213611
1180,1183,1.65817442899781
1180,1185,0.183457937770428
1180,1188,1.05310066925873
1180,1192,0.948880732290617
1180,1244,1.54127283125796
1180,1278,1.98216691642269
1180,1296,1.09263379733004
1180,1361,0.713306497008032
1180,2559,0.837231989764088
1180,2714,-0.296267673697382
1180,3006,1.17302178917125
1180,3761,0.282533131720344
1181,1182,0.28042685477058
1181,1187,-0.294719903629895
1181,1188,-0.216136527632524
1181,1193,-0.958969611502971
1181,1538,-1.75050228012294
1181,1864,-0.337043821382908
1181,1934,-0.0709803216262135
1181,2261,-0.0910124503091463
1181,2268,-0.395556227294831
1181,2272,-0.507618642608064
1181,2318,-1.01601299120244
1181,2344,-1.37683049256328
1181,2602,-0.514921854514227
1181,2708,-1.31595099432333
1181,2738,-0.546909421058992
1181,2818,-1.37053903170772
1181,3011,-0.580631422216163
1181,3502,-0.780319084455697
1181,3626,0.566563403820336
1182,1186,1.52503423182486
1182,1189,-1.51342323652751
1182,1194,-0.60127358036835
1182,1195,-1.46959021494148
1182,1388,-1.36288649051139
1182,1708,0.0006900666766231
1182,1744,-0.0727747427777642
1182,2125,-0.0295396762307925
1182,2142,-0.777278347444412
1182,2779,-1.05536850042477
1182,3455,-0.566374845735645
1182,3468,-1.35676912843425
1182,3512,0.489598452686862
1182,3718,-0.820658773843273
1182,3887,1.31094330253273
1183,1185,-1.47471649122738
1183,1187,-0.683657135736444
1183,1193,-1.34790684360952
1183,1194,-0.709783957704319
1183,1195,-1.57810059227745
1183,1467,-1.86567751953629
1183,1471,-0.303808549293757
1183,1956,-0.502662105568921
1183,2108,-1.19214033930997
1183,2766,-0.425557689859378
1183,2781,-1.91693355528341
1183,2864,-1.76414413389278
1183,2923,-1.17900063119515
1183,3029,-0.190483691507612
1183,3222,-0.766967694576875
1183,3241,-0.634491002912502
1184,1185,-0.437039461093573
1184,1186,2.4542008846227
1184,1191,0.598220776810234
1184,1192,0.328383333426616
1184,1195,-0.540423562143645
1184,1227,1.03541620484795
1184,1419,0.727694420596655
1184,1799,0.71073861105954
1184,2378,0.565035286746944
1184,2437,0.583700957337796
1184,2758,0.0977134185948645
1184,3041,-0.0784446717859859
1184,3135,0.0968733438322111
1184,3375,0.852924789936626
1184,3434,-0.0686581186092684
1184,3865,1.25218783502246
1185,1192,0.765422794520189
1185,1193,0.126809647617857
1185,1196,0.27460732116454
1185,1197,-0.648253365952843
1185,1254,-0.819257047921495
1185,1489,0.320992499586118
1185,1738,0.808941373031356
1185,1780,0.362524387188748
1185,1796,1.01709568824017
1185,1917,-0.0095026219384119
1185,2355,1.48280799621768
1185,2855,0.991904786575037
1185,3074,0.633549754836856
1185,3325,1.23362258997683
1185,3649,0.678571373987586
1185,3845,1.04438862576216
1186,1195,-2.99462444676634
1186,1199,-2.49501949903225
1186,1651,-3.03174914356742
1186,1950,-2.41574671936706
1186,2013,-2.25421331404673
1186,2059,-2.34021198188689
1186,2172,-3.42936663718425
1186,2762,-2.4132928803128
1186,2798,-0.944784669737256
1186,2826,-3.40106958542587
1186,2982,-2.4456535964859
1186,3002,-0.999469434422618
1186,3094,-1.35219612895282
1186,3212,-2.43980190837979
1186,3614,-0.337175836361208
1186,3775,-3.45451259979167
1186,3778,-2.91220245308046
1186,3824,-2.10013884867798
1186,3974,-2.59519377700819
1187,1188,0.0785833759973706
1187,1189,-0.938276478127031
1187,1191,0.244200882412874
1187,1192,-0.0256365609707443
1187,1194,-0.0261268219678753
1187,1195,-0.894443456541005
1187,1198,0.966425997834053
1187,1199,-0.394838508806913
1187,1200,-0.39313196703835
1187,1429,0.0962620927263318
1187,1624,0.317822559482133
1187,1629,0.489524564611361
1187,1681,0.252379800131401
1187,1886,0.141622167139509
1187,2145,-0.0866681628484626
1187,2212,0.195635667098442
1187,2480,-0.16197517662485
1187,2761,0.329259487827949
1187,3725,-0.937729202687949
1187,3805,-0.184450172099816
1188,1190,-1.02397705691946
1188,1195,-0.973026832538376
1188,1199,-0.473421884804283
1188,1455,-1.87131027085368
1188,1708,0.497253449079727
1188,1878,-0.213927837431825
1188,1929,0.564029363277742
1188,2325,-0.627288894049947
1188,2383,0.314646512790368
1188,2483,-1.17997672339211
1188,2635,-0.168680500106657
1188,2697,-0.231537918736747
1188,2712,-0.7277610399336
1188,2862,0.802907996363309
1188,3993,-0.407786470770763
1189,1191,1.18247736053991
1189,1198,1.90470247596108
1189,1200,0.545144511088681
1189,1463,1.10365245196857
1189,1597,1.60754861318432
1189,1664,1.87067090803969
1189,1803,1.37561518762755
1189,2371,-0.0954434902750292
1189,2873,1.08032632998493
1189,2996,0.657584693001199
1189,3428,0.789998083130354
1189,3453,-0.258352753772082
1189,3617,0.642148862121056
1189,3802,-0.61046902384159
1190,1191,1.18959456333496
1190,1195,0.0509502243810835
1190,1196,0.428941646595695
1190,1198,1.91181967875614
1190,1201,1.99358909190111
1190,1202,1.21045704397406
1190,1332,1.12322069911393
1190,2291,0.27037222649519
1190,2807,1.24139044125413
1190,2823,0.596681022478811
1190,2930,1.71687250562814
1190,3109,-0.830224283111676
1190,3223,0.683860060974811
1190,3426,0.403497705748699
1191,1193,-0.90845059028595
1191,1196,-0.760652916739267
1191,1197,-1.68351360385665
1191,1201,0.80399452856615
1191,1202,0.0208624806390951
1191,1203,0.0468190064261807
1191,1387,0.366542106184683
1191,1608,0.413983617234386
1191,1748,0.0348924624200757
1191,1847,0.197896209487178
1191,2004,-0.0008976154587277
1191,3142,0.240730175017378
1191,3359,-1.75110551400441
1191,3386,-0.137518438336275
1191,3488,-1.14241450314172
1191,3633,-0.219909182458697
1191,3667,-1.4765185570354
1191,3865,0.653967058212225
1192,1195,-0.868806895570261
1192,1199,-0.369201947836168
1192,1202,0.290699924022713
1192,1203,0.316656449809799
1192,1626,0.723070620198761
1192,1797,-0.671708244371402
1192,1893,-0.531772391827462
1192,1921,0.189538545834147
1192,1976,-0.82432249132773
1192,2080,0.74252125890808
1192,2282,-0.523688980855456
1192,2345,0.568526678742886
1192,2382,0.563761092234492
1192,2450,0.0483382241666334
1192,2453,0.243573468116856
1192,2673,-1.26943052638887
1192,2908,-0.304070006027394
1192,2967,-1.58207208373274
1192,3296,0.630825545082713
1192,3312,-0.731372176493105
1192,3863,-0.666247887085252
1192,3918,-0.452187948034874
1193,1194,0.638122885905201
1193,1198,1.63067570570713
1193,1204,-0.136398684284658
1193,1598,0.880787267567101
1193,1614,1.23555563056967
1193,1826,0.367818107767271
1193,1864,0.621925790120063
1193,2112,1.71404414742362
1193,2167,0.296168231840417
1193,2427,0.508920826162525
1193,2905,1.40587139973321
1193,2922,1.03757295400529
1193,3406,-0.274709076297596
1193,3437,0.712465797126008
1193,3490,0.396736818985626
1193,3496,0.616043500367261
1193,3952,1.23110772793207
1193,3995,-0.334386934249481
1194,1197,-1.4131858994759
1194,1200,-0.367005145070475
1194,1202,0.291190185019844
1194,1357,-1.44892599385187
1194,1542,0.421511424433664
1194,1756,-0.157887585750257
1194,1869,-0.757657456172947
1194,1933,0.700942640269351
1194,1954,-0.905958920361257
1194,2276,-0.926679376846851
1194,2868,-0.180675986257925
1194,3104,-0.160364942488862
1194,3322,-0.18382395881281
1194,3377,-0.482760567979615
1194,3782,-0.223422391594959
1195,1196,0.377991422214612
1195,1198,1.86086945437506
1195,1202,1.15950681959297
1195,1205,1.36664308237043
1195,1700,0.413074904896821
1195,1976,0.0444844042425307
1195,2171,0.76946631879907
1195,2302,1.2963231070124
1195,2404,1.10324178954444
1195,2567,1.59421255012111
1195,2914,0.940359421053221
1195,3124,0.404636611137072
1195,3175,1.53039501118481
1195,3331,0.0173594428885505
1195,3332,0.369249158219815
1195,3348,1.04618920873001
1195,3495,1.55759758790089
1195,3738,1.00771131811953
1195,3799,0.421455076787666
1195,3926,1.28067432219293
1196,1198,1.48287803216045
1196,1200,0.123320067288043
1196,1202,0.781515397378362
1196,1205,0.988651660155817
1196,1206,-0.323428535678808
1196,1354,-0.0660562907126148
1196,1382,-0.665904660122557
1196,2108,0.0079688307528639
1196,2136,0.565698053307664
1196,2370,0.0791028736887196
1196,2832,1.00383956738836
1196,2921,0.259493286822872
1196,2977,0.414551683359979
1196,3489,1.12337126747716
1196,3695,0.991641050149393
1196,3749,-1.47830306035452
1197,1201,2.4875081324228
1197,1202,1.70437608449575
1197,1204,0.638664329286043
1197,1205,1.9115123472732
1197,1207,1.61776923330105
1197,1209,1.43547056341965
1197,1210,0.266520613906766
1197,1251,1.42860462893878
1197,1608,2.09749722109104
1197,1807,-0.200940515443104
1197,1959,2.04443582239268
1197,2013,1.28528039762238
1197,2165,2.25643244004736
1197,2313,0.0564703059879951
1197,2341,0.149150243546232
1197,2382,1.97743725270752
1197,2486,1.24065983784983
1197,2572,0.735713081668354
1197,2588,1.4780449547224
1197,3153,0.532953346827793
1198,1203,-0.675406108994999
1198,1205,-0.49422637200463
1198,1209,-0.970268155858185
1198,1604,-1.69039032876109
1198,2096,-1.37730314996483
1198,2098,-1.92598973085426
1198,2243,-1.98212861184313
1198,2434,-0.903021743678937
1198,2624,-1.20799405356825
1198,2736,-1.24788368604519
1198,2751,-1.40713783004022
1198,2752,-1.87625315916475
1198,3093,-2.42222769197367
1198,3127,-1.0715086904096
1198,3129,-0.744981733884941
1198,3907,-0.518931739348832
1199,1202,0.659901871858881
1199,1205,0.867038134636337
1199,1210,-0.777953598730098
1199,1211,0.0020937341474122
1199,1482,0.213639102509716
1199,1598,0.611376068500938
1199,1669,1.48641117687451
1199,1859,-1.13370632604157
1199,2300,-0.845023616800067
1199,2373,0.910691379272079
1199,2393,0.392703705212717
1199,2665,0.982886117083461
1199,2886,0.836818008441106
1199,2940,-0.63853858090715
1199,2975,-0.625715363184052
1199,3151,-1.28360600843303
1199,3176,0.521444150343132
1199,3421,-0.500895758946209
1199,3572,1.27041002860084
1199,3666,0.10541993535767
1199,3912,-0.0033052964067419
1200,1201,1.44132737801737
1200,1202,0.658195330090318
1200,1203,0.684151855877404
1200,1207,0.57158847889562
1200,1828,0.447411420209456
1200,2007,1.43394725695813
1200,2040,-0.168969701227028
1200,2323,0.753226505163197
1200,2739,-0.215462564881128
1200,2873,0.53518181889625
1200,2893,1.0896903359042
1200,2904,0.513643475312724
1200,3144,0.397419862296889
1200,3221,0.471267993983567
1200,3445,-1.07733849902241
1200,3454,0.471100208292659
1200,3883,-0.174642567611924
1201,1206,-1.88807598098422
1201,1211,-1.44094018563852
1201,1212,-0.687814642394561
1201,1214,0.367079777034465
1201,1445,-1.62662335083984
1201,1663,-1.71585765963485
1201,1830,0.0447105453993644
1201,1895,-1.37053849793889
1201,2008,-1.73391092214714
1201,2259,-0.271686997134144
1201,2930,-0.276716586272973
1201,3112,-1.36879422360863
1201,3348,-0.89644965879002
1201,3913,-1.10166071480271
1201,3943,0.316372403397454
1202,1207,-0.0866068511946986
1202,1281,-1.01416964692826
1202,1365,0.377697899033199
1202,1499,-0.465154043992034
1202,1657,-2.2796107928298
1202,2213,-0.849139621792531
1202,2506,-0.413992383377376
1202,2805,-0.980528090242626
1202,2843,0.113848233232741
1202,3076,-0.0519586232769996
1202,3358,0.482835622013641
1202,3619,0.521078160250055
1202,3690,-0.793027227170452
1202,3792,-0.582034998222358
1203,1206,-1.13090045884426
1203,1210,-1.46381199637606
1203,1211,-0.683764663498555
1203,1214,1.12425529917443
1203,1253,-0.910780355705627
1203,1281,-1.04012617271534
1203,1365,0.351741373246113
1203,1581,0.156540591774008
1203,1708,0.284816936238044
1203,1822,0.417240328411032
1203,2385,-0.918543485534524
1203,2746,0.780268268564712
1203,2801,-1.36681369501332
1203,3216,0.261452146757675
1204,1211,0.407903617498233
1204,1214,2.21592358017122
1204,1215,0.0419680587852028
1204,1217,-0.0775555512275098
1204,1347,1.71730983714795
1204,1463,0.966024365999275
1204,1489,0.330581536252919
1204,2604,-0.483649326458579
1204,3010,-0.282679876488295
1204,3356,0.925064956965167
1204,3845,1.05397766242896
1205,1206,-1.31208019583463
1205,1208,-1.74407826920697
1205,1209,-0.476041783853555
1205,1215,-1.23087995920195
1205,1217,-1.35040356921467
1205,1380,-1.54026301612697
1205,1656,-1.69214442134658
1205,1874,-1.06910623236106
1205,1883,-0.459469486224171
1205,2245,-1.74586650496118
1205,2504,-0.285741458305972
1205,3236,-0.0353553234146693
1205,3249,0.0821994505746499
1205,3264,-1.23485962759207
1205,3398,-0.711783499110618
1205,3445,-1.94267009189018
1205,3452,-1.39064227125611
1205,3545,-0.990908068189267
1206,1209,0.83603841198107
1206,1212,1.20026133858966
1206,1215,0.0812002366326706
1206,1219,0.830225847245154
1206,1275,-0.400268674530519
1206,1417,0.649328187674497
1206,1734,0.925315989277862
1206,2257,0.893818514240338
1206,2493,1.04360655784264
1206,2590,0.363677652945234
1206,2618,2.10437874843647
1206,2972,0.112881363238201
1206,3063,1.21805553765393
1206,3242,0.574531144257253
1206,3259,1.42680725962806
1206,3450,-0.119335131069246
1206,3849,0.917880255364906
1206,3910,1.8364322377949
1207,1208,-1.45033515523482
1207,1211,-0.57120128651677
1207,1215,-0.937136845229801
1207,1216,-0.265517428271333
1207,1218,-1.16511986057406
1207,1220,1.34013266114103
1207,2048,-1.23419101381042
1207,2208,-1.12158776191425
1207,2536,0.133921281375985
1207,2580,-0.0126132081163024
1207,2638,-0.352208409569843
1207,2650,-1.14535255886451
1207,3005,-1.04530065155852
1207,3078,0.921124486441388
1207,3252,0.84068802378764
1207,3395,0.384017855075138
1207,3788,0.264913578897019
1207,3864,-1.16399057442189
1207,3949,-0.438894099254718
1208,1209,1.26803648535341
1208,1210,0.0990865358405346
1208,1211,0.879133868718045
1208,1216,1.18481772696348
1208,1373,1.38780082837948
1208,1455,-0.520848251478765
1208,2177,0.688401650583169
1208,2258,2.51729819705798
1208,2295,1.24886944401307
1208,2529,0.639048444340899
1208,2885,1.90669546652494
1208,3097,1.8463914880948
1208,3216,1.82435067897427
1208,3636,0.565037012426044
1208,3821,1.38408819021562
1208,3947,1.26998407379461
1209,1216,-0.083218758389932
1209,1217,-0.874361785361112
1209,1218,-0.982821190692657
1209,1222,-0.237645929871185
1209,1319,-0.59086663926893
1209,1513,-0.489962510105869
1209,1527,0.201255818503049
1209,1957,-1.34438606794291
1209,2038,-0.249022100173372
1209,2235,0.212069247301495
1209,2392,-0.599389384665197
1209,2621,-0.300728103924453
1209,2628,0.453691049050968
1209,2694,-0.524901995254218
1209,2969,0.362103222969313
1209,3078,1.10342315632279
1209,3557,-0.574853887512663
1210,1211,0.78004733287751
1210,1220,2.69138128053531
1210,1221,1.10278473754922
1210,1222,0.931304019641694
1210,1322,-0.0671171472493866
1210,1377,0.430588546011744
1210,1457,1.21255185950788
1210,1877,0.527423017400198
1210,2757,2.15963656452014
1210,2808,0.912446274712758
1210,2821,1.10918560100606
1210,3240,0.819051549727319
1210,3323,1.92118348311673
1210,3405,1.904680835412
1210,3440,0.851756995556141
1210,3540,0.927665242370118
1210,3679,0.295454741709221
1210,3681,1.55102703654822
1210,3761,0.480807945995993
1210,3856,0.22758369923594
1210,3957,1.91012629150103
1211,1213,-0.670113612605641
1211,1217,-0.485459168725743
1211,1222,0.151256686764184
1211,1224,0.896804612704555
1211,1545,0.380533965194192
1211,1661,0.273431974585387
1211,1679,0.654099684397187
1211,1716,0.865156158995513
1211,1953,1.01384910492574
1211,2258,1.63816432833993
1211,2659,0.963249707020647
1211,3070,-0.28237742305968
1211,3084,0.241918668306445
1211,3806,0.367128603915296
1211,3929,-0.448265692019669
1211,3951,-1.25130452905297
1212,1215,-1.11906110195699
1212,1217,-1.23858471196971
1212,1219,-0.37003549134451
1212,1222,-0.601868856479779
1212,1269,0.189354851958088
1212,1667,-0.536292637211263
1212,1799,-0.0036620519222827
1212,1847,0.0817163233155884
1212,2250,-0.0055315391974813
1212,2470,-0.235724620068603
1212,2866,-0.776825188092395
1212,2970,0.500272970286723
1212,3102,-0.15620036171574
1212,3850,-0.114140172813731
1213,1217,0.184654443879898
1213,1218,0.0761950385483531
1213,1220,2.58144756026344
1213,1223,1.87861478430034
1213,1674,0.982649150850513
1213,1701,0.662615167329899
1213,1787,0.704072089088847
1213,2165,1.87997810586873
1213,2176,-0.311175734122846
1213,2325,0.514152869212565
1213,2523,1.57916613396223
1213,2663,0.524236507669506
1213,2673,-0.232208700094473
1213,2724,-0.836894904761849
1213,2890,0.0333877543291623
1213,3108,0.105763992085342
1213,3314,0.407119401675528
1213,3483,1.24158108690931
1213,3988,2.16114334802674
1214,1215,-2.17395552138602
1214,1217,-2.29347913139873
1214,1218,-2.40193853673028
1214,1219,-1.42492991077354
1214,1224,-0.911215349968434
1214,1287,-1.08402910571798
1214,1320,-0.71480490711219
1214,1656,-2.63521998353064
1214,1784,-0.864616513327931
1214,1992,-3.03813505133043
1214,2311,-2.53623979560688
1214,2350,-0.913036197835123
1214,2414,-2.0561905815072
1214,2631,-1.07990654214167
1214,2971,-1.47868713824084
1214,2990,-0.142026447961041
1214,3155,-1.79525410724004
1214,3450,-2.37449088908794
1214,3857,-1.85853740793498
1215,1216,0.671619416958468
1215,1217,-0.119523610012713
1215,1218,-0.227983015344257
1215,1219,0.749025610612483
1215,1222,0.517192245477214
1215,1224,1.26274017141759
1215,1226,-0.154641603345444
1215,1227,1.44007664382312
1215,1228,0.546641384034108
1215,1412,0.563570062055316
1215,1691,-0.970958338103628
1215,1755,0.0401541577086001
1215,1771,-0.736789937331249
1215,2079,-0.42403971443408
1215,2200,-0.917244943451743
1215,2654,0.536845291391532
1215,2684,0.954486426719239
1215,2759,0.569039498041555
1215,3134,1.43898336570541
1215,3722,0.100806119068716
1215,3754,0.398122789959704
1216,1224,0.591120754459118
1216,1225,-0.210172037427858
1216,1228,-0.12497803292436
1216,1612,0.307181531457493
1216,1675,0.203814975742176
1216,1965,-0.355826874621827
1216,2114,-0.516659730120233
1216,2740,0.140876403263174
1216,2967,-1.52064772828942
1216,3023,-0.655261905928247
1216,3069,-0.828404198281897
1216,3148,0.0828193681533729
1216,3554,-0.217104289594275
1216,3576,0.360187407036658
1216,3606,-0.41722381967867
1216,3624,0.241350410795998
1216,3629,-0.397533281771687
1216,3777,0.665237545525516
1216,3782,-0.162488297148771
1216,3860,-0.787373869267633
1217,1219,0.868549220625196
1217,1220,2.39679311638354
1217,1224,1.3822637814303
1217,1334,-0.108448076587358
1217,1418,1.32528377260125
1217,1557,0.683229928957458
1217,1560,1.13844199041664
1217,1943,0.486085648286692
1217,1980,1.99472146355011
1217,2109,0.142362605838672
1217,2319,1.31064036150002
1217,2359,0.189124465721518
1217,2708,-0.14302714730819
1217,3689,2.25075556073375
1218,1220,2.50525252171509
1218,1230,1.15074275517377
1218,1679,1.24801825845447
1218,1753,-0.408851470807546
1218,1865,2.21149249559651
1218,1918,1.44910416432761
1218,1960,1.49303900965434
1218,1992,-0.63619651460015
1218,2189,1.55312046406821
1218,2765,0.806485330165855
1218,2815,0.28356086017782
1218,3093,-0.469138345422829
1218,3408,1.31738637548668
1218,3504,-0.298817482472516
1218,3684,0.0313405574223262
1218,3861,0.855106159218918
1219,1220,1.52824389575835
1219,1224,0.513714560805103
1219,1230,0.17373412921703
1219,1231,0.330921739633966
1219,1232,0.0023216192206938
1219,1436,0.697050588677039
1219,1587,0.385175271179986
1219,1633,-0.425296877280735
1219,1882,-1.05752434081879
1219,2133,-0.0586744628978726
1219,2137,1.39494231488828
1219,2190,-1.62568705690338
1219,2616,-0.13218949400012
1219,2905,0.751276414620177
1219,2971,-0.0537572274672989
1219,3133,0.48400887061427
1219,3665,-0.235887754738841
1219,3786,-0.690963852455776
1219,3824,0.0096968643074021
1220,1221,-1.58859654298609
1220,1222,-1.76007726089362
1220,1224,-1.01452933495325
1220,1226,-2.43191110971628
1220,1232,-1.52592227653765
1220,1233,-1.88989786155034
1220,1289,-0.410807890440457
1220,1535,-1.10336448792609
1220,1541,-1.80003767670593
1220,1697,-1.85131540795136
1220,1903,-1.93717687198707
1220,2449,-1.8829703581569
1220,2619,-1.94576710229906
1220,2665,-0.930541564721753
1220,3118,-1.34155899231192
1220,3393,-1.71543110177003
1220,3759,-1.83512218028447
1220,3858,-1.80324094861669
1221,1222,-0.171480717907528
1221,1233,-0.301301318564252
1221,1234,-0.413385405192551
1221,1424,-0.49112283567448
1221,1527,0.267421030466706
1221,1539,-0.367443779890831
1221,1995,0.513899506362422
1221,2073,0.363701080403063
1221,2285,-0.0839905191775935
1221,2858,-0.339612956785874
1221,3299,0.601288323586388
1221,3506,-0.319565212784997
1221,3542,-0.35563316242586
1221,3546,-1.23237728417062
1221,3992,0.101908542490612
1222,1223,1.05724448493051
1222,1224,0.745547925940372
1222,1227,0.922884398345902
1222,1229,0.20726747578123
1222,1230,0.405567494352299
1222,1639,0.111424680720033
1222,1674,0.161278851480689
1222,2037,0.408817262712054
1222,2067,0.235397270443022
1222,2135,0.256844849183345
1222,2400,-0.0301667674503432
1222,2402,0.0444452812203112
1222,3093,-1.2143136062443
1222,3331,-0.635595925757138
1222,3357,0.178294184836573
1222,3431,-0.345853295108112
1222,3870,-0.371179103723361
1223,1225,-1.11298935087712
1223,1231,-0.49448938016128
1223,1233,-1.18706508558724
1223,1273,-0.373455525935982
1223,1392,0.168713698430168
1223,1582,-0.569363784812212
1223,1799,-0.459037680373018
1223,2049,-1.05207147990644
1223,2386,-0.349736703810812
1223,2583,-1.38080838180369
1223,2944,-1.74980195326049
1223,3012,-1.00510720176624
1223,3191,-0.233485116905641
1223,3332,-1.34095069535639
1223,3535,-0.182616174858786
1223,3580,-0.912661559957094
1223,3638,-1.32369041161681
1223,3709,-0.492076903439374
1223,3806,-0.841372567779403
1224,1226,-1.41738177476303
1224,1227,0.17733647240553
1224,1228,-0.716098787383478
1224,1230,-0.339980431588073
1224,1233,-0.875368526597095
1224,1235,-0.982262652970596
1224,1297,-1.19401076800813
1224,1399,1.75241543218063
1224,1609,-0.531729482887864
1224,1637,-0.861004815101043
1224,1655,-0.989435513484536
1224,2191,-0.428497982292558
1224,2379,-0.726331076110685
1224,2527,-1.41770908458455
1224,2939,-1.51117579654313
1224,3030,0.0885414249478332
1224,3204,-0.765456514158844
1224,3488,-1.4022734587739
1224,3778,-1.31608130090018
1225,1227,0.978629264292507
1225,1235,-0.180969861083619
1225,1237,0.55083757798047
1225,1248,-0.0221370080117257
1225,1464,-0.637841301184377
1225,1620,0.968901560157767
1225,1972,-0.257994041071311
1225,2008,-0.388482557326197
1225,2205,-0.810031404998042
1225,2289,-0.63061962998563
1225,2424,-1.34166747601552
1225,2633,0.274592801130139
1225,2688,-0.118683098725603
1225,2885,0.932049776989312
1225,3447,0.414226790763363
1225,3645,0.0291457529774764
1225,3910,1.29378462163162
1225,3979,0.220161511134528
1226,1229,0.879101324603888
1226,1232,0.905988833178621
1226,1233,0.542013248165935
1226,1238,-0.323401893981465
1226,1527,1.11073559719689
1226,1717,1.12238888569962
1226,1796,1.13935826946721
1226,1980,2.02983945688284
1226,2474,0.930926635110373
1226,2891,1.08404242246692
1226,2937,-0.635007234015596
1226,3277,1.03004918602791
1226,3459,0.971658268444072
1226,3675,1.97260367676741
1226,3851,1.16415392319126
1226,3987,1.17395748596235
1227,1229,-0.715616922564672
1227,1230,-0.517316903993603
1227,1233,-1.05270499900263
1227,1235,-1.15959912537613
1227,1236,-1.20197305933338
1227,1237,-0.427791686312038
1227,1239,-1.08048637366709
1227,1421,-2.30469351418543
1227,1422,-1.52510749409272
1227,2134,-0.282164894157565
1227,2585,-0.669895520143073
1227,3665,-0.926938787949474
1227,3668,-1.57013172227209
1227,3688,-0.667458977655419
1227,3699,-0.30674364897201
1227,3700,-1.29034184077298
1227,3965,-0.575443203040706
1228,1240,0.349238715622996
1228,1448,0.89057224384629
1228,1860,-0.26898907442822
1228,2361,0.137506481191354
1228,2439,1.22089662873535
1228,2590,-0.264163967721545
1228,2695,-0.658213921443309
1228,2843,0.590950545623133
1228,3017,-0.294304584757483
1228,3025,0.253029957587338
1228,3214,1.28707694436181
1228,3237,-0.696249034038504
1228,3424,0.327562972771387
1228,3760,0.544550576888453
1228,3778,-0.599982513516704
1229,1232,0.0268875085747325
1229,1234,-0.449172163066253
1229,1238,-1.20250321858535
1229,1239,-0.36486945110242
1229,1242,0.734011543471414
1229,1824,0.212585979672841
1229,1879,0.640489671090519
1229,2293,-0.731691883405887
1229,2416,0.871908047212803
1229,2597,0.464173567197228
1229,2652,1.00913226213946
1229,3054,-1.10399765517581
1229,3214,1.10925860713748
1229,3368,0.522076946770761
1229,3874,0.37721297214128
1229,3938,-0.0465078834600789
1229,3956,-0.639977468587729
1230,1238,-1.40080323715642
1230,1241,-0.315783147850264
1230,1665,0.284845103227038
1230,1795,-0.464568360032132
1230,2142,-0.36621099550092
1230,2612,-0.663582673760656
1230,2731,0.306242949788214
1230,2862,0.717411965903697
1230,3078,0.935501591841676
1230,3110,0.709093797175774
1230,3308,-0.05971273556735
1230,3588,-0.217224404534548
1230,3684,-1.11940219775144
1230,3717,-0.276335678727148
1231,1232,-0.328600120413272
1231,1233,-0.692575705425958
1231,1234,-0.804659792054258
1231,1238,-1.55799084757336
1231,1239,-0.720357080090425
1231,1240,-0.184067250589345
1231,1244,0.245488521122685
1231,1865,0.903562130005799
1231,1947,-1.81662542045025
1231,1963,-1.20410865285096
1231,2191,-0.245705161121421
1231,2706,-0.874721076263071
1231,2711,0.757183267288933
1231,3456,-0.679082126056331
1231,3459,-0.262930685147821
1232,1233,-0.363975585012686
1232,1234,-0.476059671640985
1232,1244,0.574088641535957
1232,1447,-0.991816368204997
1232,1660,-1.02640094442728
1232,2026,-0.481257886126643
1232,2576,0.416661758945144
1232,2604,-1.27696461507696
1232,2725,-0.69231042616407
1232,2941,-0.12602660819776
1232,3323,0.755724479119074
1232,3482,0.240758362087263
1232,3938,-0.0733953920348115
1233,1234,-0.112084086628299
1233,1238,-0.8654151421474
1233,1239,-0.0277813746644667
1233,1461,0.561942580921955
1233,1677,-0.402231569492585
1233,1925,-0.994792704030787
1233,2504,0.557766856075491
1233,2506,0.222379668226632
1233,2826,-0.929579906648489
1233,2868,0.164505880326239
1233,2871,0.347044392799967
1233,2877,-1.32880382006023
1233,2916,-0.0714918320612682
1233,2927,-0.340978462548711
1233,3165,-0.285090840741119
1233,3176,0.497914330088259
1233,3292,1.17094104784277
1233,3411,0.237121279997741
1233,3627,-1.35873671377251
1233,3666,0.0818901151027972
1233,3733,-0.12609331651019
1233,3930,0.359291780721239
1234,1243,-0.319441427122147
1234,1244,1.05014831317694
1234,1640,0.844030542169432
1234,1654,0.0895015427706824
1234,1692,0.423865117121841
1234,1703,-0.192965307286955
1234,2016,0.760908778751732
1234,2096,0.0725156230495631
1234,2396,-0.818721374314111
1234,2415,-0.100866203934186
1234,2490,2.21061250812257
1234,2557,1.47511818345934
1234,2853,0.228863670191869
1234,3154,-0.310957927355941
1234,3532,0.478454042020949
1234,3634,1.0608807265377
1234,3688,0.497330107975506
1234,3730,1.57453549815197
1234,3779,0.679139316724683
1235,1237,0.731807439064089
1235,1240,0.615402581210114
1235,1241,0.326499073532259
1235,1242,1.17799374628287
1235,1245,0.388149161988183
1235,1329,1.09639788356222
1235,1480,1.70446577465842
1235,1755,-0.24032336073839
1235,2116,-0.32945926114947
1235,2320,0.131981866213894
1235,2711,1.55665309908839
1235,2898,-0.352556123217455
1235,3193,-0.145375037116235
1235,3457,0.33435715881997
1235,3640,-0.500736689668243
1236,1239,0.121486685666283
1236,1243,-0.282257453419697
1236,1773,-0.556619795555954
1236,1799,0.87729546554497
1236,1875,-0.524180239272758
1236,2076,0.887062487107363
1236,2112,1.57037118843333
1236,2310,0.712003674940348
1236,2502,0.217796488383843
1236,2652,1.49548839890816
1236,3302,2.11232475786556
1236,3668,-0.368158662938719
1236,3768,0.153219688734777
1237,1239,-0.652694687355054
1237,1246,-0.532114092022101
1237,1248,-0.572974585992195
1237,1250,-0.591487943433313
1237,1472,-1.27886668378256
1237,1548,-0.332817137648203
1237,1921,-0.0897026392751447
1237,2037,-0.08627544932181
1237,2146,0.355301512611242
1237,2421,-0.87713500438876
1237,2644,-0.279427951177406
1237,2771,0.205392506041061
1237,3324,-0.438897304314861
1237,3549,-0.401490433737043
1237,3588,-0.306749622216113
1238,1242,1.93651476205677
1238,1243,0.433889628396953
1238,1244,1.80347936869604
1238,1248,0.917353868845792
1238,1250,0.898840511404675
1238,1251,1.22601573819445
1238,1572,1.1642961156753
1238,1573,0.724228239253937
1238,1900,-0.203467294744813
1238,1994,0.612343706648332
1238,2012,1.27953527212686
1238,2774,2.44981855130287
1238,2803,0.743663854654492
1238,2923,0.741380335240737
1238,2986,0.0891736633537962
1238,3050,0.741757307065663
1238,3711,1.57358925638159
1239,1244,0.96584560121311
1239,1245,0.309036410279148
1239,1251,0.388381970711513
1239,1318,0.512752543748853
1239,1327,0.0212495506297886
1239,1362,-0.608921471100499
1239,1584,0.180982557549116
1239,1760,-0.814217873320845
1239,1871,-0.800867324668708
1239,2322,-1.18818104691713
1239,2674,0.60777803332998
1239,2960,0.246744654229087
1239,3262,0.51179999221558
1239,3331,-0.477993950435948
1239,3554,0.0949248572081685
1240,1241,-0.288903507677855
1240,1243,-0.94003396858706
1240,1244,0.42955577171203
1240,1245,-0.227253419221932
1240,1463,0.0281762075569674
1240,2088,-0.602837124805873
1240,2178,-0.0512430974420114
1240,2257,-0.0832618220494365
1240,2607,0.107550726491211
1240,2747,0.104502089979997
1240,3145,-0.851715508959821
1240,3264,-0.899859768047217
1240,3442,-0.514076943048291
1240,3564,-0.164530454421936
1240,3945,-0.654084528036844
1241,1243,-0.651130460909205
1241,1245,0.0616500884559231
1241,1247,-0.47385770788783
1241,1250,-0.186179577901484
1241,1251,0.140995648888288
1241,1254,-1.45861266201915
1241,1818,-0.486789222190476
1241,2196,1.20259960851307
1241,2249,-0.325760114175484
1241,2403,0.685751884568858
1241,2493,0.355429729230723
1241,2585,0.163204531700794
1241,2974,-0.663798161705105
1241,3100,-0.0163861298757012
1241,3131,-0.268088629653032
1241,3703,0.25856578275112
1242,1252,-0.464477937361513
1242,1253,-1.3195513982239
1242,1425,-0.458024754365619
1242,1430,-1.35090969964743
1242,1452,-1.50696022538038
1242,1470,-0.876077564907161
1242,1557,-0.894764945785113
1242,1562,-1.01162622283591
1242,1720,-0.479543646776149
1242,2552,-1.10566321556189
1242,2625,-1.77893154863597
1242,3188,-1.75114020260266
1242,3214,0.375247063666062
1242,3389,-1.89438477577818
1242,3965,-0.593837823947448
1243,1249,1.22974209042339
1243,1253,0.183073735435913
1243,1346,0.538248597411108
1243,1464,-0.132240052723812
1243,1861,0.603556026030786
1243,2130,1.48090041317313
1243,2143,1.68406098203562
1243,2747,1.04453605856706
1243,3061,0.978954338173117
1243,3091,0.96595858932861
1243,3178,0.411613694210244
1243,3223,0.541300582355209
1243,3370,1.22593590809956
1243,3463,-0.93494844470471
1243,3820,-1.07421017806785
1244,1245,-0.656809190933962
1244,1253,-1.18651600486318
1244,1254,-2.17707194140903
1244,1296,-0.448639033927926
1244,1309,-1.476329973849
1244,1474,1.35077312753056
1244,1488,-1.10866452853036
1244,1569,-1.06930585210618
1244,1926,-1.05954906966021
1244,2555,0.339869772521232
1244,2888,0.0981638420193617
1244,3107,0.112869156289378
1244,3192,-0.584184432534962
1244,3401,-1.65459971713788
1244,3597,-0.891083375421028
1244,3641,-0.836360234809587
1244,3764,-1.87138854353346
1245,1256,-0.101959945249659
1245,1258,-0.185242030481282
1245,1361,-0.171157143315972
1245,1424,-0.47107655272491
1245,1799,0.446772369599538
1245,1834,-0.170143508341684
1245,1878,-0.0452908084970958
1245,1893,-0.467355299860849
1245,2246,-0.353935911408227
1245,2921,-0.166905094566164
1245,3661,1.03533343164372
1245,3886,-0.99358462179927
1245,3888,-0.804856587154408
1245,3925,1.35740704583045
1246,1253,-0.34125099898302
1246,1255,-0.729000930569566
1246,1261,-0.368954064703666
1246,1267,0.678794178135072
1246,1369,1.4479846214443
1246,1533,0.270035017879156
1246,2045,-0.178656419119573
1246,2160,0.236244632822665
1246,2765,0.098331449332621
1246,2925,-0.973695910981482
1246,3118,0.455539648569934
1246,3153,-0.62784990673243
1246,3336,0.406130898103784
1246,3413,-0.0888014062601
1246,3468,-0.503112902150218
1246,3687,0.752713797838747
1246,3848,1.60658114903866
1246,3865,1.17667740850865
1247,1248,0.306191487427464
1247,1249,1.05246933740202
1247,1250,0.287678129986346
1247,1251,0.614853356776118
1247,1253,0.0058009824145377
1247,1260,-0.150319192049146
1247,1579,-0.0215084609167045
1247,1609,0.597891804438302
1247,2517,0.46378558477287
1247,2929,0.266108459701261
1247,2937,-0.92276772145246
1247,3393,0.428719520509387
1247,3428,0.477283054284434
1247,3669,0.858603819009619
1247,3788,1.0689315400354
1248,1250,-0.0185133574411175
1248,1251,0.308661869348654
1248,1258,0.0440742784350071
1248,1259,1.10329642426267
1248,1261,-0.328093570733573
1248,1526,1.31163175548165
1248,1646,0.664791803149267
1248,1878,0.184025500419193
1248,2338,0.806921677112781
1248,3254,-0.0537589256021746
1248,3371,1.18102979150094
1248,3375,0.818274857392914
1248,3393,0.122528033081923
1248,3852,0.233272370230242
1249,1251,-0.437615980625899
1249,1253,-1.04666835498748
1249,1255,-1.43441828657402
1249,1257,-1.65496568779727
1249,1726,-0.511705242446599
1249,1920,0.111844357516228
1249,2173,0.813773666367602
1249,2215,-1.25347578996277
1249,2271,-0.065995327549324
1249,2648,-0.889708012808664
1249,2713,-0.0844208160665967
1249,2743,-0.563126814339991
1249,3319,-0.793461954419428
1249,3392,0.0364355035517675
1249,3456,-0.784722997303318
1249,3599,0.169255445413342
1249,3678,0.111214445364027
1249,3970,0.0757159886648723
1250,1251,0.327175226789772
1250,1252,0.573196313290579
1250,1254,-1.27243308411766
1250,1255,-0.669627079158355
1250,1259,1.12180978170379
1250,1261,-0.309580213292455
1250,1263,-0.254796770272219
1250,1296,0.455999823363442
1250,1753,-1.05763150022957
1250,1832,-0.706658943733053
1250,1855,-0.417464602689513
1250,2224,0.136204569829258
1250,2423,0.398132747605787
1250,2731,0.808205675539961
1250,3509,0.187868778404246
1250,3813,-0.252992780863204
1250,3941,0.314449145248196
1250,3983,-0.384317139138889
1251,1253,-0.60905237436158
1251,1260,-0.765172548825263
1251,1376,1.76172568022483
1251,1501,0.0532459818934849
1251,1651,-0.920860060837094
1251,1797,-0.686636712837153
1251,2014,0.0875317364825584
1251,2437,0.24038915544543
1251,2812,-1.01096323525103
1251,2957,-1.68540337719174
1251,3493,-0.646556365772642
1251,3757,-0.3093336914349
1251,3867,-0.431012115191511
1251,3947,0.0088135229220567
1252,1254,-1.84562939740824
1252,1258,-0.510608677414455
1252,1261,-0.882776526583035
1252,1264,-0.784630282375599
1252,1265,-0.962414740500086
1252,1294,-0.409932590498161
1252,1550,-0.236030180857718
1252,2088,-0.700950352517114
1252,2175,-0.270969941085598
1252,2288,-0.156765717763568
1252,2947,-0.386304940314751
1252,3072,-0.510694404922677
1252,3083,0.0670477329640073
1252,3297,-0.0892779299497801
1252,3605,-0.374523418063032
1252,3636,-0.942154624947316
1252,3778,-1.04733445685094
1252,3837,0.24504114551757
1252,3987,0.025322555248564
1253,1258,0.344464783447933
1253,1265,-0.107341279637699
1253,1342,-0.333596307109721
1253,1542,1.01514506933236
1253,1587,0.995281015286511
1253,1722,0.612916730961479
1253,1820,-1.05878780258952
1253,2033,1.44262661927413
1253,2672,0.764621572406145
1253,2675,0.212702938974691
1253,2931,0.644155338414462
1253,3591,1.50771239515907
1253,3639,-0.281401682166814
1253,3767,0.412398504356571
1253,3989,-0.469660023547298
1254,1257,0.382258603736064
1254,1259,2.39424286582145
1254,1263,1.01763631384544
1254,1267,2.01060111366395
1254,1350,2.13009518087263
1254,1426,1.92589929331423
1254,1610,1.96187863174878
1254,1754,-0.135270140860525
1254,2534,0.698859862117869
1254,2671,2.08024685491751
1254,2783,1.14381270342656
1254,3046,-0.250659908751876
1254,3123,1.24378934359565
1254,3263,1.63062380869668
1254,3372,2.8299625073197
1254,3904,0.815042022211308
1254,3923,1.32146407298061
1255,1259,1.79143686086214
1255,1264,0.458193110073335
1255,1265,0.280408651948848
1255,1597,1.6767825335104
1255,1748,1.28660374328607
1255,2007,2.0483256883729
1255,2340,0.569822080717888
1255,2365,0.0822310294200674
1255,2585,1.01901118876063
1255,2850,0.583928874928727
1255,2901,0.559774326724787
1255,2938,0.240821634161769
1255,3167,-0.806935856356136
1255,3204,0.74611372233933
1255,3233,0.704914709919166
1256,1263,-0.400666491379967
1256,1264,-0.357303690192767
1256,1266,-0.0124049050232444
1256,1269,0.741749218729568
1256,1392,1.17648369365238
1256,1473,-0.773809403000955
1256,1573,-0.320481993258485
1256,1697,-0.140712636766038
1256,1698,0.786432957615048
1256,1924,0.417726034553314
1256,2561,0.220535444813279
1256,2585,0.20351438849453
1256,2720,0.239541650454452
1256,2792,0.822977457912653
1256,3848,1.52008527934212
1257,1260,0.452177158346107
1257,1261,0.580594267089144
1257,1269,1.77779342021891
1257,1270,2.26099294491809
1257,1342,0.27470102570007
1257,1663,0.560395551020542
1257,2018,1.3674713678867
1257,2019,1.35732992203907
1257,2105,0.319513293134159
1257,2292,0.818650567551296
1257,2308,-0.0172830840011756
1257,2700,0.288282417450189
1257,2742,2.25403592208815
1257,3125,0.391474351215373
1257,3161,1.16795992505997
1257,3257,0.967632400144281
1257,3488,0.329844178947516
1257,3505,1.76657055026626
1257,3647,0.947221839211876
1258,1262,-0.284017171005858
1258,1475,-0.0771434041908541
1258,1578,-0.220710795837479
1258,1649,0.296062802956821
1258,1712,-0.627654225446033
1258,1965,-0.16759210761725
1258,1987,-0.26238605382369
1258,2168,0.20451527781608
1258,2547,0.154481183623993
1258,2643,-0.343240427847994
1258,3268,-0.120129088246731
1258,3305,0.515734356446022
1258,3813,-0.315580416739329
1258,3897,0.978117073710155
1259,1261,-1.43138999499624
1259,1262,-1.34323931683352
1259,1264,-1.33324375078881
1259,1268,-1.23368265679135
1259,1269,-0.234190841866471
1259,1271,-0.341668241615383
1259,1312,-0.698914444277844
1259,1683,-0.94014723149811
1259,1886,-0.642304295269512
1259,2023,0.482977432305591
1259,2187,-1.11655014614086
1259,2460,-1.54044141128422
1259,2529,-1.41675666144567
1259,2556,-1.76877706950997
1259,2576,-0.37459780700323
1259,2598,-1.21587436455688
1259,3094,-0.0359416011365071
1259,3273,-1.78780632684226
1259,3352,-1.57931808095609
1259,3536,-1.56521844508146
1259,3542,-1.20956699482267
1259,3752,-0.405819588339331
1259,3915,-1.54399371288133
1260,1263,0.183200551763273
1260,1265,0.0487788948259848
1260,1267,1.17616535158178
1260,1269,1.32561626187281
1260,1271,1.21813886212389
1260,1273,1.21818151242947
1260,1465,1.76290695090812
1260,1579,0.128810731132441
1260,2046,-0.856069908913295
1260,2102,0.82843832540169
1260,2383,1.169110530118
1260,2518,1.29318014588883
1260,2794,0.530286327634325
1260,2920,-0.241892693014182
1260,3000,1.63241110955472
1260,3189,0.668997225484607
1260,3239,0.706348569912608
1260,3606,0.271595905237523
1260,3992,0.80778181383308
1261,1264,0.0981462442074356
1261,1265,-0.0796382139170517
1261,1272,0.617894794475273
1261,1357,-0.827589283232526
1261,1360,0.606589525829706
1261,1463,0.812839506428761
1261,1548,0.568251019077565
1261,2034,-1.10815826779179
1261,2107,0.312127529284407
1261,2164,0.987217027105297
1261,2591,0.504786475733577
1261,2625,-0.431677084691419
1261,2640,-0.279297078490295
1261,2716,-0.316068836134235
1261,2763,1.34279549438179
1261,3009,-1.69170168357246
1262,1264,0.0099955660447132
1262,1267,0.959597564676016
1262,1273,1.00161372552371
1262,1385,-1.52087766346664
1262,2863,-0.410498807040245
1262,2908,0.22960628742636
1262,3104,0.372821089967761
1262,3258,1.4102005290499
1262,3261,0.707751604357153
1262,3310,1.30609641853352
1262,3748,0.679433862650301
1262,3821,0.671522401262575
1262,3961,-0.0165393267869629
1262,3963,1.68616308548952
1263,1265,-0.134421656937288
1263,1267,0.992964799818502
1263,1268,0.14292389518465
1263,1275,-0.647469154968736
1263,1848,-0.748555381576487
1263,2142,0.390548500523047
1263,2495,0.0830534558240808
1263,2519,1.4782702181296
1263,2610,-0.119138727334181
1263,3035,0.484168822875633
1263,3161,0.532582214950585
1263,3223,0.331146469619707
1263,3346,-0.364792061963902
1263,3561,1.92239532929939
1263,3669,0.825722459295492
1263,3852,0.506582497943579
1264,1271,0.991575509173422
1264,1472,-0.475944771264232
1264,1852,-0.129465964544295
1264,1902,-0.118895952905265
1264,1991,0.273838922605098
1264,2196,1.60021315549957
1264,2378,0.760332680729369
1264,2849,1.95958046885387
1264,2893,1.24587565724564
1264,2957,-1.14679418131695
1264,3219,1.35861340804599
1264,3520,-0.607860326373359
1264,3664,0.0493881080005691
1265,1269,1.27683736704682
1265,1272,0.697533008392324
1265,1273,1.16940261760349
1265,1277,0.58596095618553
1265,1382,-0.455254947944679
1265,1446,0.910367962585915
1265,1494,1.42353692514985
1265,1513,0.233297078374272
1265,2132,-0.954411238581355
1265,2168,0.656321340901712
1265,2212,0.922737413602714
1265,2406,0.329217842722417
1265,2748,0.34066128165172
1265,2838,0.837700339295428
1265,2989,1.30170996628537
1265,3084,0.576275640151216
1265,3331,-0.149982267148183
1265,3377,0.218214356556782
1265,3393,0.530259817732547
1265,3695,1.20229076232727
1266,1272,0.174849765098314
1266,1278,1.21206812637159
1266,1575,1.09238125915243
1266,1793,0.282999576106125
1266,2135,0.21977526449829
1266,2290,0.545444152388784
1266,2303,0.776705429927897
1266,2375,1.30137129337783
1266,2459,0.577853609556093
1266,2745,0.616344519336879
1266,2807,0.500415263542303
1266,2877,-1.49569400540201
1266,2987,1.33261776110742
1266,3230,-0.201653403736138
1266,3260,-0.732606547792545
1266,3310,0.951202067319282
1266,3367,0.318364946559569
1266,3418,0.439539555059424
1266,3530,-1.44596183550369
1266,3610,-0.127506565959413
1266,3898,0.54436877711744
1267,1270,0.632650434990207
1267,1275,-1.64043395478724
1267,1278,0.607364912909808
1267,1916,-2.0972999161249
1267,2175,-0.435941657341303
1267,3253,-0.195927104393
1267,3388,-1.27948082180517
1267,3422,-1.03634820618953
1267,3476,0.340418431173318
1267,3569,-1.01026477084786
1268,1269,0.999491814924884
1268,1270,1.48269133962406
1268,1276,-0.348981218994186
1268,1278,1.45740581754366
1268,1593,0.0161270295824472
1268,1631,0.710823390402625
1268,1708,1.02559301945943
1268,1961,0.166362652005894
1268,2590,-0.0264467226776335
1268,2683,-0.236385914103254
1268,2728,0.0407357821104551
1268,2993,-0.262989002013605
1268,3212,0.110135276227883
1268,3588,0.396611196304768
1268,3845,0.703085464653561
1268,3924,-0.0134501129845872
1268,3960,0.290664255400253
1269,1270,0.483199524699176
1269,1275,-1.78988486507827
1269,1279,-1.57128232138374
1269,1280,-1.01902882632067
1269,1366,-1.1044044866677
1269,1738,-0.531853603002128
1269,1793,-0.471154547646687
1269,2124,-2.02802922239609
1269,2439,0.459122058854378
1269,2800,0.400391348557103
1269,3130,-0.447455120081139
1269,3528,-0.664035807650355
1269,3659,-0.680462384409098
1269,3772,-0.805540071907199
1270,1271,-0.590676924448088
1270,1275,-2.27308438977745
1270,1276,-1.83167255861825
1270,1282,0.264899445602173
1270,1283,-1.1281955425603
1270,1293,-0.173647978069487
1270,1645,-0.730941895967903
1270,1654,-1.42682637765138
1270,1689,-1.49223123909808
1270,2072,-1.45341089684379
1270,2120,-1.8757386644567
1270,2689,-1.29397712740875
1270,3211,-1.55414991662972
1270,3385,-0.696933041458204
1270,3466,-0.833739407587818
1270,3611,-3.2659057525608
1270,3705,-1.35429624347931
1270,3726,-1.16487571250313
1270,3744,-1.23268170066411
1271,1274,-2.07077095464489
1271,1276,-1.24099563417016
1271,1279,-1.46380492163482
1271,1282,0.855576370050261
1271,1283,-0.537518618112216
1271,1784,0.10840045389192
1271,2046,-2.07420877103719
1271,2073,-0.148564510378363
1271,2534,-1.3537147620882
1271,2596,-1.25158776882313
1271,2621,-0.746828482742222
1271,2630,-1.31908036305284
1271,2684,-0.24645212744693
1271,2748,-0.828698685646189
1271,2942,-0.0486857246948317
1271,3342,-0.484935746157842
1271,3452,-1.36070086622032
1271,3956,-1.11645630149545
1271,3968,-3.26926934583297
1272,1274,-1.59894399573931
1272,1277,-0.111572052206794
1272,1281,-0.719537545764342
1272,1282,1.32740332895585
1272,1889,-0.636431215588289
1272,2029,-0.81172265512383
1272,2111,-0.599739124171662
1272,2160,-0.0126960969489408
1272,2318,-0.691724349460592
1272,2514,1.66026543287853
1272,2595,0.143814664230147
1272,2818,-1.04625038996588
1272,2980,-0.826516229335147
1272,3569,-0.580411322484393
1272,3638,-0.478365276469667
1272,3868,-0.0401117217245414
1273,1274,-2.07081360495047
1273,1275,-1.68245011563494
1273,1277,-0.583441661417959
1273,1278,0.56534875206211
1273,1279,-1.4638475719404
1273,1281,-1.19140715497551
1273,1286,-1.31972033362317
1273,1360,-0.483174877856731
1273,1400,-0.12566879186716
1273,1436,0.245094994817775
1273,1472,-1.46756293074323
1273,2549,-0.588634538184534
1273,2745,-0.030374854972599
1273,3133,0.0320532767550052
1273,3365,0.144221690127698
1273,3701,-1.09481673552431
1273,3729,-0.867444114330425
1273,3922,-0.823192158936116
1274,1279,0.606966033010067
1274,1282,2.92634732469515
1274,1394,1.24586097360071
1274,1656,0.408567938334098
1274,1672,1.1743065333301
1274,1773,0.551316189412509
1274,1930,0.633545354318867
1274,2062,1.40862805506714
1274,2136,1.67775875283252
1274,2269,2.43434356808442
1274,3132,2.08478989675215
1274,3301,1.54817152610175
1274,3558,1.66475073655466
1274,3668,0.739777322029744
1274,3673,2.15415327583905
1274,3852,1.54241514222785
1274,3853,0.200749758572466
1274,3904,0.833238352650133
1274,3950,2.53848400359351
1274,3980,1.05314117638204
1275,1277,1.09900845421698
1275,1280,0.770856038757605
1275,1281,0.491042960659431
1275,1285,1.40179472616762
1275,1288,0.323550300174763
1275,1324,1.08568850375127
1275,1430,0.589030476245616
1275,1614,1.81145516723231
1275,1727,0.225003387902682
1275,2098,0.280585511515512
1275,2163,2.43890429095043
1275,2317,1.79245358685282
1275,2343,1.72539065798695
1275,2408,1.54348535965353
1275,2695,0.369896373753988
1275,2711,2.31859952869857
1275,2988,1.31625952346109
1275,3019,1.44455232973195
1275,3074,1.08263964388164
1275,3108,0.283054849355921
1275,3150,0.632076362676707
1275,3816,0.13272673377912
1275,3978,1.15605967553313
1276,1279,-0.222809287464666
1276,1281,0.0496311295002311
1276,1283,0.703477016057942
1276,1284,1.03919644963938
1276,1286,-0.0786820491474317
1276,1287,1.12998349567202
1276,1375,1.4917042168786
1276,1996,0.404400793815259
1276,2431,0.977066953429342
1276,2517,0.636961548868279
1276,2566,-0.0706236243149972
1276,2807,1.09473417370856
1277,1284,0.381599826581604
1277,1286,-0.73627867220521
1277,1984,1.19530292989169
1277,2647,-0.962306834288181
1277,2906,-1.28051812777213
1277,2947,-0.0098511560001952
1277,2951,-0.93471356520988
1277,3247,-0.734011906774504
1277,3396,-1.38848091345775
1277,3448,-0.40495146413102
1277,3466,0.34033652797265
1277,3549,-0.0067450192797539
1277,3724,-1.3069337066156
1277,3821,0.253350337156819
1277,3946,-1.17091948247559
1278,1282,0.290184967682572
1278,1285,-0.846004141529431
1278,1291,-0.901877805240222
1278,1315,-1.98494128910297
1278,1861,-1.20692779943303
1278,2162,-0.959575464824659
1278,2219,-0.649462351263422
1278,2971,-1.07106157338867
1278,3168,-2.07090387675363
1278,3180,-0.52890620839317
1278,3186,-0.95184376423638
1278,3325,-0.565086388675428
1278,3645,-1.27573682402577
1278,3854,-0.475717202079907
1278,3897,-0.304828232869812
1279,1280,0.552253495063071
1279,1282,2.31938129168508
1279,1286,0.144127238317234
1279,1287,1.35279278313669
1279,1290,-0.156105758562137
1279,1292,0.0210351932476709
1279,1693,1.84483083857756
1279,1971,1.05942906231064
1279,2166,2.19646878113195
1279,2248,1.48368105421997
1279,2536,1.33392449407444
1279,3034,1.78469191716237
1279,3169,0.768434940562869
1279,3388,0.142350589287539
1279,3438,0.954694154481575
1279,3609,0.528723700942998
1279,3640,0.0426071962474022
1279,3661,1.96682647954755
1279,3783,-0.0285957936436883
1279,3870,0.408879509222508
1280,1283,0.374032808459537
1280,1284,0.709752242040978
1280,1285,0.630938687410011
1280,1287,0.80053928807362
1280,1290,-0.708359253625208
1280,1291,0.57506502369922
1280,1293,1.32858037295035
1280,1499,0.26920252483805
1280,1521,-0.360192074057549
1280,2534,-0.442163335516443
1280,3022,-0.559262081110605
1280,3228,0.0537650843012478
1280,3242,0.203943780030167
1280,3255,0.987021553689735
1280,3735,-0.10236649443521
1281,1286,-0.128313178647663
1281,1288,-0.167492660484668
1281,1529,1.20887991389811
1281,1686,0.181150737260365
1281,1844,0.290546635288407
1281,1902,0.0808930425912393
1281,1916,-0.947908921997089
1281,2178,0.835062952718851
1281,2250,1.10395551326327
1281,2255,1.82537615681583
1281,2737,0.485745237859809
1281,3003,0.607815186012547
1281,3047,0.219740452569387
1281,3447,0.866100120797731
1281,3691,1.20567036024549
1281,3933,-0.0554627975058389
1281,3984,1.20199076293459
1282,1284,-1.05737555458104
1282,1287,-0.966588508548394
1282,1289,-0.190053308286054
1282,1293,-0.438547423671659
1282,1294,-1.47245418734625
1282,2061,-1.07989457941341
1282,2256,-1.6583894597115
1282,2296,-0.723709136170518
1282,2504,-1.11137642332045
1282,2672,-1.15297348530433
1282,2701,-2.00439043064253
1282,2784,-0.138360698101986
1282,2989,-0.723226371062797
1282,3173,-2.4585378718287
1282,3272,-0.986651778969132
1282,3472,-1.58439777480406
1282,3756,-1.54574927861182
1282,3980,-1.87320614831312
1283,1284,0.335719433581441
1283,1285,0.256905878950474
1283,1294,-0.079359199183768
1283,1295,-0.310182090726847
1283,1296,0.213376901387256
1283,1327,-0.282580115268139
1283,1680,0.0842154381504735
1283,2089,0.278437905326964
1283,2390,0.275530181161895
1283,2848,-0.455275125256947
1283,2869,0.489799606166164
1283,2870,-1.06847026529612
1283,3177,0.363385837295064
1283,3333,0.0999562930768864
1283,3488,-0.80295322341027
1283,3627,-1.63478500500598
1284,1286,-1.11787849878681
1284,1288,-1.15705798062382
1284,1295,-0.645901524308288
1284,1683,-0.396679805351951
1284,1868,-1.02058073851746
1284,2000,0.2681567901015
1284,2235,-0.0322319469854989
1284,2596,-1.04978858429236
1284,2646,-0.971859724722396
1284,2744,-0.992945009723466
1284,2789,0.224692667449529
1284,3139,-0.651842620492119
1284,3151,-1.9189035535028
1284,3163,-1.63191750271607
1284,3351,-0.446178076775178
1284,3502,-0.726058217088665
1284,3810,0.231059020937524
1284,3950,0.669512233479398
1285,1289,0.946135800925949
1285,1290,-1.33929794103522
1285,1295,-0.567087969677321
1285,1297,-0.851596411594971
1285,1298,-0.321036598924922
1285,1477,0.741700524916485
1285,1671,-0.440210708604324
1285,1927,-0.963770547272483
1285,2328,-1.05493674824494
1285,2769,0.0953715610647766
1285,3058,0.280108363325372
1285,3132,0.294631681269006
1285,3448,-0.707737736081657
1285,3733,-0.659047486694125
1286,1296,0.995535966592629
1286,1611,0.387363375856412
1286,1653,0.0197081501080273
1286,1968,0.317730029312101
1286,2184,0.619048093186964
1286,2588,0.916151695802571
1286,2718,0.869757279486342
1286,3133,1.35177361037817
1286,3181,0.304717162499741
1286,3279,0.521740673934962
1286,3488,-0.0207941582048964
1286,3616,0.259153085933497
1286,3881,0.0719692826684619
1286,3885,0.819316215946085
1287,1288,-1.24784502665646
1287,1292,-1.33175758988902
1287,1297,-1.02119701225858
1287,1299,-1.71093112252634
1287,1412,-0.526356353612719
1287,2367,-0.135464541675138
1287,2432,-0.5655776579475
1287,2474,-0.313641383903106
1287,2713,0.0112409897588044
1287,2730,0.473073338810683
1287,2915,0.471023586954969
1287,3016,-0.527974763303475
1287,3030,0.261355180697384
1287,3126,-1.57941915390835
1287,3379,-1.27812632021522
1287,3501,-1.20034772357535
1287,3563,-1.75241376927558
1287,3895,-1.32328545673925
1288,1289,2.0243802269188
1288,1290,-0.261053515042366
1288,1291,1.02237076228206
1288,1296,1.03471544842963
1288,1299,-0.463086095869874
1288,1301,0.184623579467244
1288,1558,0.898532289587148
1288,1592,1.27109555833722
1288,1741,1.18435220222971
1288,2105,0.0080544378187514
1288,2293,0.150686448840983
1288,2526,1.27227697824284
1288,2629,1.21602410567721
1288,2635,0.826501820251671
1288,2749,2.03107778181887
1288,2864,-0.163888053795383
1288,2931,0.940993815908846
1288,3214,1.99163693938435
1288,3280,-0.0827212665789967
1288,3397,1.39243711129871
1288,3723,0.64675464452328
1288,3869,0.234000223977276
1289,1293,-0.248494115385605
1289,1385,-3.18797180044898
1289,1406,-1.42144560498495
1289,1847,-0.665684190657793
1289,1849,-0.547596028150106
1289,1964,-1.65161408846326
1289,2422,-1.39047639628476
1289,2564,-2.32338687384867
1289,2591,-1.25045833941149
1289,3004,-1.35598110729728
1289,3051,-0.821445167657197
1289,3547,-1.67302631469953
1289,3629,-1.59237548074359
1289,3736,-1.27818439762229
1290,1292,0.177140951809808
1290,1293,2.03693962657556
1290,1298,1.0182613421103
1290,1299,-0.202032580827508
1290,1404,1.69962291043578
1290,1740,0.906562509202476
1290,2265,1.44114125368554
1290,2666,0.647711193134898
1290,2710,1.39200055497963
1290,2865,0.633357167887572
1290,2994,1.53523856195556
1290,3058,1.61940630436059
1290,3125,0.341069010942332
1290,3225,1.51293260755502
1290,3345,0.855182953651434
1290,3583,2.0973584993866
1290,3678,1.71577479288826
1290,3729,0.752509216172115
1290,3867,0.735932251706819
1291,1292,-1.10628332551462
1291,1293,0.753515349251135
1291,1295,-0.51121430596653
1291,1297,-0.795722747884181
1291,1298,-0.265162935214131
1291,1300,-0.229981023564174
1291,1303,-0.158171907436836
1291,1328,0.168820586343747
1291,2017,-0.941142734203309
1291,2398,-0.408110827950286
1291,2443,-0.489470217333144
1291,2464,-1.03175550449423
1291,2559,-0.243057121418378
1291,2727,-0.324072827114692
1291,2942,0.287800678177701
1291,3083,0.196588909038717
1291,3211,-0.626986589309103
1291,3223,-0.367305437868382
1291,3603,0.0140660658851652
1292,1293,1.85979867476575
1292,1294,0.825891911091168
1292,1297,0.310560577630439
1292,1300,0.876302301950445
1292,1303,0.948111418077784
1292,1304,0.122428933775922
1292,2067,0.994420690141221
1292,2173,2.24119306208202
1292,2809,1.19373980536256
1292,2837,-0.281579532043839
1292,2867,-0.212628797403279
1292,2936,0.720713088663416
1292,3012,0.811160702862475
1292,3162,0.0077281701205732
1292,3188,-0.0508377636518173
1292,3425,0.507889044846084
1292,3599,1.59667484112776
1292,3805,0.816061335493699
1293,1302,-1.3896745443044
1293,1304,-1.73736974098983
1293,1577,-0.895355592073081
1293,1710,-0.589791526208851
1293,1822,-0.151026949922153
1293,2094,-1.28601341809073
1293,2181,-1.80465301795247
1293,2281,-1.08585063667465
1293,2478,-1.48522038526856
1293,2670,-1.79879404852859
1293,3096,-0.782070193819906
1293,3131,-1.27907953821855
1293,3197,-0.289711509824941
1293,3308,-0.754920496282607
1293,3499,-0.0334567643430272
1293,3684,-1.8146099584667
1293,3912,-1.25743097238589
1294,1299,-1.20506544372848
1294,1300,0.050410390859277
1294,1307,-1.00452248603708
1294,1317,0.437574302581172
1294,1432,-0.725507601473095
1294,1674,0.0944103600877188
1294,1763,0.52448245371905
1294,1885,0.765767201285856
1294,1983,-1.02819726272466
1294,2429,0.581353560045071
1294,2631,0.509988242374163
1294,2698,-0.559635715349936
1294,2803,-0.318440379542601
1294,2887,0.601757758892371
1294,3157,0.288781401024441
1294,3159,0.648699955792481
1295,1296,0.523558992114102
1295,1298,0.246051370752399
1295,1299,-0.974242552185406
1295,1301,-0.326532876848288
1295,1303,0.353042398529694
1295,1305,-0.34095355604367
1295,1306,1.09021564050765
1295,1833,1.70772835642246
1295,2616,0.263598271285257
1295,2660,-0.564961565733224
1295,2760,0.522027122154632
1295,3130,0.507722988506837
1295,3308,0.509809158935058
1295,3327,1.38433493680202
1296,1300,-0.242325709711747
1296,1302,-0.648503881200842
1296,1306,0.566656648393543
1296,1307,-1.2972585866081
1296,1793,-0.0395354311728136
1296,1869,-0.9019007822095
1296,1947,-1.61347490764501
1296,2421,-0.741646884318889
1296,2447,0.780582771145802
1296,2681,0.122889164814439
1296,2818,-1.1939356321465
1296,3086,0.0950447743053547
1296,3206,0.534138132209378
1296,3936,0.344243401931351
1296,3943,1.2464513103078
1297,1300,0.565741724320006
1297,1306,1.3747240824253
1297,1307,-0.489191152576346
1297,1590,0.938004019642658
1297,2075,0.481405719111947
1297,2418,0.0518101566922427
1297,2435,-0.699551988133737
1297,2600,-1.26817211216581
1297,3146,2.03262229934395
1297,3399,0.863594396254
1297,3756,0.442036242195155
1297,3952,1.25680895002207
1298,1299,-1.2202939229378
1298,1300,0.0351819116499569
1298,1301,-0.572584247600687
1298,1302,-0.370996259839139
1298,1303,0.106991027777296
1298,1305,-0.587004926796069
1298,1590,0.407444206972608
1298,1594,0.724081981498676
1298,1861,-0.0398870589786735
1298,1865,1.38422026417274
1298,2039,0.360315507280369
1298,2050,-0.84353609098631
1298,2074,-0.109346112279315
1298,2713,0.501878189347335
1298,2820,0.304070384917005
1298,3144,0.163679012551565
1298,3251,1.37130423071888
1298,3850,0.405631713063758
1298,3886,-0.924247157443602
1299,1301,0.647709675337118
1299,1309,0.470110604378435
1299,1511,1.12211270711159
1299,1741,1.64743829809959
1299,1936,1.73041070362593
1299,2296,1.95381049490421
1299,2329,0.329009830501712
1299,2702,0.933479216878617
1299,2963,1.88800016294121
1299,3029,1.87285848445966
1299,3421,0.48395077247771
1299,3471,2.11225534733858
1299,3601,1.81680877396441
1299,3625,1.7951621979639
1299,3629,0.895090842045081
1299,3891,2.09617790505905
1300,1302,-0.406178171489096
1300,1303,0.0718091161273387
1300,1306,0.80898235810529
1300,1307,-1.05493287689635
1300,1309,-0.785365230209326
1300,1310,-0.693059315225236
1300,1313,-0.126200164380565
1300,1926,-0.368584326020539
1300,2109,-0.611632131903502
1300,2172,-1.20497644131584
1300,2295,0.101200006278596
1300,2381,0.616796936349557
1300,2458,0.317036563287557
1300,2653,-0.261031578861181
1300,2875,0.0488630782699676
1300,2960,-0.0281362033443494
1300,2965,-0.260456957569319
1300,2984,-1.46877639768005
1300,3080,1.74522792949736
1300,3109,-1.65140875839069
1300,3636,-0.582632425308432
1301,1304,-0.14610720892388
1301,1311,0.970843564945
1301,1313,0.481565994870079
1301,1323,-0.126413700455399
1301,1417,0.541422982563009
1301,1708,1.30781218997081
1301,1769,0.987156954271779
1301,2019,0.861247487256422
1301,2184,0.473603995556725
1301,2605,0.740156698347109
1301,2683,0.0458332564081254
1301,2742,1.7579534873055
1301,2954,0.450803453820502
1301,3009,-1.60718985126597
1301,3083,1.03433609185354
1301,3183,1.91523098758438
1301,3561,2.06169060462612
1301,3609,0.239152364995526
1301,3828,-0.198855909309236
1301,3922,0.351084077056814
1301,3934,0.899041323486498
1302,1304,-0.347695196685428
1302,1315,-0.446904288809483
1302,1366,-0.0242814889929841
1302,1485,-0.214734519093581
1302,1622,-0.484278634152605
1302,1625,1.02896887937707
1302,1925,-0.835714015450661
1302,1976,-0.319571675166309
1302,2148,0.874579907912261
1302,2165,1.34750709573575
1302,2363,2.20335931211933
1302,2371,-0.503332591269895
1302,2676,0.586920064948317
1302,3372,1.75003348103943
1302,3485,0.0562479335921732
1302,3578,0.0934991041382924
1302,3694,0.740447061983275
1302,3795,0.58295508339386
1303,1305,-0.693995954573365
1303,1310,-0.764868431352575
1303,1311,0.291268289567018
1303,1312,0.137412107646908
1303,1316,0.060651182030392
1303,2435,-1.33710282858108
1303,3863,-0.639484358540266
1304,1305,0.131686529728498
1304,1310,0.0608140529492874
1304,1311,1.11695077386888
1304,1312,0.963094591948771
1304,1315,-0.0992090921240552
1304,1316,0.886333666332254
1304,1317,1.14103727989642
1304,1931,-0.331166776927269
1304,1965,0.435194782781703
1304,2062,0.658197895033482
1304,2994,1.23566867636983
1304,3235,0.72075943660708
1304,3293,1.34727385160877
1304,3343,0.177730884753643
1304,3774,0.39824021232727
1305,1307,-0.432746038450327
1305,1308,0.665908044218402
1305,1309,-0.1631783917633
1305,1315,-0.230895621852553
1305,1318,0.860058524621442
1305,1325,0.655889322067493
1305,1672,0.292189843567939
1305,1785,1.68795997970744
1305,2119,1.32125068383728
1305,2525,0.849714648961745
1305,2724,-1.15335724793789
1305,3174,1.06923456208808
1305,3271,0.959479121597997
1305,3401,-0.341448135052177
1305,3873,0.333457010940611
1305,3890,0.0732849776295216
1306,1308,-0.765261152332913
1306,1309,-1.59434758831462
1306,1695,-0.497047216577766
1306,1921,-0.520871167598817
1306,2102,-0.632215468390786
1306,2486,-0.88342603605617
1306,2513,-0.0878751841868176
1306,2784,0.474700740279693
1306,2841,0.0455859319278253
1306,2930,0.0867056722438305
1306,3198,-0.571033473794331
1306,3688,-0.670835819667053
1306,3926,-0.29854228681029
1307,1308,1.09865408266873
1307,1310,0.361873561671116
1307,1311,1.41801028259071
1307,1313,0.928732712515788
1307,1316,1.18739317505408
1307,1320,1.87961236344072
1307,1560,1.43938012957082
1307,1717,1.38820903152107
1307,1813,0.657572071036829
1307,1864,1.13681816478641
1307,2042,-0.113032244042233
1307,2058,1.79343650457315
1307,2237,0.909260513237342
1307,2282,0.629816540713222
1307,3423,1.87566327667617
1307,3875,1.60489312936623
1308,1309,-0.829086435981703
1308,1311,0.31935619992198
1308,1314,0.170611493394999
1308,1319,-0.514220797422368
1308,1320,0.780958280771992
1308,1401,0.711340719082608
1308,1685,0.0583435435535132
1308,1691,-1.64915067160547
1308,2311,-1.0404766077227
1308,2431,0.258817539923515
1308,2617,0.693491104070454
1308,3324,-0.10480468030562
1308,3352,-0.714903618676379
1308,3817,0.0759980050278652
1308,3983,-0.641712458562961
1309,1312,0.994586453983573
1309,1317,1.17252914193122
1309,1642,0.487550255988324
1309,1742,-0.593001884833784
1309,1776,0.401123003227011
1309,2198,0.796723839160668
1309,2244,0.59577847912918
1309,2528,-0.576212550191162
1309,3154,0.115223733316116
1309,3160,-0.334237058587567
1309,3597,0.585246598427971
1309,3628,1.5366023996027
1309,3652,1.14033268006315
1309,3816,-0.197848074904205
1309,3893,0.269774457810521
1309,3975,0.244332609611098
1309,3995,-0.0890622062701613
1310,1311,1.05613672091959
1310,1314,0.907392014392612
1310,1315,-0.160023145073343
1310,1316,0.825519613382967
1310,1317,1.08022322694713
1310,1715,1.19114030983387
1310,1930,-0.17769885866408
1310,2093,1.76346670878092
1310,2156,0.417350885065911
1310,2168,0.746488115265746
1310,3041,0.38480395468496
1310,3128,0.680453530727137
1310,3465,1.03451564195647
1310,3725,-0.120460681819643
1310,3847,1.14569474245881
1310,3859,1.37776123617342
1310,3927,0.689214392294148
1311,1313,-0.489277570074921
1311,1314,-0.148744706526981
1311,1315,-1.21615986599294
1311,1316,-0.230617107536626
1311,1317,0.0240865060275381
1311,1318,-0.125205719518941
1311,1323,-1.0972572654004
1311,1435,-0.352411503269018
1311,1462,0.809005883917404
1311,1895,-0.561211287011155
1311,1900,-1.67905932549554
1311,2512,-0.35946062926855
1311,3018,-0.316757011896557
1311,3129,-0.0174239361021742
1311,3239,-0.308400271468935
1311,3429,-1.31887204077718
1311,3660,-0.650294266846907
1311,3842,-0.684927676028201
1311,3992,-0.206967027548464
1312,1315,-1.06230368407283
1312,1543,0.144093524484779
1312,1762,-0.781593330331856
1312,1929,0.557600721143936
1312,1934,0.138727563872504
1312,2519,0.800578110431439
1312,2522,0.332611955467284
1312,2875,-0.16035814550428
1312,2908,-0.414718585129315
1312,3037,-0.822721172071777
1312,3063,0.293162949517549
1312,3447,0.0319818187902641
1312,3883,-0.652786552781451
1312,3924,-0.548218325498099
1313,1314,0.34053286354794
1313,1316,0.258660462538295
1313,1320,0.950879650924933
1313,1321,0.381483993418335
1313,1322,-0.989499884762763
1313,1765,-0.756231424914445
1313,1804,0.686536836912061
1313,1872,-0.796075662754586
1313,1942,0.830812777355884
1313,1957,-1.09781885594341
1313,2495,-0.259217263719269
1313,2795,-1.21410497330193
1313,3101,-0.743764185143767
1313,3130,0.352689870485046
1313,3773,0.353336168662285
1314,1318,0.0235389870080401
1314,1322,-1.3300327483107
1314,1327,-0.467964006111024
1314,1413,-0.72624338465832
1314,1496,0.112417255251383
1314,1603,-0.294327069207698
1314,1803,0.347215215976218
1314,1884,0.0350027537041717
1314,2062,-0.310008172308417
1314,2148,0.25406903725579
1314,2183,-1.17183610062331
1314,2390,0.0901462903190103
1314,2592,-0.161965121260828
1314,2598,-0.522071395672165
1314,3129,0.131320770424807
1314,3174,0.232715024474675
1314,3179,-0.182904999508978
1314,3329,0.218087018479288
1314,3378,0.998529931766449
1314,3446,-1.18728181902633
1314,3756,-0.338038181292227
1315,1318,1.09095414647399
1315,1323,0.118902600592536
1315,1324,0.822830925157196
1315,1325,0.886784943920045
1315,1493,-0.601611939268915
1315,1605,0.715728494949817
1315,1677,0.203751407897024
1315,1911,0.614079643590474
1315,2124,-0.501001935911895
1315,2392,0.374060123252321
1315,2668,-0.0442760744525729
1315,2894,2.18191731437516
1315,3012,0.787940861210608
1315,3178,0.586071157849406
1315,3205,0.669623950288431
1315,3488,0.0790780452128001
1315,3626,1.83857497339188
1315,3805,0.792841493841832
1315,3953,1.18268270358495
1315,3955,1.22693567368235
1316,1317,0.254703613564164
1316,1321,0.12282353088004
1316,1329,0.609943976122016
1316,1373,0.107671092487274
1316,1382,-1.19060778696361
1316,1532,-0.0274241889830266
1316,1870,-1.13949196811903
1316,2330,-0.583225613254114
1316,2463,-0.784279307030431
1316,2652,0.966660557510709
1316,2766,0.249848353362405
1316,2883,0.508586663595419
1316,2954,-0.289423003587872
1316,3095,1.25584150654048
1316,3160,-1.25206258695462
1316,3418,0.226869959334501
1316,3635,-1.25702842285241
1316,3979,-0.0853225352220546
1317,1318,-0.149292225546479
1317,1325,-0.353461428100428
1317,1326,-0.603700664350857
1317,1327,-0.640795218665543
1317,1343,-0.371461319293979
1317,1390,0.170547997920184
1317,1472,-1.28821676572284
1317,1674,-0.343163942493453
1317,2072,-0.683430457680889
1317,2280,1.03622766849715
1317,2482,-1.01450164540999
1317,2531,-0.451390707174916
1317,2690,0.117293201986015
1317,2713,0.0795323659754837
1317,2891,-0.0922342203298814
1317,2926,0.18422833275258
1317,3279,-0.618633494667815
1317,3720,-1.10337499423748
1317,3820,-2.13999908644916
1317,3829,0.722450625421052
1317,3999,-0.166124044183233
1318,1319,-0.708371277825408
1318,1321,0.0174121428623548
1318,1327,-0.491502993119064
1318,1330,0.108802878138343
1318,1331,0.503922288916863
1318,1704,0.580592211299987
1318,1941,-0.478345002022222
1318,2148,0.23053005024775
1318,2224,-0.315341229997853
1318,2444,-1.00682613131619
1318,2515,-0.479313108238233
1318,2542,-0.0784486505044481
1318,2777,-0.42366372169463
1318,2921,-0.370621228035868
1318,2922,0.25966076559987
1318,3327,0.865229968224245
1318,3369,0.814244355332423
1318,3690,-0.641626344650829
1318,3855,-1.48877199258628
1318,3866,0.471279086515068
1319,1321,0.725783420687762
1319,1322,-0.645200457493336
1319,1323,-0.263680268056051
1319,1647,0.134054976924816
1319,1693,1.41799293502944
1319,1740,0.323618847092214
1319,1828,0.648988250464168
1319,2134,0.993940213586082
1319,2393,0.592573993698866
1319,2624,0.353140741558868
1319,2946,0.464062378776796
1319,3658,-0.190565329492867
1319,3731,-0.191040796827217
1319,3947,0.592814227710125
1319,3974,0.0996960105102044
1319,3992,0.626609969795885
1320,1321,-0.569395657506598
1320,1325,-0.790977002922902
1320,1326,-1.04121623917333
1320,1327,-1.07831079348802
1320,1329,-0.082275212264622
1320,1333,0.273337072428519
1320,1351,-0.980492901334068
1320,1485,-1.44559217712705
1320,1560,-0.440232233869906
1320,2331,-2.67304136417277
1320,2457,-1.52502527526277
1320,3143,-0.868362527379648
1320,3221,-0.622334253956082
1320,3371,0.161189548745995
1320,3461,-1.55702014990072
1320,3648,-0.987218073346557
1321,1322,-1.3709838781811
1321,1323,-0.989463688743813
1321,1327,-0.508915135981419
1321,1328,0.143517780870151
1321,1334,-1.1177266433673
1321,1627,-0.741091979008923
1321,1872,-1.17755965617292
1321,2212,0.064561043703741
1321,2239,0.301150794655579
1321,2346,-1.70424476055726
1321,2448,-0.206833270714192
1321,2670,-1.07058150475106
1321,2683,-0.817216731880289
1321,2746,0.940213534009066
1321,3167,-1.94552087820396
1321,3182,-0.602582753104837
1321,3282,-0.90338583440672
1321,3854,0.400857797686718
1321,3881,-0.936524803250191
1322,1323,0.381520189437285
1322,1324,1.08544851400194
1322,1329,1.85810432342307
1322,1332,1.41773627297824
1322,1388,0.452169522675479
1322,1409,0.822475758260415
1322,1427,1.62337728196257
1322,2340,0.802220937051166
1322,2491,0.511670438682581
1322,2659,1.81041418714754
1322,2951,0.164054899257776
1322,3181,0.667206954762186
1322,3489,1.84682848793716
1322,3780,0.945649922616357
1322,3847,1.5683354763769
1323,1324,0.70392832456466
1323,1325,0.767882343327509
1323,1327,0.480548552762394
1323,1329,1.47658413398579
1323,1330,1.0808544240198
1323,1345,1.58728289311062
1323,1533,0.849914615344714
1323,1544,1.00671093849095
1323,1674,0.778179828934484
1323,1912,-0.202310201007401
1323,2041,-0.493508804602039
1323,2186,1.00175913037195
1323,2769,1.11540610804578
1323,3185,0.657803618217723
1323,3206,1.51064370162717
1323,3331,-0.0186949483033421
1323,3381,0.574131059856803
1323,3406,-0.0805697188215599
1323,3424,0.973913088782077
1323,3618,2.32695281292567
1323,3642,0.896972646350782
1323,3679,-0.0189483004786778
1323,3764,-0.446243940187748
1324,1327,-0.223379771802266
1324,1329,0.772655809421129
1324,1330,0.376926099455141
1324,1333,1.12826809411427
1324,1335,-0.370344007700292
1324,1483,0.677514295308852
1324,1502,0.469396399945475
1324,1712,-0.748489168080221
1324,1961,-0.128932801591988
1324,1971,0.192343102253903
1324,2129,0.974243032939811
1324,2259,0.930969154629332
1324,2571,0.10892377507702
1324,2740,0.208276227633563
1324,2850,-0.26912078273994
1324,3455,0.163232653449282
1325,1332,0.268333740213449
1325,1335,-0.434298026463141
1325,1760,-1.12280121451575
1325,1794,-0.748006112947153
1325,1956,0.271501752189127
1325,2260,-0.145083206461635
1325,2440,0.576665219233212
1325,2820,0.235185989645581
1325,2892,0.701714950224933
1325,2908,-0.239199844976535
1325,2927,-0.621780429079147
1325,2950,-0.464986810945039
1325,2993,-0.622238474374336
1325,3105,2.13734018221905
1325,3460,0.805140950374239
1325,3573,0.671999615495555
1325,3932,-0.652624530810479
1326,1328,0.615338362536884
1326,1338,0.919212725335173
1326,1339,0.159534128102852
1326,1380,-0.727317432025517
1326,1444,-0.094814183424365
1326,1653,-0.516965354143893
1326,1790,-1.05694145546542
1326,1825,0.400746746990502
1326,1855,-0.414601963712246
1326,1966,-0.401679583986967
1326,2093,1.28694414618465
1326,2165,1.15786567687562
1326,2248,0.802880311650812
1326,2270,0.761419258717553
1326,2609,0.481874914118255
1326,2850,-0.0828355652523608
1326,2951,-0.73510839725659
1326,3068,-1.66960902386594
1326,3112,0.0201471456424217
1326,3256,0.94762158417239
1326,3286,1.12769462926915
1326,3314,-0.314993027317582
1326,3908,-0.0574134639801845
1327,1329,0.996035581223395
1327,1332,0.555667530778564
1327,1333,1.35164786591654
1327,1334,-0.608811507385883
1327,1338,0.956307279649859
1327,1339,0.196628682417538
1327,1500,-0.0131988912789912
1327,1552,0.797343740966158
1327,1642,-0.044183667277354
1327,2023,1.64474440730133
1327,2610,-0.333978304314447
1327,2971,0.314428562359371
1327,3001,1.47146532268284
1327,3036,1.18365172161672
1327,3156,0.813968385718851
1327,3554,0.0736753065783799
1327,3709,0.701520006182542
1327,3828,-0.552990761616231
1327,3871,0.773661002611581
1328,1330,-0.0521270455941632
1328,1331,0.342992365184357
1328,1334,-1.26124442423745
1328,1339,-0.455804234434032
1328,1343,-0.383099017480006
1328,1553,-0.755434714976268
1328,1662,0.0502501045220784
1328,1997,0.150932607661326
1328,2124,-1.7528860061184
1328,2162,-0.226518245928185
1328,2204,-1.40884543871173
1328,2717,0.866923915439019
1328,3121,-1.1331162561191
1328,3247,-1.1497451013581
1328,3751,0.338598501497451
1328,3993,-0.603795499038245
1329,1339,-0.799406898805857
1329,1341,0.0894604049786323
1329,1575,0.269767687305494
1329,1817,-2.33513530673016
1329,2046,-2.25014561888023
1329,2106,-1.12012742164366
1329,2399,-0.878830173386436
1329,2551,-0.619917112667944
1329,3388,-1.49739118019032
1329,3504,-1.90367589982598
1329,3888,-1.51310530872844
1330,1334,-1.20911737864329
1330,1335,-0.747270107155433
1330,1336,-0.124602505352586
1330,1339,-0.403677188839869
1330,1340,-1.15842632576274
1330,1341,0.48519011494462
1330,1413,-0.858585249804703
1330,1555,0.171735567501429
1330,1597,0.446806776386596
1330,1604,-0.94642968959773
1330,2380,-0.981180054037185
1330,2998,-0.798684193973329
1330,3102,-0.0182849518019664
1330,3290,0.137771076958769
1330,3560,0.274898346928817
1330,3806,-0.248081529414893
1330,3955,0.02717864907001
1330,3968,-3.04947648371002
1331,1338,-0.0391180023860682
1331,1339,-0.798796599618389
1331,1341,0.0900707041661001
1331,1343,-0.726091382664363
1331,1344,-1.01716427227453
1331,1485,-1.36270666567496
1331,1499,-0.817675450389275
1331,1805,-1.13627084256001
1331,1971,-0.579702407979758
1331,2116,-1.42524684552422
1331,2490,1.10963496349303
1331,2710,-0.403236673872898
1331,2992,-0.939581666171288
1332,1334,-1.16447903816445
1332,1335,-0.70263176667659
1332,1337,-0.294708546109858
1332,1338,0.400639748871295
1332,1340,-1.11378798528389
1332,1344,-0.577406521017165
1332,1483,0.345226536332554
1332,2062,-0.397711696975957
1332,2189,0.388630097159581
1332,2573,-0.250598240805302
1332,2636,-0.489252138882753
1332,2698,-0.912082330044129
1332,2880,-0.309177246119508
1332,2884,-0.368060496908789
1332,3089,1.03480129199103
1332,3116,0.259151438280395
1332,3682,-0.28035891267632
1332,3809,-0.278602143946985
1333,1335,-1.49861210181456
1333,1336,-0.875944500011715
1333,1341,-0.266151879714508
1333,1342,-1.92716412730611
1333,1343,-1.08231396654497
1333,1912,-2.03450661968633
1333,2205,-2.08107171216978
1333,2241,-1.10187443087637
1333,3250,-1.27143747236523
1333,3422,-1.60987084926783
1334,1336,1.0845148732907
1334,1343,0.878145406757447
1334,1474,2.90418068549976
1334,1957,-0.361576205994444
1334,2118,1.24918637133582
1334,2362,0.515433824765427
1334,2417,1.09464334461035
1334,2512,0.866059590755338
1334,2552,0.580779735768039
1334,2745,1.39857803609922
1334,2982,0.641179413712033
1334,3264,0.223992018209958
1334,3269,0.190045553353831
1334,3525,0.421859531822095
1334,3700,0.377706489650211
1334,3748,1.1067730281984
1334,3937,0.159719760064065
1335,1336,0.622667601802847
1335,1337,0.407923220566732
1335,1347,1.44146619347497
1335,1743,-0.0651569187289474
1335,1852,-0.153978504439336
1335,2186,0.668174813507581
1335,2222,-0.386145168652564
1335,2601,1.55945492578811
1335,3018,0.446915936639474
1335,3271,0.737887825993645
1335,3463,-1.21297789852245
1335,3874,0.867797108511938
1335,3908,0.126645326232528
1335,3953,0.730195786128045
1335,3985,0.389761647116917
1336,1338,0.480603913745038
1336,1340,-1.03382382041015
1336,1341,0.609792620297207
1336,1342,-1.0512196272944
1336,1343,-0.206369466533256
1336,1344,-0.497442356143421
1336,1346,-0.362448458209481
1336,1507,0.0842967085429896
1336,1648,-0.194664983687853
1336,1681,0.154516946813298
1336,1807,-1.73811609020498
1336,2231,0.0270587193739073
1336,2568,-0.730170061663448
1336,2780,-0.607583856609947
1336,3019,0.106540231878123
1336,3049,-0.0018469746127825
1336,3836,-1.77283573989275
1337,1338,0.695348294981153
1337,1343,0.0083749147028579
1337,1346,-0.147704076973367
1337,1909,-0.162393803185289
1337,1990,-0.162970987740484
1337,2101,-0.885386251806587
1337,2616,-0.0249626888421562
1337,2780,-0.392839475373832
1337,2873,0.258931379775912
1337,3160,-1.12692996652195
1337,3174,0.439720045916993
1338,1341,0.129188706552168
1338,1346,-0.843052371954519
1338,1349,-0.261540915051396
1338,1351,-0.85848938749591
1338,1573,-1.09096235850864
1338,1623,-0.727837692769452
1338,1905,-1.10258561193781
1338,1931,-1.787716117808
1338,1997,-0.152941755136962
1338,2119,-0.0036121273149611
1338,2168,-0.649247172665701
1338,2291,-1.25348822149004
1338,2319,-0.146030348948367
1338,2350,-0.0762277768847751
1338,2704,-1.08019072215395
1338,3216,-0.0259947314664121
1338,3375,-0.0795618715238745
1338,3394,-0.624671799581025
1338,3640,-1.55740627165692
1339,1342,-0.772144943807115
1339,1348,-0.45751268209242
1339,1350,0.700990607629387
1339,1351,-0.0988107902635894
1339,1404,0.703182281201641
1339,1511,-0.0763605029500593
1339,1530,1.46491658591999
1339,1818,-0.457281133414577
1339,2702,-0.264993993183034
1339,2892,0.79242005837251
1339,3116,0.618190286641421
1339,3319,-0.185342236129342
1340,1343,0.827454353876894
1340,1351,0.655938346659279
1340,1353,0.394509781065546
1340,1455,-0.856765927764262
1340,1486,1.0545599359602
1340,1510,0.779375133312347
1340,1645,1.23795421636587
1340,1648,0.839158836722298
1340,1768,1.1158099304907
1340,1966,0.19353542483305
1340,1967,0.936595707054505
1340,2416,1.77364840219077
1340,2432,0.701629391440053
1340,2437,1.16564203003248
1340,2485,2.08354076488648
1340,2739,0.32736643517257
1340,2795,-0.528553376233517
1340,2964,-0.0460586427376215
1340,3047,0.406595135785146
1340,3115,0.435728307357799
1340,3260,-0.001064083910758
1340,3321,1.19951464998856
1340,3331,0.0588769534395937
1340,3360,1.32877331176028
1340,3958,0.165298358934226
1340,3960,0.776869028109968
1341,1345,0.0212383541462021
1341,1346,-0.972241078506687
1341,1350,-0.187876696155102
1341,1351,-0.987678094048078
1341,1608,-0.0494709739680492
1341,1951,-0.0829305013635299
1341,1966,-1.45008101587431
1341,1969,-0.439193454956506
1341,2424,-2.34655590347275
1341,3159,-0.233575114325175
1341,3167,-2.52210172842456
1341,3236,-0.270811171200555
1341,3258,0.143232201010093
1341,3324,-0.892948153791623
1341,3533,-1.25047921856387
1341,3570,0.290997218782159
1341,3793,-0.261676375114351
1341,3823,-0.93812780096141
1341,3862,0.378868102794444
1341,3867,-1.14937568131181
1342,1350,1.4731355514365
1342,1532,0.934183677507929
1342,1627,0.343339418362073
1342,1701,0.553113554041052
1342,1838,1.3193476053872
1342,1873,0.957377883540122
1342,2200,-0.722568502847979
1342,2240,0.974220422111051
1342,2410,1.55677669565315
1342,2813,0.98813984201011
1342,3098,1.09828796607374
1342,3108,-0.0037376212035049
1342,3386,1.06003921805289
1342,3405,1.68524550185129
1342,3424,1.06888079740926
1342,3869,0.270758053592613
1342,3895,-0.0386826004674518
1343,1344,-0.291072889610165
1343,1346,-0.156078991676224
1343,1350,0.628285390675361
1343,1356,0.314179917711709
1343,2153,0.80058721484201
1343,2318,-0.612786474357386
1343,2446,-1.00558055272029
1343,2470,0.233162761731013
1343,3198,0.222246291883042
1343,3288,-0.0312983276060902
1343,3321,0.37206029611167
1343,3404,0.0819017108060359
1343,3428,-0.0397717817815231
1343,3578,-0.328381659778719
1343,3713,-0.718176286950516
1343,3877,-0.467318866357867
1343,3881,-0.696943566640336
1344,1346,0.134993897933941
1344,1351,0.11955688239255
1344,1352,-0.169084534486069
1344,1355,1.28911625966885
1344,1596,-0.667479170732303
1344,1656,-0.820365292691837
1344,1793,0.478160575721182
1344,1819,0.319765292182103
1344,2018,0.538993071035659
1344,2251,1.49314579823767
1344,2370,-0.0377696578123547
1344,2450,0.422281166021208
1344,2697,0.246624960085943
1344,2757,1.38642395980845
1344,2815,-0.303522985713649
1344,3424,0.515103526258283
1344,3452,-0.518863142601366
1344,3919,0.490967078246597
1345,1348,-1.36761834002311
1345,1353,-1.27034501378801
1345,1354,-1.31140215280052
1345,1356,-0.523220523264956
1345,1398,-1.53821868923658
1345,1547,-0.836418645107163
1345,1886,-0.587271660622003
1345,2007,0.311921462158274
1345,2102,-0.676336143690077
1345,2710,-0.5145457321852
1345,3189,-0.835777243607161
1345,3296,-0.123704843649543
1345,3642,-0.690310246759841
1345,3700,-1.3378393580839
1346,1347,1.1812470498816
1346,1353,-0.276865581135124
1346,1355,1.15412236173491
1346,1358,-0.809370931425086
1346,1622,-0.750080406393392
1346,1630,-0.0819788740306569
1346,2126,-0.457827043238465
1346,2357,0.469343687346297
1346,2444,-0.628578045892464
1346,2893,0.961143973757233
1346,2968,-1.4162756075133
1346,3195,-0.304854647048625
1346,3257,0.0041602053592946
1346,3379,-0.682294633028339
1346,3512,1.32933081597872
1346,3531,-0.571358308210853
1347,1348,-1.55538595725182
1347,1359,0.17397504983323
1347,1389,-1.80068636312294
1347,1415,-1.07306834512181
1347,1428,-0.633092632822848
1347,1565,-0.761261098478782
1347,1632,-0.093152868275629
1347,2126,-1.63907409312006
1347,2520,-2.08188579612106
1347,2794,-1.16225575868615
1347,2796,-0.644761340847738
1347,3463,-2.65444409199742
1347,3477,-1.11441581348994
1347,3630,-1.54890578318168
1347,3842,-1.36272092096714
1347,3904,-1.71193582619134
1348,1350,1.15850328972181
1348,1352,0.0700604749502119
1348,1377,-0.103479049263667
1348,1531,0.308578616439952
1348,1534,-0.12266302891891
1348,1552,1.05822774064104
1348,1702,0.817441921733289
1348,2021,2.24563691333737
1348,2135,0.654081273549628
1348,2372,-0.0280516426537095
1348,2394,-0.21769459474693
1348,2485,1.78630431005603
1348,3341,0.170689030829929
1348,3484,-0.465325736747744
1348,3731,-0.147025081858679
1348,3903,-0.26163495942303
1348,3959,0.94443451542047
1349,1352,-0.885589889323132
1349,1353,-0.858377038038247
1349,1378,-0.919866074471901
1349,1460,-1.21197659299819
1349,1577,-0.352994276912587
1349,1685,-0.339070308328925
1349,1763,0.032937005204958
1349,1819,-0.39674006265496
1349,1932,-1.65731649717776
1349,1933,0.357889966289731
1349,2510,-1.99039237379787
1349,2524,-0.756083131407849
1349,2632,0.319981157355008
1349,2909,-0.100499743216739
1349,3157,-0.20276404748965
1349,3319,-0.683479918310267
1349,3351,-0.522644892524061
1349,3390,1.19798334901691
1349,3406,-1.25588463618242
1349,3418,-0.0818048001625828
1349,3949,-0.577363439409192
1349,3973,-0.0155818342417618
1350,1353,-1.06122996348671
1350,1362,-1.52779031177721
1350,1363,-0.651438177435708
1350,1510,-0.676364611239909
1350,1630,-0.866343256382242
1350,1729,-1.27920077009051
1350,2045,-0.976944664463334
1350,2110,-1.04687693636423
1350,2145,-0.60644694030867
1350,2330,-1.09475329819966
1350,2346,-2.09294891462276
1350,2809,-0.326550479691164
1350,2956,-0.232154572938708
1350,3105,1.52705468273724
1350,3155,-0.899757696686756
1350,3283,-0.0180441800727757
1350,3859,0.0407139378449018
1351,1352,-0.288641416878618
1351,1354,-0.302485704606239
1351,1357,-1.19503019538698
1351,1377,-0.462180941092497
1351,1651,-0.651545532909318
1351,1923,-0.0337337689035301
1351,2156,-0.119895015369626
1351,3016,0.0832939394247989
1351,3243,0.894181043793566
1351,3317,-0.626087389646408
1351,3468,-0.501599749601003
1351,3822,0.0734554200450726
1351,3839,-0.109092439651807
1351,3936,0.742382526432797
1352,1353,0.027212851284885
1352,1354,-0.0138442877276205
1352,1355,1.45820079415492
1352,1357,-0.906388778508359
1352,1358,-0.505292499005076
1352,1359,1.65930053213484
1352,1362,-0.439347497005618
1352,1365,1.21142529939656
1352,1556,0.951579046759262
1352,1790,-0.829023376426065
1352,1870,-0.562576838292982
1352,2203,-1.20483006565538
1352,3693,0.912229722291253
1352,3967,0.555167288551396
1353,1354,-0.0410571390125055
1353,1356,0.747124490523057
1353,1364,0.798651234242053
1353,1375,1.23441798952858
1353,1410,1.29083104851306
1353,1640,0.902088953015595
1353,1877,-0.103917904110311
1353,2122,-0.135844434573591
1353,3165,-0.114948343266656
1353,3314,-0.114287799563111
1353,3384,0.1890572138135
1353,3386,0.648133630103101
1353,3770,-0.416162542439911
1353,3813,-0.0494249141314668
1353,3852,0.455353594403097
1353,3951,-1.10259811768597
1353,3970,1.04407506281228
1353,3981,0.906579652492069
1354,1358,-0.491448211277456
1354,1366,0.0278394589138586
1354,1507,0.7646678869001
1354,1742,-0.920067995647172
1354,2036,0.0580425762220458
1354,2200,-1.09341695178527
1354,2211,-1.20912958395001
1354,2249,0.105044469470243
1354,2668,-0.439059415355213
1354,2897,0.230136003829596
1354,3003,0.441217227175266
1354,3096,0.659725298391342
1354,3340,0.533063936554968
1354,3403,0.500296424041207
1354,3423,1.27902951917576
1354,3952,1.149366345098
1355,1358,-1.96349329316
1355,1359,0.201099737979918
1355,1360,-0.930410763601047
1355,1362,-1.89754829116054
1355,1365,-0.246775494758365
1355,1367,-1.51388669728403
1355,1911,-1.25274877919471
1355,2400,-1.16119161218919
1355,2773,0.330847688021693
1355,2929,-1.24898974642338
1355,2948,0.846059434646471
1355,3502,-1.37513593766934
1355,3505,-0.351024006253642
1355,3522,-0.950505379588185
1355,3536,-1.67082873951597
1355,3619,-0.103395233541509
1355,3715,-1.66562276092097
1356,1358,-1.27962984081302
1356,1359,0.884963190326897
1356,1393,-0.806322457801316
1356,1500,-0.596712708362264
1356,1534,-0.967060845677065
1356,1780,-0.63420827279874
1356,1781,-0.380750215104579
1356,1870,-1.33691418010092
1356,2006,-0.488075952985118
1356,2103,-0.956714856373832
1356,2286,-1.19961751568086
1356,2724,-2.10542659652354
1356,3243,0.408485118864242
1356,3478,0.333819708339082
1356,3732,-2.37930287769522
1357,1359,2.5656893106432
1357,1360,1.43417880906223
1357,1363,1.34339341584425
1357,1365,2.11781407790491
1357,1368,1.91993900266856
1357,1369,2.64452796938049
1357,1370,1.24800080857644
1357,1630,1.12848833689771
1357,2098,0.515489082799538
1357,2228,-0.323221166160343
1357,2248,1.93718716919853
1357,2250,1.82990204520673
1357,2649,1.90876744268188
1357,2858,1.06543248904608
1357,2920,0.457279481475308
1357,3463,-0.26272983118745
1357,3743,2.26662551072402
1358,1363,0.942297136340963
1358,1364,1.33115658453201
1358,1366,0.519287670191314
1358,1371,1.80062871201399
1358,1441,1.42040380362406
1358,1725,1.899178919025
1358,1811,1.26020919473604
1358,1824,1.25232190387522
1358,1985,1.17634895840443
1358,2141,0.0729993675610462
1358,2232,1.23629369605796
1358,2400,0.802301680970804
1358,2505,1.09576680906388
1358,2608,-0.0504071358141833
1358,2770,0.683940522592658
1358,3445,-0.396513929744297
1358,3469,0.520712035465237
1358,3559,0.605803100542561
1359,1362,-2.09864802914046
1359,1370,-1.31768850206675
1359,1372,-1.10644374894075
1359,1586,-1.21547722906068
1359,1734,-1.00520107555079
1359,1946,-1.77252148631037
1359,2149,1.16021487846452
1359,2160,-1.13290132988434
1359,2164,-0.750883000305375
1359,2611,-1.74222586437926
1359,2743,-1.22685542104254
1359,3023,-1.83295931716576
1359,3433,-2.04119463033439
1359,3439,-2.11085320799904
1359,3483,-0.91191379517928
1359,3689,0.281915122525052
1359,3867,-1.53235670251996
1360,1362,-0.967137527559491
1360,1367,-0.583475933682979
1360,1373,0.156796191759449
1360,1444,-0.394686134938882
1360,1834,-0.219323154521528
1360,1900,-1.39931711868674
1360,2031,0.218067322130041
1360,3257,-0.219551392774569
1360,3312,-0.716134730706335
1360,3371,0.902533836404808
1360,3451,-1.46504116453402
1360,3468,-0.740748363276258
1360,3494,-0.908493661691949
1360,3557,-0.53782203877928
1360,3583,0.960580046740793
1360,3705,-0.280487091480069
1360,3717,-0.0713822655126517
1360,3965,0.146827114167394
1361,1364,0.518410844468881
1361,1366,-0.29345806987182
1361,1370,0.0341587890100279
1361,1478,1.0901450815604
1361,1484,0.430571319274579
1361,1976,-0.588748256045144
1361,2013,0.107178472431935
1361,2048,-0.794523705699817
1361,2053,0.37742253675008
1361,2063,-0.186032945201229
1361,2132,-1.4203021888323
1361,2648,-0.201589328434429
1361,2682,-0.160005305868349
1361,2953,1.183011763919
1361,3176,0.387816437789549
1361,3186,0.317016655178277
1361,3658,-0.524063330532598
1361,3914,0.753991264175394
1361,3986,0.873286775064126
1362,1364,1.26521158253256
1362,1365,1.65077279640217
1362,1385,-1.07217898357413
1362,1725,1.83323391702554
1362,1952,1.45364713167462
1362,2089,1.19118904232539
1362,2151,0.753391655218579
1362,2257,1.06194947855214
1362,2580,1.17385483805797
1362,2709,0.41680642167154
1362,2953,1.92981250198268
1362,2986,-0.139538633028638
1362,3077,0.784750728278079
1362,3396,-0.521610169459487
1362,3505,1.5465242849069
1362,3592,1.0289302512791
1362,3681,1.38624646332821
1363,1366,-0.423009466149649
1363,1368,0.576545586824313
1363,1370,-0.095392607267801
1363,1371,0.858331575673029
1363,1372,0.1158521458582
1363,1373,0.247581584977436
1363,1652,0.490650166795764
1363,1755,-0.58686677568843
1363,1762,-0.564921912225177
1363,1770,-0.215640813288098
1363,1824,0.310024767534256
1363,2021,1.73857180105128
1363,2063,-0.315584341479058
1363,2105,-0.776885106566705
1363,2403,0.665707543151078
1363,2681,0.372665068858617
1363,2748,-0.254781064877051
1363,3650,-0.465686151617404
1363,3738,0.244927261554025
1363,3829,1.11706473147538
1364,1365,0.385561213869617
1364,1367,-0.881549988656045
1364,1368,0.187686138633261
1364,1374,0.289007738572652
1364,1619,-0.113009324729199
1364,1711,0.363081621231541
1364,2032,0.327187090558199
1364,2293,-1.02311254373552
1364,2404,-0.0484017152121119
1364,2513,0.339697920059851
1364,2948,1.47839614327445
1364,3451,-1.76311521950709
1364,3745,-1.02131418763277
1365,1366,-1.19743012821032
1365,1367,-1.26711120252566
1365,1370,-0.86981326932847
1365,1371,0.0839109136123608
1365,1373,-0.526839077083233
1365,1378,-1.24570148454532
1365,1477,0.260584744463213
1365,1517,-2.43966758136352
1365,1634,-1.51605813536108
1365,1700,-1.12412981372935
1365,1833,0.65952460629187
1365,1865,0.58206788479455
1365,2105,-1.55130576862737
1365,2398,-0.945100272114348
1365,2537,-1.27388408200999
1365,2716,-1.60629363080662
1365,2876,-1.58707469931311
1365,3588,-0.695906260162733
1365,3672,-1.25795916096056
1365,3841,-1.24231620805834
1366,1371,1.28134104182268
1366,1373,0.670591051127084
1366,1374,1.10087665291335
1366,1376,2.30568645384499
1366,1377,-0.187534695400117
1366,1384,1.62824475882584
1366,1420,0.43900448176444
1366,1618,-0.323967260977588
1366,1891,0.120864969454218
1366,2531,0.366232865029059
1366,2891,0.725389351874093
1366,2931,0.579063737673038
1366,3003,0.413377768261407
1366,3188,-0.496680405120183
1366,3189,0.4477854502795
1366,3253,0.759026471983668
1367,1374,1.1705577272287
1367,1376,2.37536752816033
1367,1379,0.943780354895151
1367,1414,0.749239304570556
1367,1569,0.121799626330913
1367,1725,1.44957232314903
1367,2125,1.16995702261018
1367,2384,-0.145295094844279
1367,2678,-0.0231085830742278
1367,2762,0.311238050353032
1367,3061,0.800470076311125
1367,3116,1.06132839691273
1367,3267,0.0126480505289553
1367,3564,0.597019252303131
1367,3716,-0.147703898976246
1367,3769,0.55317784778513
1367,3890,-0.0487611260190803
1368,1372,-0.460693440966113
1368,1373,-0.328964001846877
1368,1550,-0.445603373710715
1368,1794,-1.28339902181757
1368,2285,-0.598884076014194
1368,2479,-1.26204161064268
1368,2802,-1.89669038726253
1368,3091,-0.281761799822689
1368,3222,-0.528196745689243
1368,3388,-1.32408229840246
1368,3540,-0.690013052015705
1368,3669,-0.211843817120304
1368,3923,-0.733738517280633
1369,1375,-0.47650835005867
1369,1673,-0.798897412498257
1369,1880,-2.14200995598809
1369,1988,-2.19820679325274
1369,2057,-1.11060868660818
1369,2073,-0.87578144314547
1369,2368,-1.93702408028166
1369,2443,-1.55317355297278
1369,3024,-2.14344225750061
1369,3048,-0.78086606964712
1369,3174,-0.846636635561763
1370,1371,0.95372418294083
1370,1372,0.211244753126001
1370,1373,0.342974192245237
1370,1382,-0.955304687205648
1370,1383,0.493937309616687
1370,1440,0.164007480917514
1370,1742,-1.27552431344288
1370,1810,1.07750806904092
1370,1985,0.329444429331268
1370,2084,0.187728999330095
1370,2187,-0.105571676488538
1370,2758,-0.0292544685591937
1370,2913,-0.210449379079264
1370,3190,-0.237983900241166
1370,3465,0.444299128331461
1370,3475,-0.893790783149422
1370,3903,-0.673307464441327
1370,3929,-0.613958459435868
1370,3947,0.225157437660365
1371,1373,-0.610749990695594
1371,1384,0.346903717003161
1371,1566,-1.94545321675309
1371,2051,-1.64927842617059
1371,2227,-1.03269994205719
1371,2423,-0.666422747386506
1371,2674,-0.517984205584055
1371,2888,-0.0617527956815635
1371,3084,-0.877498282050584
1371,3229,-1.46132247260241
1371,3308,-0.622305504807896
1371,3313,-1.48789680326915
1371,3316,-1.34761729566636
1371,3482,-0.493246917149619
1371,3600,0.482478567543274
1372,1375,0.708774057619376
1372,1376,1.76682484183714
1372,1384,1.08938314681799
1372,1700,-0.465561297526883
1372,1709,-0.350894206465
1372,2186,0.159177319140137
1372,2297,-1.23475643513939
1372,2303,0.588094180834937
1372,2415,-0.568451724997225
1372,2807,0.311804014449343
1372,3068,-1.99454772802067
1372,3189,-0.0910761617283487
1372,3298,-0.185176615993281
1372,3524,-1.23402750468801
1372,3586,-0.51867191207585
1372,3594,-0.13372459820152
1372,3838,-0.405466312311374
1373,1376,1.63509540271791
1373,1379,0.203508229452722
1373,1380,-1.18398557529948
1373,1382,-1.29827887945089
1373,1814,-1.50849717937501
1373,2047,-0.215741282753917
1373,2133,-0.184251370659855
1373,2181,-1.06128803578217
1373,2355,0.575826455724809
1373,2973,-1.11632417739947
1373,3293,0.353269092789242
1373,3428,-0.264200579998612
1373,3740,-0.0683207520305828
1373,3954,-0.198906270139449
1373,3989,-1.20534267541581
1374,1375,0.146759016713872
1374,1381,-0.199095778164108
1374,1382,-1.72856448123715
1374,1387,0.0645352018093543
1374,1464,-1.4812820418145
1374,2276,-1.49901398560293
1374,2435,-1.93571070488502
1374,2667,0.455397317463691
1374,3159,-0.072127427498069
1374,3820,-2.42325216715854
1374,3862,0.540315789621551
1375,1384,0.380609089198615
1375,1385,-2.77315732139321
1375,1388,-1.48070653561299
1375,1439,-0.57235816561485
1375,1685,-0.715111259819255
1375,1989,-0.441044537259554
1375,2070,-0.649915444632499
1375,2224,-0.894645552967582
1375,2230,-1.43384100015759
1375,2357,-0.488208721047157
1375,2865,-1.23726209501783
1375,3393,-0.889808732273799
1375,3814,-1.47968758659727
1375,3949,-0.953404390899523
1376,1379,-1.43158717326518
1376,1381,-1.40390557909575
1376,1387,-1.14027459912228
1376,1843,-2.27970450792451
1376,2089,-1.56784007971145
1376,2415,-2.33527656683437
1376,2699,-2.3248692809268
1376,2726,-3.38427180197983
1376,3013,-1.97404725392848
1376,3156,-1.31488971458771
1376,3247,-2.62617028481309
1376,3450,-2.71023328879429
1376,3454,-1.67304934646553
1376,3714,-2.59889427177305
1376,3939,-1.58534823113257
1377,1379,1.06163397597992
1377,1381,1.08931557014936
1377,1382,-0.440153132923684
1377,1387,1.35294655012282
1377,1389,-0.141821356607457
1377,1390,1.17570626552428
1377,2358,0.508416553894649
1377,2746,1.81349171892903
1377,2823,0.393490903081989
1377,2852,0.316356310951992
1377,2985,0.810140945490281
1377,3191,1.32447484165482
1377,3856,-0.203004846775805
1377,3933,-0.0623655198568617
1378,1379,0.922370636914814
1378,1382,-0.579416471988794
1378,1386,0.542572607392461
1378,1391,1.58180791993801
1378,1724,1.52091501762498
1378,1889,-0.0630597312400795
1378,2499,-0.0429095063406059
1378,2622,0.809995478542171
1378,2677,-0.617414232189355
1378,2750,-0.123511375765543
1378,2988,0.679050501385527
1378,3516,-0.939694575034472
1378,3856,-0.342268185840915
1379,1381,0.0276815941694373
1379,1382,-1.50178710890361
1379,1383,-0.0525451120812721
1379,1384,0.754145478246032
1379,1385,-2.39962093234579
1379,1389,-1.20345533258738
1379,1392,0.665039681010709
1379,1474,1.5980982510725
1379,1595,-1.13209052250003
1379,2114,-0.923151060988954
1379,2204,-1.45368344890153
1379,2255,0.756839458484884
1379,2336,0.082037702708979
1379,2863,-1.2892420759194
1379,3025,-0.278439406205742
1379,3415,1.2002084310661
1380,1383,1.33494869267093
1380,1391,2.0469310877754
1380,1393,0.467414236992788
1380,1416,1.18121079368284
1380,1452,0.260894096274496
1380,1483,1.59111694482195
1380,1501,1.11060127968604
1380,1584,0.849955884630159
1380,1638,0.89674488519329
1380,1680,1.05701843112944
1380,1921,1.23196537516095
1380,2759,0.878422554966573
1380,2950,0.512569857330907
1380,3080,2.68908211415184
1380,3555,1.5098213701604
1380,3791,0.492289547297595
1380,3820,-0.808980990072783
1380,3904,0.272789009096429
1381,1385,-2.42730252651523
1381,1386,-0.407479623691791
1381,1562,-0.658947300102682
1381,1684,-1.75521912955847
1381,1799,0.0096067080380853
1381,2035,-0.757626134673601
1381,2329,-1.39778721835321
1381,2595,-0.232866082505895
1381,2748,-0.733552473476646
1381,2870,-1.51084267123879
1381,3024,-1.32107911256396
1381,3292,0.452520350666635
1381,3326,-0.880769949132185
1381,3531,-1.18305592172633
1381,3613,-0.364700210643267
1381,3628,0.279915955126209
1381,3916,0.271678165545743
1382,1384,2.25593258714964
1382,1757,1.43791278457928
1382,1958,2.22551299599025
1382,2208,0.239225444391974
1382,2526,1.53803472833084
1382,2692,0.841305339716257
1382,2751,0.741644862242788
1382,2773,2.40274113931418
1382,3015,0.120069172020045
1382,3222,1.09904613560852
1382,3262,1.29506662344802
1382,3498,0.496294746409538
1382,3786,0.481738119233127
1382,3909,2.81013145786033
1383,1386,-0.327252917441081
1383,1391,0.711982395104469
1383,1396,-0.390162140371293
1383,1452,-1.07405459639644
1383,1501,-0.224347412984894
1383,1776,-0.77533673499877
1383,1787,-0.625671600549679
1383,1898,-0.207651477520312
1383,2346,-1.84005543953594
1383,2455,-1.27388437716685
1383,2662,0.336239292299572
1383,2741,-0.597072207469179
1383,3527,0.628260532243987
1383,3534,-0.784489714339327
1383,3604,-1.0196087051265
1383,3696,-1.66149792027439
1383,3805,-0.451335474473201
1383,3811,-0.0029523789696605
1383,3920,0.0114340306278523
1384,1389,-1.95760081083341
1384,1390,-0.64007318870168
1384,1391,-0.0947081952228351
1384,1393,-1.67422504600545
1384,1397,-0.846750660836053
1384,1911,-1.43678791505186
1384,1946,-1.75546088418761
1384,2045,-1.53074177970382
1384,2562,-0.820015815256534
1384,2815,-1.77667838123966
1384,2860,-1.57905439422418
1384,3056,-1.73605553522879
1384,3088,-1.31430829167328
1384,3325,-0.631012658214791
1384,3539,-0.736547809994518
1385,1388,1.29245078578022
1385,1390,2.51369322189015
1385,1392,3.0646606133565
1385,1394,1.69753875764059
1385,1395,1.52591247383663
1385,1398,1.27086565641607
1385,1845,2.95313916392502
1385,2224,1.87851176842563
1385,2331,0.107619434619664
1385,2962,2.4627186069001
1385,3425,1.58756805514371
1385,3862,3.16671409430089
1385,3885,2.02208727131327
1386,1387,0.671110603665253
1386,1388,-0.727372117043223
1386,1390,0.493870319066705
1386,1391,1.03923531254555
1386,1395,-0.493910428986815
1386,1398,-0.748957246407368
1386,1399,2.31684288529338
1386,1722,0.0535238791626011
1386,1864,0.0180436973146828
1386,1907,0.892504041151952
1386,2272,-0.152531123910473
1386,2416,0.898055050166413
1386,2437,0.290048678008132
1386,2518,0.577667119626269
1386,2660,-0.910036438710953
1386,3657,-0.781081697794479
1386,3764,-1.24426539046916
1386,3875,0.486118661894505
1387,1388,-1.39848272070848
1387,1392,0.37372710686781
1387,1393,-1.21139214190232
1387,1395,-1.16502103265207
1387,1396,-0.734019826595465
1387,1400,-0.2941109093655
1387,1629,-0.121218423986196
1387,1677,-1.38428324664218
1387,1754,-2.35632953287051
1387,2382,-0.0726184573338091
1387,2464,-1.53672667517068
1387,2614,-0.0764730051210009
1387,2634,-1.41652587581887
1387,2656,-0.106272024004784
1387,2776,-0.292883239158462
1387,2820,-0.466063720973579
1387,2912,-1.00544373911537
1387,3011,-0.896654507183825
1387,3370,-0.187641282800485
1387,3637,-0.569078733791633
1387,3645,-0.878830189462002
1388,1389,-0.0962851860218051
1388,1390,1.22124243610993
1388,1392,1.77220982757629
1388,1393,0.187090578806157
1388,1398,-0.0215851293641456
1388,1487,0.755601775775682
1388,1639,0.657676324935635
1388,1650,0.526851922850856
1388,1959,1.39286283305982
1388,2318,0.0664466445383786
1388,2671,1.257670183616
1388,2712,0.13856206817469
1388,3008,0.392861765110682
1388,3153,-0.118619642505065
1388,3338,-0.675296510175788
1388,3635,-0.461037598226826
1388,3824,0.787781873658273
1388,3964,0.272537381257284
1389,1390,1.31752762213173
1389,1393,0.283375764827963
1389,1394,0.501373157882177
1389,1397,1.11085014999736
1389,1402,-0.499395267779146
1389,1845,1.75697356416661
1389,2265,1.14751371241494
1389,2839,1.54314583775232
1389,2847,0.179267814205737
1389,2907,1.08283187337221
1389,3124,0.394218072728791
1389,3126,-0.364148153480123
1389,3130,0.986305418594136
1389,3182,0.412516788422587
1389,3270,1.19670373593032
1390,1392,0.550967391466358
1390,1399,1.82297256622667
1390,1403,1.19522069698759
1390,1807,-2.07375594088589
1390,2242,-1.06758202493821
1390,2281,-0.660066173501417
1390,2365,-1.35878207303206
1390,2828,0.224441940504833
1390,2873,-0.291452852141109
1390,2923,-0.928846199457711
1390,3180,0.0452407107691474
1390,3331,-1.31058671765146
1390,3926,-0.0472718383470793
1391,1392,0.0056023979875122
1391,1393,-1.57951685078262
1391,1399,1.27760757274783
1391,1400,-0.662235618245798
1391,1403,0.649855703508748
1391,1404,-0.456897246445394
1391,1527,-0.781454036998937
1391,1923,-1.29262408681415
1391,2108,-1.48735090105138
1391,2350,-0.476628707299489
1391,2409,0.0621345366935231
1391,2522,-0.561243723879393
1391,2631,-0.643499051606038
1391,3338,-2.44190393976456
1391,3591,-0.0909157691853546
1391,3661,-0.0335879187714879
1391,3751,-0.365676791715552
1391,3844,-1.10114737089338
1391,3867,-1.42058790517436
1392,1395,-1.53874813951988
1392,1398,-1.79379495694043
1392,1399,1.27200517476031
1392,1401,-0.353617376253452
1392,1402,-2.36789028137724
1392,1403,0.644253305521236
1392,1626,-0.28703603623735
1392,1885,-0.393322490681857
1392,2031,-0.80727678009284
1392,2045,-1.44163598246849
1392,2073,-0.690776385050092
1392,2341,-2.27463257336291
1392,2349,-1.10363492294024
1392,2354,-1.12716403792485
1392,2437,-0.75478903252493
1392,2945,-1.0324609838727
1392,3261,-0.836031345532712
1392,3333,-0.979774199707059
1392,3419,-1.17762602391104
1393,1399,2.85712442353044
1393,1403,2.22937255429136
1393,1406,0.286984830877657
1393,1449,0.821965484299797
1393,2057,0.659515620257329
1393,2502,0.297868892805815
1393,2853,0.346120048316291
1393,2936,0.320850734374662
1393,3020,1.56621393603675
1393,3115,0.100416493570512
1393,3167,-1.21379710150449
1393,3386,0.70733159738136
1393,3387,-0.0275888753555279
1393,3699,0.975301814783337
1393,3892,0.845807432557338
1393,3905,0.803757204257282
1394,1397,0.609476992115183
1394,1405,2.28871139030028
1394,1407,0.267123979281437
1394,1505,-1.02814257836478
1394,1808,0.300821510355346
1394,1852,-0.296131492673533
1394,2123,-0.28250111307678
1394,2168,0.311871354647987
1394,2207,-1.11819887051182
1394,2243,-0.633050853758533
1394,2840,-0.295354392375762
1394,2984,-1.21033384307258
1394,3192,0.365222865712189
1394,3521,-0.59413907905532
1394,3684,-0.572671031043914
1394,3902,-0.0032584657837487
1395,1397,0.781103275919148
1395,1398,-0.255046817420553
1395,1400,0.870910123286568
1395,1402,-0.829142141857358
1395,1405,2.46033767410424
1395,1406,0.240613721627407
1395,1425,0.79604422104622
1395,1601,0.765831199421848
1395,1830,1.6471840004329
1395,1869,-0.229506234086311
1395,2316,-1.32999665937424
1395,2352,-0.683065168645102
1395,2605,0.562459377507907
1395,3041,0.121813477871165
1395,3424,0.669802067487476
1395,3469,0.0010335432032841
1395,3634,1.13176599541188
1395,3671,-0.0232000503699994
1395,3814,-0.232442739040686
1396,1398,-0.686048023477157
1396,1399,2.37975210822359
1396,1404,0.645247289030368
1396,1407,0.0077490570287973
1396,1408,-0.0213961586335731
1396,1409,-0.294156658528075
1396,1465,1.11030314757577
1396,1508,-0.545557800157487
1396,1650,-0.137610971262155
1396,1783,0.68006912267562
1396,1934,0.347016420001589
1396,2138,0.594224477347166
1396,2202,0.383085115107414
1396,2236,-1.28048758040465
1396,2335,-0.0172707698995265
1396,2937,-1.42505233273566
1396,3211,-0.397937933390091
1396,3673,0.648917379985702
1397,1551,-0.329121673189325
1397,1567,-1.35624786860121
1397,1590,0.0212278578149454
1397,1659,0.613041310299581
1397,1689,-0.68612132572099
1397,1730,-0.136034981348433
1397,1770,-0.574125445128234
1397,1904,-0.334511190339938
1397,2125,0.318781850305046
1397,2158,-0.49097781416057
1397,2484,-1.59008419254076
1397,2599,-0.786975271242152
1397,2794,-0.472419545560568
1397,2818,-1.30264435994246
1397,2953,0.694975735801038
1397,3367,-0.112878788515329
1397,3404,-0.253430134273754
1397,3607,-1.30899537552679
1397,3707,-1.93712889078603
1397,3769,-0.29799732452
1398,1402,-0.574095324436805
1398,1409,0.391891364949081
1398,1460,-0.0857258795113813
1398,1587,1.184845409895
1398,1740,0.538234911274217
1398,1741,1.07707811934382
1398,1963,-0.0735167745019778
1398,2095,0.192079617949359
1398,2168,0.738544455872504
1398,2248,1.27145921485384
1398,2349,0.690160034000188
1398,2856,-0.0118379601264635
1398,3006,1.00782935738496
1398,3272,1.12050767334983
1398,3315,1.26930006167657
1398,3665,0.563782383976175
1398,3697,2.7448051868794
1399,1401,-1.62562255101376
1399,1402,-3.63989545613755
1399,1406,-2.57013959265278
1399,1412,-2.45158554154289
1399,1568,-3.20836327251163
1399,1881,-2.06676464951431
1399,2333,-3.75136065996315
1399,2474,-2.23887057183328
1399,2769,-1.99945822752901
1399,3077,-2.47973607626461
1399,3453,-3.45310450212479
1399,3490,-2.52398815911313
1399,3723,-2.52631957006336
1399,3823,-2.48694759757178
1400,1403,1.31209132175455
1400,1405,1.58942755081767
1400,1409,-0.73406557575804
1400,1410,0.432747783254498
1400,1483,0.206421475292343
1400,1548,-0.395844592741712
1400,2212,-0.120996412133615
1400,2348,-1.08600370206273
1400,2555,0.589993231285779
1400,2680,-1.59539658783646
1400,2703,-0.965722039158327
1400,3181,-0.889334379256268
1400,3511,0.0961232069909952
1400,3830,-0.557353025055388
1400,3948,0.133986826743811
1401,1402,-2.01427290512378
1401,1409,-1.0482862157379
1401,1449,-0.409536388216879
1401,1877,-1.27622180934873
1401,2030,-0.960579526975849
1401,2058,-0.0165582971781855
1401,2060,-0.0780917732729253
1401,2507,-1.30343151665304
1401,2518,-0.113553214653342
1401,2713,-0.288365647157606
1401,2717,0.510663600491956
1401,2794,-0.876447032907847
1401,3099,-0.522158750620528
1401,3722,-1.28872693351573
1401,3737,-1.26920005520062
1402,1403,3.01214358689847
1402,1407,1.26789240494276
1402,1409,0.965986689385887
1402,1410,2.13280004839842
1402,1415,1.22701328578028
1402,1621,1.71162527465192
1402,1860,0.902392162145227
1402,1875,0.338663197756322
1402,1924,1.60913262227817
1402,2377,1.05244481830917
1402,2452,0.385633608945981
1402,2572,0.679820546136447
1402,3032,1.86574648388644
1402,3066,0.822776858663368
1402,3355,1.05642722227657
1402,3590,1.66267364552812
1402,3605,1.24420976184465
1402,3642,1.42200376691354
1403,1405,0.277336229063127
1403,1406,-1.94238772341371
1403,1412,-1.82383367230382
1403,1416,-1.51557599760132
1403,1443,-0.989779932132477
1403,1523,-1.08953103534231
1403,1666,-1.1385998524251
1403,1857,-3.41095978193482
1403,1987,-2.16640513822893
1403,2023,-0.36181950627199
1403,2027,-1.37536225191081
1403,2354,-1.77141734344608
1403,2630,-2.5055455432458
1403,3019,-1.42432031579038
1403,3336,-1.50110197076637
1403,3605,-1.76793382505382
1404,1412,-0.717080722349675
1404,1415,-0.678377351164051
1404,1416,-0.408823047647174
1404,1417,-0.712522833363165
1404,1706,-0.591118301226952
1404,1747,-0.255698857528774
1404,1791,-1.23257807269181
1404,2113,-1.41130150425652
1404,2177,-1.10544744382684
1404,2263,-0.818779758202081
1404,2373,-0.0061175805672947
1404,3206,0.130284185245595
1404,3903,-1.42232992271709
1405,1406,-2.21972395247683
1405,1407,-2.02158741101884
1405,1413,-2.54217952118374
1405,1415,-2.06246653018132
1405,1418,-1.45897980083372
1405,1481,-3.53810466682344
1405,1503,-1.75516418495271
1405,1547,-2.01358444739538
1405,1594,-1.34136876584408
1405,1671,-2.18462485702216
1405,2680,-3.18482413865413
1405,3144,-1.90177173479119
1405,3515,-3.3478307356851
1405,3559,-2.37421306582363
1406,1410,1.06304418491366
1406,1413,-0.32245556870691
1406,1429,0.409926415153436
1406,1448,0.992197616934971
1406,1495,0.630835699671354
1406,1533,0.305189872422706
1406,1789,-0.440380470692736
1406,2120,-0.52913919678787
1406,2357,0.518422404882023
1406,3204,0.052267646313315
1406,3729,-0.111478920804104
1406,3946,-0.998395950367228
1407,1416,0.228675184354396
1407,1545,0.103316971503802
1407,1676,1.41180739300161
1407,1779,-0.800026770093603
1407,1952,0.561163378326728
1407,2060,0.6682887269081
1407,2289,-0.812324802858442
1407,2525,0.218846385841759
1407,2683,-0.570614327516478
1407,2825,-0.515461983364343
1407,2874,-0.102409758682549
1407,3986,0.727603759779907
1408,1414,0.269562360761543
1408,1775,2.07196231666497
1408,1806,0.561322370773346
1408,1984,1.19883513620443
1408,2047,0.044853898879498
1408,2284,0.229195354956494
1408,3075,-0.974337132142153
1408,3381,-0.139585008860829
1408,3419,-0.0484829318141971
1408,3525,-0.420119491519025
1408,3681,0.522907925642687
1408,3838,-0.276600569797195
1409,1410,1.16681335901254
1409,1411,0.632038166435976
1409,1412,0.222323225208768
1409,1413,-0.218686394608031
1409,1414,0.542322860656046
1409,1417,0.226881114195278
1409,1418,0.864513325741989
1409,1419,0.791108022725278
1409,1420,0.301769112165274
1409,1910,-0.489335847058923
1409,2143,1.29866027625911
1409,2250,0.772282725912964
1409,2347,0.850808178313775
1409,2529,-0.215396702510663
1409,2637,0.456718707834243
1409,2677,-0.802920958123529
1409,2719,-0.202654952776389
1409,2829,-0.555212013708906
1409,2953,1.33923446419166
1409,3502,-0.0681656842998193
1410,1413,-1.38549975362057
1410,1414,-0.624490498356492
1410,1417,-0.93993224481726
1410,1423,-0.963895822274921
1410,1593,-1.18300902728644
1410,1678,-1.2445066186254
1410,1783,-0.192587577808842
1410,2211,-2.54101777147558
1410,2402,-0.946422669161561
1410,3278,-0.525206432304657
1410,3954,-0.832363947624069
1411,1414,-0.0897153057799306
1411,1419,0.159069856289301
1411,1420,-0.330269054270703
1411,1421,-1.83790187364484
1411,1424,-0.775734875572262
1411,1486,-0.0960057010418391
1411,1573,-0.727100261355496
1411,1764,-0.501078346920323
1411,1825,-0.154603881191524
1411,2415,-0.798863649024519
1411,2771,0.244392460269615
1411,2831,-0.24097653701337
1411,3088,-0.455337068882586
1411,3234,0.0222532442052279
1411,3480,-0.802425620758225
1411,3789,-0.357366770285137
1411,3864,-1.20013873247461
1411,3966,-0.986657228391364
1412,1413,-0.441009619816799
1412,1414,0.319999635447277
1412,1415,0.0387033711856238
1412,1419,0.568784797516509
1412,1421,-1.42818693241763
1412,1424,-0.366019934345054
1412,1513,-0.298694396812786
1412,1674,0.114901034902586
1412,1760,-1.01819766522014
1412,1876,0.101544886811892
1412,1948,0.0915198867789093
1412,2495,-0.314516362425689
1412,2539,0.319061836762077
1412,3056,-0.467369371210887
1412,3375,0.694015166856481
1412,3547,-0.370134760824472
1412,3599,0.791273604851462
1413,1418,1.08319972035002
1413,1420,0.520455506773305
1413,1424,0.0749896854717454
1413,1523,1.1753122567783
1413,1542,1.0315044935998
1413,2202,0.895928168243521
1413,2996,0.355428106008182
1413,3050,0.141153367500237
1413,3139,0.224736306904757
1413,3435,0.623282783345526
1413,3535,1.26926011331043
1413,3865,1.53428783175911
1413,3992,0.668021063636837
1414,1421,-1.74818656786491
1414,1423,-0.339405323918429
1414,1525,0.258850136708836
1414,1660,-1.1586234120967
1414,1711,0.495392305317028
1414,1841,-0.724659780473719
1414,1858,-0.462536554923677
1414,1887,-1.88491224077994
1414,1940,0.242985674309339
1414,2303,0.447397562587573
1414,2349,-0.244054191604939
1414,2713,0.217597707924246
1414,2776,0.192970385309032
1414,3066,-0.685532691378564
1414,3183,1.0583662585606
1414,3601,0.312234369603516
1414,3607,-1.20705950779222
1415,1416,0.269554303516877
1415,1417,-0.0341454821991141
1415,1422,-0.687304283510548
1415,1424,-0.404723305530678
1415,1427,0.539874927307762
1415,1559,-0.207717642646008
1415,1589,0.82284713302748
1415,1840,0.0315016782928558
1415,2241,0.0283398225850361
1415,2783,-0.310096799854277
1415,2803,-0.336653075913357
1415,2984,-1.43657870319153
1415,3085,-1.39124253973572
1415,3382,0.24061090553027
1416,1418,0.33393242583072
1416,1421,-1.73644460712013
1416,1425,0.128618773606422
1416,1427,0.270320623790885
1416,1428,0.170421408782086
1416,1481,-1.74519244015899
1416,1914,-0.702648223912746
1416,2101,-1.11541518310988
1416,2183,-1.19486001048429
1416,2266,-1.45758790872535
1416,2297,-1.36371109264198
1416,2571,-0.158684369092718
1416,2637,-0.0738621920770261
1416,2876,-1.05746084061323
1416,3521,-1.08993824269115
1416,3534,-0.630751815351228
1416,3651,0.746315797167773
1416,3980,-0.688518960854504
1417,1419,0.564226908529999
1417,1421,-1.43274482140414
1417,1424,-0.370577823331564
1417,1427,0.574020409506876
1417,1435,0.0770090791129738
1417,1509,-0.0698334733525931
1417,2066,0.208548247694411
1417,2369,0.118097022140141
1417,2492,0.1039211154851
1417,2577,0.192128670693033
1417,2587,0.3467242362941
1417,2721,-0.831596035562665
1417,3075,-0.928457746442929
1417,3093,-1.26524931180891
1417,3657,-0.65089693053147
1417,3713,-0.636130517834966
1417,3830,-0.0501685634926262
1418,1419,-0.0734053030167114
1418,1422,-1.29079101285814
1418,1424,-1.00821003487827
1418,1431,-0.776592012413063
1418,1613,-0.448835182095587
1418,1707,0.180505274904641
1418,2047,-0.546898926967989
1418,2064,-0.14110352349583
1418,2205,-1.55434418805597
1418,2377,-0.778055196818701
1418,2899,-0.78809850777374
1418,2915,0.355189840034468
1418,3433,-1.39763796472695
1418,3909,1.18069493419538
1419,1428,-0.090105714031922
1419,1429,-0.277412433472963
1419,1431,-0.703186709396351
1419,1900,-1.81386565164355
1419,2272,-0.586573265177464
1419,2368,-1.14122345292021
1419,2409,0.667327707972083
1419,2701,-1.08023036599792
1419,2869,0.0208646826482907
1419,3224,-0.264910035900278
1419,3435,-0.386511633987782
1419,3569,-0.983654586795636
1419,3921,-0.269251433492927
1420,1422,-0.728046799281429
1420,1429,0.211926477087041
1420,1431,-0.213847798836347
1420,1433,0.443633832003037
1420,1556,0.498579393808583
1420,1603,-0.0885391913226832
1420,1835,0.244740565321873
1420,2170,-0.562955327539023
1420,2462,0.7202657311599
1420,2787,1.27908580758268
1420,2920,-0.902108949983729
1420,3001,1.20928919445683
1420,3078,1.21524538265937
1420,3822,-0.0909028160269876
1421,1423,1.40878124394648
1421,1425,1.86506338072655
1421,1428,1.90686601590222
1421,1429,1.71955929646118
1421,1465,2.6103235133127
1421,2030,1.29357039597091
1421,2130,2.30136341460549
1421,2199,2.34132099059924
1421,2584,0.74220554249538
1421,2625,0.544156586456204
1421,2775,1.35783745413499
1421,3071,1.46810600205787
1421,3107,2.30292189802082
1421,3595,2.7927038805599
1421,3696,0.22868458583384
1421,3767,1.41593524122484
1422,1425,1.08547736063385
1422,1430,0.192592415352035
1422,1431,0.514199000445082
1422,1434,0.816123221409635
1422,1435,0.730167880424407
1422,1611,0.353655096974599
1422,1693,1.66699532137851
1422,2016,1.12122718721353
1422,2246,0.399721619296553
1422,2536,1.15608897687539
1422,3098,0.988642375739584
1422,3128,0.706896193500969
1422,3133,1.31806533149636
1422,3159,1.31779154293227
1422,3751,1.45690208940444
1422,3824,0.843753325189493
1422,3966,0.0716586251607677
1423,1426,0.530098849690171
1423,1428,0.498084771955739
1423,1431,-0.11499622340869
1423,1433,0.542485407430694
1423,1434,0.186927997555863
1423,1436,0.901911825705358
1423,1917,-0.586046017640979
1423,2156,-0.185401676014029
1423,2349,0.0953511323134897
1423,2413,0.573675202023647
1423,2685,0.977554448966129
1423,2745,0.626441975914984
1423,2865,-0.329779331727385
1423,3269,-0.582090506830405
1423,3612,-0.352580178301341
1423,3810,0.686034016988752
1423,3886,-0.869122314948262
1423,3921,0.318939052494734
1424,1425,0.802896382653977
1424,1428,0.844699017829641
1424,1432,-0.338996992313174
1424,1445,-0.0172977341985456
1424,1539,0.12367905578365
1424,1591,-1.28282798487095
1424,1723,0.631898560387559
1424,1975,1.41313480043869
1424,2396,-0.740983943832181
1424,2735,-0.511603146278151
1424,2854,0.865176650388802
1424,3092,-0.267129743504997
1424,3444,-0.487517247983193
1425,1428,0.0418026351756642
1425,1433,0.0862032706506195
1425,1436,0.445629688925283
1425,1517,-2.03867249627006
1425,1836,0.194513260188236
1425,1845,0.63118246904218
1425,1895,-0.564109263951576
1425,1924,-0.0160537406254122
1425,2072,-0.662241928593773
1425,2519,0.643823951570908
1425,2778,1.12742889022897
1425,2780,-0.751487180283552
1425,2845,-1.09240715967772
1425,3107,0.437858517294273
1425,3308,-0.137399506102076
1425,3415,1.27787266852905
1425,3569,-0.851746237588049
1426,1431,-0.645095073098862
1426,1432,-1.21571008787725
1426,1441,0.0308643774057921
1426,1443,0.32336057895232
1426,1497,0.0082805599237765
1426,1657,-2.33013031967963
1426,1864,-0.357906807654818
1426,2310,-0.124155963844247
1426,2324,-0.212080115867195
1426,2388,-0.158843890473772
1426,2996,-0.596274675027637
1426,3225,0.0196972582498893
1426,3338,-1.77861913218851
1426,3929,-1.15659335658097
1427,1430,-1.03458679546627
1427,1431,-0.712980210373227
1427,1432,-1.28359522515161
1427,1436,0.30392783874082
1427,1438,0.110852645222282
1427,1440,-0.446512553501959
1427,1522,0.144744858677658
1427,2081,-0.463749403868568
1427,2108,-0.8919512307497
1427,2591,-0.526145084029814
1427,2772,-1.25479493698278
1427,2935,0.0759567131280435
1427,3286,0.40348064382095
1427,3387,-1.01170605583646
1427,3524,-1.63330278598148
1427,3766,-0.0752220266856821
1427,3788,0.0599020635781181
1428,1432,-1.18369601014281
1428,1435,-0.397112115385104
1428,1438,0.210751860231081
1428,1440,-0.346613338493161
1428,1520,1.03113790390824
1428,1828,-0.229289358996266
1428,2032,0.300818326606377
1428,2049,-0.519883895038612
1428,2186,-0.140198747144536
1428,2344,-1.36567940110076
1428,2582,-0.519762427354471
1428,2823,-0.63228147061065
1428,3314,-0.939307797756986
1428,3730,0.807573910804258
1428,3820,-2.16061319253771
1429,1435,-0.209805395944063
1429,1672,-0.550468293247488
1429,1677,-0.869802350770956
1429,1959,0.50886100822257
1429,2110,-0.623360251630359
1429,3157,0.0178997117957625
1429,3279,-0.451940881315322
1429,3335,0.556599052126154
1429,3540,-0.341388957893225
1429,3546,-1.39864674688474
1429,3874,0.246730267300862
1430,1432,-0.249008429685338
1430,1435,0.537575465072373
1430,1441,0.997566035597701
1430,1443,1.29006223714423
1430,1453,0.47855644097265
1430,1476,0.810066909067619
1430,1507,0.833278330151196
1430,1559,0.286994225512506
1430,1807,-0.989134468596776
1430,2245,-0.622548110841649
1430,2278,0.231949047083527
1430,2797,0.86634488190571
1430,2893,1.34767713715596
1430,2960,0.498773359302685
1430,3177,0.919244208266589
1430,3292,1.45075112758083
1430,3912,0.252974963076449
1431,1435,0.215968879979325
1431,1442,-0.375633589458334
1431,1444,-0.10604795849934
1431,1645,0.631505432470879
1431,1722,0.322668447291962
1431,2270,0.750185483642578
1431,2396,-0.972601966297393
1431,2484,-1.03374677747907
1431,2659,0.900017115558203
1431,2735,-0.743221168743363
1431,2957,-1.36659928649967
1431,3156,0.765640056329189
1431,3309,0.647172201525615
1431,3341,-0.138523298234615
1432,1435,0.786583894757711
1432,1439,1.02073583586267
1432,1441,1.24657446528304
1432,1443,1.53907066682957
1432,1608,1.5583116976227
1432,1691,-0.829511473500717
1432,1698,1.49454655740347
1432,1804,1.33625466486387
1432,2084,0.860804190062235
1432,2101,-0.102140581749156
1432,2102,0.952684882046876
1432,2434,0.963531452130558
1432,2540,0.171089926381739
1432,2593,2.53066600469822
1433,1436,0.359426418274664
1433,1437,-0.339144143438491
1433,1438,0.166351224756125
1433,1440,-0.391013973968116
1433,1441,0.0184778196652694
1433,1442,-1.03311522029772
1433,1444,-0.763529589338725
1433,1573,-0.84046503908783
1433,2039,-0.127045057654985
1433,2078,-1.24706008151572
1433,2204,-1.4622224820892
1433,2307,-0.534227415615576
1433,2369,-0.400424807832892
1433,2764,-0.0366382208269546
1433,3034,0.435175768678853
1433,3047,-0.857335278949231
1433,3234,-0.0911115335271066
1433,3363,-1.70242507477901
1433,3573,0.253523445831624
1433,3664,-0.827898628021544
1433,3675,0.73131229240711
1433,3981,0.0371590188232389
1434,1435,-0.0859553409852281
1434,1436,0.714983828149494
1434,1440,-0.0354565640932851
1434,1441,0.3740352295401
1434,1444,-0.407972179463894
1434,1445,-0.550839977628311
1434,1553,-0.453254348478913
1434,2098,-0.931975770787706
1434,2261,0.231295415553252
1434,2418,-0.61055281103833
1434,2736,-0.253869725978639
1434,2804,-0.447809436140387
1434,2892,0.638796190435833
1434,3173,-1.1331153187523
1434,3303,0.0917149286620957
1434,3336,0.155209392452733
1434,3709,0.351267455828326
1434,3753,-0.169932708446483
1435,1437,0.102368607421568
1435,1439,0.234151941104956
1435,1442,-0.59160246943766
1435,1443,0.752486772071856
1435,1446,0.296809519299374
1435,1447,-0.88560616852662
1435,1742,-1.38903301746845
1435,1885,0.70469090800124
1435,1997,0.53906831514391
1435,2195,-0.379342263311189
1435,2603,-0.0237413623433012
1435,2737,-0.149817742798749
1435,2917,-0.299051660764968
1435,3194,-1.10851306468356
1435,3352,-0.681848315329341
1435,3631,0.451270685202322
1436,1440,-0.750440392242779
1436,1444,-1.12295600761339
1436,1445,-1.26582380577781
1436,1447,-1.68654533766134
1436,1449,-0.466079534921956
1436,1938,-2.25936055186532
1436,2211,-2.47903377490601
1436,2683,-1.37353797440258
1436,3282,-1.45970707692901
1436,3412,0.147650954491115
1436,3932,-1.43052711874907
1437,1438,0.505495368194616
1437,1441,0.35762196310376
1437,1445,-0.567253244064651
1437,1448,0.68970799030403
1437,1449,0.232491026791199
1437,1957,-1.33705353017088
1437,2206,-0.369539390070283
1437,2313,-1.37166771965962
1437,2320,-0.335046252915484
1437,2390,0.191444479639479
1437,2493,0.214900683633605
1437,2554,-0.180615921112541
1437,3088,-0.229557703176429
1437,3598,0.334915706251871
1438,1442,-1.19946644505384
1438,1445,-1.07274861225927
1438,1451,0.0763171053730767
1438,1573,-1.00681626384396
1438,1901,-0.751004191470809
1438,2158,-0.758473254694388
1438,2370,-0.931669833036127
1438,2532,-1.10832394053456
1438,2636,-0.80574579308936
1438,2715,0.0957109523573304
1438,2750,-1.22077227062415
1438,3377,-1.00320806234594
1438,3503,-1.26327995975091
1438,3780,-0.788580004568494
1438,3852,-0.580418264021859
1439,1440,-0.183653164213013
1439,1443,0.5183348309669
1439,1444,-0.556168779583622
1439,1446,0.0626575781944177
1439,1448,0.557924656620642
1439,1450,-1.17613278610431
1439,1584,-0.338716143554615
1439,1729,-0.88003063051753
1439,2455,-1.12760771268069
1439,2955,0.990994167797859
1439,2964,-1.10262824771689
1439,3110,0.752564565745531
1439,3686,-0.136002584476741
1439,3714,-0.968485321940433
1439,3939,0.0450607187000402
1439,3972,0.395168780776371
1439,3994,-0.463026350633248
1440,1444,-0.372515615370609
1440,1447,-0.936104945418563
1440,1449,0.284360857320824
1440,1450,-0.9924796218913
1440,1453,-0.109517800991666
1440,1732,0.450155537991085
1440,1917,-0.737517451103557
1440,2163,1.26179957274049
1440,2173,1.30372608081429
1440,2179,-1.25289582423519
1440,2379,-0.159226711739843
1440,2529,-0.569785672710858
1440,2663,-0.475577353269848
1440,2749,1.17752336378371
1440,2967,-1.5446641183777
1440,3061,0.239164662196419
1440,3189,-0.0438388895198618
1440,3196,-0.758917081881159
1440,3846,0.16010336027118
1441,1447,-1.34559673905195
1441,1451,0.224190510463933
1441,1640,0.0141904996814954
1441,1740,-0.617537217508445
1441,1907,0.485689158776658
1441,2167,-0.714528743340257
1441,2980,-1.20253223475469
1441,3030,0.246153995685291
1441,3545,-0.865155709667441
1441,3550,-0.787871466158134
1441,3552,-0.318709275545516
1441,3732,-2.52007684050626
1441,3832,-0.293464789758918
1441,3865,0.551720673317501
1441,3950,0.563524002434663
1442,1443,1.34408924150952
1442,1445,0.126717832794577
1442,1446,0.888411988737034
1442,1449,0.926462103650427
1442,1450,-0.350378375561697
1442,1453,0.532583445337937
1442,1454,-0.155965560604314
1442,1781,0.530068862047366
1442,1975,1.55715036743181
1442,1981,0.259745185548252
1442,2390,0.885415556498707
1442,3140,0.421466046368859
1442,3775,-0.649185836910942
1442,3794,0.0431076782484782
1443,1446,-0.455677252772483
1443,1447,-1.63809294059848
1443,1448,0.0395898256537413
1443,1452,-1.44611276287718
1443,1453,-0.81150579617158
1443,1455,-2.43167036371044
1443,1843,-1.16763038905879
1443,2254,-1.35386189907805
1443,2259,0.137564944990754
1443,2423,-0.578694040543103
1443,2430,-1.34594217926653
1443,2640,-1.56570407993164
1443,2675,-1.04600099674601
1443,2791,-0.32442457367261
1443,2828,0.0190011756497164
1443,2888,0.0259759111618394
1443,2976,0.144564863326519
1443,3477,-0.836697837353849
1443,3714,-1.48682015290733
1444,1448,1.11409343620426
1444,1622,-0.579105869588374
1444,2004,0.678863408650542
1444,2096,0.0246829895656207
1444,2382,0.973684672960145
1444,2421,-0.187970238553816
1444,2497,0.613922834404493
1444,2880,0.304209913768735
1444,2956,0.723184346217896
1444,3119,1.05053295914731
1444,3189,0.328676725850747
1444,3313,-0.325664485875228
1444,3449,0.641999863712816
1444,3510,0.568104490266424
1444,3539,0.772588224402568
1444,3856,-0.509648266604675
1445,1447,-0.420721531883537
1445,1454,-0.28268339339889
1445,1456,1.59808475601373
1445,1457,0.618187691831683
1445,1458,0.271724186598974
1445,1463,0.743803913702355
1445,1806,0.995077314002679
1445,1822,1.2866881571109
1445,2089,0.761605447869199
1445,2352,-0.658915272838799
1445,3244,0.562627649548509
1445,3373,1.41323322748183
1445,3551,0.349934821592909
1445,3642,0.617011520862484
1446,1447,-1.18241568782599
1446,1448,0.495267078426224
1446,1449,0.0380501149133931
1446,1450,-1.23879036429873
1446,1451,0.387371561689887
1446,1459,-0.349934224123476
1446,1783,0.37352606859607
1446,2094,-0.609992467000135
1446,2377,-0.514241583684337
1446,2876,-1.12757965330958
1446,3206,0.468988420196413
1446,3304,-0.391866063388824
1446,3309,0.134393802246916
1446,3658,-0.968540342867571
1446,3843,-0.980057989495551
1447,1448,1.67768276625222
1447,1451,1.56978724951588
1447,1452,0.191980177721298
1447,1453,0.826587144426897
1447,1456,2.01880628789727
1447,1458,0.692445718482511
1447,1459,0.832481463702518
1447,1851,1.84054334965843
1447,2051,0.0765432212712897
1447,2062,0.77926479296024
1447,2194,0.90137470926786
1447,2452,0.0013628947784618
1447,2638,0.825397574031777
1447,2965,0.614483308531962
1447,3696,-0.395463146156652
1447,3738,1.11241733332287
1448,1449,-0.457216963512831
1448,1451,-0.107895516736337
1448,1452,-1.48570258853092
1448,1457,-0.638773542536998
1448,1458,-0.985237047769706
1448,1459,-0.8452013025497
1448,1461,-0.487899402137951
1448,1665,-0.229608784823847
1448,2372,-1.34530944942318
1448,2530,-0.673931329509331
1448,2632,-0.0416262851411147
1448,2741,-1.00872019960366
1448,3320,0.300382130028643
1448,3442,-1.05541047127158
1448,3484,-1.78258354351721
1448,3565,-1.35262018943923
1448,3813,-1.26940939466584
1448,3964,-1.1937356453615
1449,1456,0.798340485157881
1449,1457,-0.181556579024167
1449,1482,-0.402515737292233
1449,1609,-0.248985975837845
1449,2327,-1.21251712921182
1449,2453,-0.0033794238489243
1449,2904,-0.100804822720661
1449,3000,0.635214137229426
1449,3318,-0.281869105221199
1449,3415,1.29832251452572
1449,3544,0.399832988183236
1449,3651,0.638146869558024
1449,3660,-0.632742397790656
1449,3679,-1.09865369682283
1449,3902,-0.607226557029332
1450,1453,0.882961820899634
1450,1454,0.194412814957383
1450,1459,0.888856140175254
1450,1463,1.22090012205863
1450,1618,0.17688802111435
1450,1946,0.373639156730165
1450,2069,0.490491560675653
1450,2179,-0.260416202343895
1450,2279,0.0105845806903086
1450,2526,1.41120218209897
1450,2706,0.502070088827935
1450,2807,1.35152090854913
1450,2965,0.670857985004699
1450,3053,0.206356910537366
1450,3618,2.52408789579365
1450,3762,1.52198976480316
1451,1454,-1.43174911103123
1451,1459,-0.737305785813363
1451,1461,-0.380003885401615
1451,1464,-1.50571203279783
1451,1693,0.252646359964845
1451,1770,-0.917937991035129
1451,1960,-0.0642621168339785
1451,1971,-0.532755416302079
1451,2453,-0.352700870625419
1451,2989,0.0039704420095713
1451,3072,-0.846019188698393
1451,3230,-0.97670968471793
1451,3508,-1.0697276431603
1451,3790,0.364896827375951
1451,3916,0.0481523963983074
1452,1456,1.82682611017597
1452,1459,0.64050128598122
1452,1463,0.972545267864594
1452,1619,0.951360017509405
1452,1703,0.130811211555759
1452,1801,-0.0720526428712577
1452,2349,0.688004466548177
1452,2479,-0.0099861297708191
1452,2623,1.60283207290592
1452,2778,2.17636436124373
1452,3264,0.0445092922604095
1452,3479,1.17362541528115
1452,3578,0.37028102102918
1452,3660,0.395743227227433
1452,3784,-0.551081385972687
1453,1454,-0.68854900594225
1453,1459,0.0058943192756208
1453,1460,-0.722488413668992
1453,1461,0.36319621968737
1453,1462,1.22043641128615
1453,1465,1.15958863689531
1453,1970,-0.681339737302811
1453,2336,0.57403044448109
1453,2597,0.602515282400596
1453,2640,-0.754198283760061
1453,3116,0.609540783789695
1453,3306,1.13865363433098
1453,3339,0.578455705473876
1453,3603,0.292400211123724
1454,1458,0.554407579997865
1454,1459,0.694443325217871
1454,1460,-0.0339394077267411
1454,1461,1.05174522562962
1454,1465,1.84813764283756
1454,1466,0.0757840867609111
1454,1467,-0.320909050540139
1454,1622,-0.153554678025066
1454,1854,1.42579457858374
1454,1867,0.976947191112919
1454,1876,0.767545948754382
1454,2077,0.202121541122327
1454,2193,0.92469566175419
1454,2580,1.02695463700067
1454,3141,1.52769577388616
1454,3397,1.33694950019746
1454,3487,0.631108016196705
1454,3775,-0.493220276306629
1454,3929,0.0201008665805348
1455,1460,0.897676153869865
1455,1464,0.857652639830011
1455,1716,2.26513827919232
1455,1782,3.03682118384898
1455,1862,1.6804329876335
1455,1910,0.885957551271404
1455,1996,1.39839027529505
1455,2074,1.52398966528397
1455,2177,1.20924990206193
1455,2363,3.46569882984347
1455,2525,1.89604549972896
1455,2720,1.84025494712374
1455,2757,2.77957135183944
1455,2778,3.16192196207699
1455,3879,1.21589485737824
1455,3946,0.480666622061978
1456,1460,-1.91470755713936
1456,1461,-0.829022923783001
1456,1463,-0.854280842311376
1456,1466,-1.80498406265171
1456,1469,-1.4249686133718
1456,1518,-0.912193757165307
1456,1687,-1.51350750030362
1456,1781,-1.19473372676094
1456,1804,-0.58352934926449
1456,1880,-1.99219161858026
1456,1920,-0.480904570515784
1456,1990,-1.29950933181141
1456,2079,-2.20237686395953
1456,2279,-2.0645963836797
1456,2352,-2.25700002885253
1456,2621,-1.3242270781015
1456,2633,-1.0422969688647
1456,2844,-0.501650075500528
1456,2877,-2.71976932476519
1456,2950,-1.57515034911956
1456,3215,-0.865162419941379
1456,3282,-1.79196802716494
1456,3808,0.276209455267092
1456,3920,-0.741337483151679
1457,1460,-0.934810492957315
1457,1461,0.150874140399047
1457,1462,1.00811433199782
1457,1465,0.947266557606989
1457,1498,0.958550127069152
1457,1612,0.180360863072561
1457,2134,0.359471664322151
1457,2255,1.03651012096867
1457,2620,-0.778023174532546
1457,3027,0.277780661032907
1457,3192,-0.0571886465092273
1457,3338,-1.50279599425758
1457,3749,-2.03451484665178
1457,3803,0.791683944911727
1457,3880,-0.721360192683725
1458,1459,0.140035745220006
1458,1461,0.497337645631755
1458,1462,1.35457783723053
1458,1470,0.130417119712006
1458,1471,0.686552339704527
1458,1481,-1.32534128351187
1458,1700,-0.174664798382344
1458,1975,1.15870834803826
1458,2096,-0.104173398868936
1458,2400,0.0350488979161798
1458,2675,-0.100353774630043
1458,2777,-0.0032974879004444
1458,2809,0.499932051030883
1458,3229,-0.427946543643044
1458,3329,0.614914265265434
1459,1461,0.357301900411749
1459,1462,1.21454209201052
1459,1467,-1.01535237575801
1459,1470,-0.0096186255080001
1459,1471,0.54651659448452
1459,1516,0.34719573242125
1459,1957,-1.18156021792521
1459,2330,-0.40830651269762
1459,2897,-0.185704313167579
1459,3291,0.661455200792254
1459,3320,1.14558343257834
1459,3673,0.692308550029627
1459,3767,-0.0406939544681696
1459,3923,-0.122184322389988
1460,1465,1.8820770505643
1460,1466,0.109723494487652
1460,1468,0.428148541080988
1460,1469,0.489738943767559
1460,1470,0.718764107436612
1460,1472,-0.130211318657571
1460,1473,-0.070772260201527
1460,1498,1.89336062002647
1460,1551,0.792754299661756
1460,1849,1.45523599539418
1460,2059,0.655019749324896
1460,2366,1.16711796204269
1460,2508,0.474372484666958
1460,2926,1.34223377981785
1460,2949,0.600958218808826
1460,3238,1.54703951064232
1460,3330,1.37741261834715
1461,1464,-1.12570814739621
1461,1465,0.796392417207943
1461,1468,-0.657536092275373
1461,1602,0.601796265575517
1461,1643,-0.757701975704353
1461,1800,1.32329528484008
1461,2047,-0.290452990121898
1461,2436,-1.30699083210313
1461,2542,-0.155420062342018
1461,2799,0.578936343102549
1461,2956,0.0969903121515837
1461,3039,-0.716016907213233
1461,3293,0.278557385421261
1461,3315,0.269341307831591
1461,3723,-0.460478192207592
1462,1463,-0.88249811012715
1462,1465,-0.060847774390833
1462,1470,-1.22416071751852
1462,1472,-2.07313614361271
1462,1475,-1.40031317157819
1462,1643,-1.61494216730313
1462,1828,-0.993594630797585
1462,1867,-0.932038226115477
1462,2207,-2.54872471473106
1462,2427,-1.20320296567924
1462,2431,-0.869544543915869
1462,2452,-2.04566066093458
1462,2612,-1.54737735127236
1462,2749,0.0666047534892265
1462,2845,-1.8985150666547
1462,3210,1.13263336640637
1462,3328,-0.863505582422759
1462,3336,-0.920252653748461
1462,3461,-1.90442395296811
1462,3524,-2.297708842774
1462,3545,-1.56658252632854
1462,3666,-1.33729265741793
1463,1465,0.821650335736317
1463,1473,-1.13119897502951
1463,1475,-0.517815061451035
1463,1571,-0.44415596093694
1463,1628,-0.362907135413402
1463,2181,-1.11074182462177
1463,2360,0.384540624715504
1463,2378,0.0456394185080434
1463,2725,-0.865019503544965
1463,2967,-1.77308461854502
1463,3040,-1.02697907648482
1463,3066,-0.726019301090042
1463,3344,0.0767613271872995
1463,3450,-1.12459167491599
1463,3497,-0.73771876208042
1463,3639,-1.06653812287493
1463,3881,-0.970826153697031
1464,1466,0.149747008527505
1464,1467,-0.246946128773545
1464,1471,1.31492284146899
1464,1472,-0.0901878046177178
1464,1644,-0.943846934566189
1464,2081,0.854792878333901
1464,2216,0.36537021197162
1464,2287,0.60283868192881
1464,2354,0.792380312566819
1464,2393,0.932939451432103
1464,2543,1.01488879585493
1464,2887,1.36221241741632
1464,2897,0.582701933816887
1464,3053,0.0859070173465774
1464,3168,-0.128179998566009
1464,3185,0.734488807894909
1464,3547,0.369829222884612
1464,3665,0.68953177752741
1464,3690,0.407110390907816
1464,3764,-0.369558750510561
1464,3954,0.852090169888785
1465,1466,-1.77235355607665
1465,1467,-2.1690466933777
1465,1468,-1.45392850948332
1465,1472,-2.01228836922187
1465,1473,-1.95284931076583
1465,1474,0.930502355949303
1465,1475,-1.33946539718735
1465,1476,-0.828078168800343
1465,1645,-0.685033060304036
1465,1874,-1.5839329161095
1465,1932,-2.32741695474387
1465,2070,-0.943974950708283
1465,2305,-0.843026359242112
1465,2342,-0.665663409258368
1465,2511,-1.45433300600608
1465,2556,-1.97187691667881
1465,3007,-1.32826164386476
1465,3275,-1.05034016466352
1465,3499,-0.161195906748646
1465,3640,-1.96596581417164
1465,3757,-1.30706809351775
1465,3789,-1.129788409953
1465,3895,-1.9790656840216
1466,1469,0.380015449279906
1466,1473,-0.180495754689179
1466,1476,0.944275387276308
1466,1580,0.731957830927338
1466,1674,0.705118010084165
1466,1779,-0.13022730456392
1466,1992,-0.837532616818145
1466,2127,0.487320635475343
1466,2205,-0.32193711234117
1466,2653,0.400086461994543
1466,2765,0.605149227947861
1466,2770,0.395311232774987
1466,2821,0.721720739967841
1466,2951,-0.290527109029828
1466,3082,1.08703632787272
1466,3111,1.40045886113068
1466,3323,1.53371862207851
1466,3723,0.515482946661117
1467,1476,1.34096852457736
1467,1477,2.08536639034822
1467,1478,2.01095466910691
1467,1479,1.21643151357128
1467,1676,2.47829999583234
1467,1817,-0.534919854293635
1467,1821,0.281115686263299
1467,1957,-0.166207842167202
1467,2172,-0.147165263159067
1467,2244,0.868224427076628
1467,3088,0.941287984827252
1467,3554,0.877855177791506
1467,3582,1.97726819510291
1467,3605,1.04280995973263
1467,3918,0.704195874794226
1468,1469,0.0615904026865708
1468,1473,-0.498920801282515
1468,1481,-1.16514283686825
1468,1535,0.882126884977673
1468,1586,0.342061465668226
1468,2167,0.0988207238727983
1468,2326,0.647490718811456
1468,3132,0.923179362806359
1468,3256,1.07377782580582
1468,3550,0.025478001054921
1468,3611,-1.76606840741362
1468,3706,0.295266801396422
1468,3895,-0.525137174538289
1469,1471,0.785160383661574
1469,1480,1.63157475695177
1469,1882,-0.661867266359954
1469,2168,0.334531391616327
1469,2242,-0.228767523720317
1469,2305,0.549311747554633
1469,3009,-1.9338534189408
1469,3042,-0.74480891161207
1469,3107,1.08493649150487
1469,3171,0.391120883376243
1469,3177,0.673437237195372
1469,3206,1.05756643349694
1469,3260,-0.531713253783919
1469,3296,1.01050078133086
1469,3488,-0.492901823509962
1469,3778,-0.40670966563624
1470,1472,-0.848975426094183
1470,1476,0.335234774327348
1470,1477,1.07963264009821
1470,1479,0.210697763321274
1470,1481,-1.45575840322387
1470,1550,0.17556944668793
1470,1830,1.26919258992822
1470,1901,-0.0803968855225224
1470,2373,0.692139504014999
1470,2572,-0.527313006225589
1470,2934,-0.0773548149624168
1470,3054,-0.961931633740061
1470,3536,-0.605005349122602
1470,3619,0.962428156851857
1470,3766,0.484532634040322
1470,3826,-0.129211001291323
1471,1475,-0.732287674052182
1471,1482,-0.561047992739884
1471,1489,-0.849915442347502
1471,2140,1.14912683473396
1471,2228,-2.17812256842278
1471,2429,0.0268853771000372
1471,2646,-1.11124927490222
1471,2687,-0.471611585784502
1471,2727,-0.598149595636275
1471,2735,-1.45258193838311
1471,2881,0.687637715634907
1471,2915,0.422421082807787
1471,2932,0.34525086089719
1471,3191,0.20242269368687
1471,3358,0.368050398622922
1471,3768,-0.7472056465907
1471,3960,-0.538940525424768
1472,1476,1.18421020042153
1472,1484,1.19462258266527
1472,1511,0.767689726524777
1472,1694,0.626290869438616
1472,1700,0.543893507999833
1472,1860,0.544234035877374
1472,1995,1.46915419601865
1472,2224,0.82358331017851
1472,2648,0.562461934956258
1472,2886,1.46724155927821
1472,2944,0.0912165034187279
1472,3078,2.12484305794268
1472,3711,1.36212748532617
1472,3773,1.12818885828267
1473,1478,1.79475728649504
1473,1479,1.00023413095941
1473,1481,-0.666222035585733
1473,1485,0.220701104962227
1473,1486,1.08442197005613
1473,1593,0.532193836388086
1473,1881,1.15553362189934
1473,2234,1.278000905506
1473,2378,1.17683839353756
1473,2384,0.1961779659032
1473,2385,0.338299404492503
1473,2489,0.72353294499119
1473,2623,1.76148578007084
1473,2786,1.28956135711433
1473,3000,1.82235346941243
1473,3327,1.94471544994456
1473,3563,-0.455344685792098
1473,3688,0.97976033398314
1473,3872,0.532306217188741
1474,1476,-1.75858052474965
1474,1478,-1.08859438022009
1474,1481,-3.54957370230087
1474,1482,-2.09872807182436
1474,1486,-1.79892969665901
1474,1653,-2.77523997794309
1474,2113,-2.80685971875122
1474,2411,-0.415950092194494
1474,2419,-2.48071145791888
1474,2496,-1.77631888502829
1474,2717,-0.77601234582329
1474,3420,-1.78623996135102
1474,3698,-0.651294154236291
1474,3707,-3.62783232444855
1474,3852,-2.00362625715057
1474,3860,-2.79196345120886
1474,3880,-2.59912910624002
1474,3920,-1.63920933252592
1475,1480,1.57870204734238
1475,1482,0.171239681312297
1475,1484,0.521799610630744
1475,1562,0.0406037961309072
1475,1566,-0.866341953446069
1475,1576,0.341896489198826
1475,1707,0.980024191730141
1475,1884,0.477565334837972
1475,2152,-1.01061292594877
1475,2833,0.332037311226506
1475,2931,0.376833959157383
1475,3092,-0.475820861557771
1475,3286,1.13938775860662
1475,3383,0.122562662356915
1475,3414,-0.0991848718951595
1475,3451,-1.15347608368204
1475,3668,-0.536296324212015
1476,1481,-1.79099317755122
1476,1483,0.364105413746885
1476,1484,0.0104123822437343
1476,1747,0.107323452726172
1476,1953,0.462156189488721
1476,1987,-0.696629878019845
1476,2568,-0.79125534912286
1476,2799,0.61062209469495
1476,2849,1.25131503969657
1476,3043,-0.693577434073362
1476,3253,0.0454094650810038
1476,3507,1.21082633037214
1476,3547,-0.724193172919201
1476,3557,-0.73764418631431
1476,3709,0.164731352818309
1476,3852,-0.24504573240092
1477,1479,-0.868934876776939
1477,1481,-2.53539104332209
1477,1482,-1.08454541284558
1477,1484,-0.733985483527131
1477,1492,-0.376853597222427
1477,1588,-1.2192578898793
1477,2080,-0.186461308611045
1477,2517,-1.06512187105662
1477,3022,-1.9319012934371
1477,3142,-0.418414949118129
1477,3149,-1.16255976246703
1477,3153,-1.80970538116436
1477,3265,0.0916516419347844
1477,3404,-0.929950908957498
1477,3972,-0.387568587884784
1478,1479,-0.794523155535628
1478,1481,-2.46097932208077
1478,1487,-0.861072241642306
1478,1489,-1.29900114121188
1478,1491,-1.22022294431348
1478,2287,-1.16116985840456
1478,2382,-0.290809754043321
1478,2432,-1.06326586095907
1478,2586,-1.01274347548333
1478,2765,-1.009112303858
1478,2818,-1.9047534133849
1478,2900,-2.38274510874752
1478,2918,-1.03815406288424
1478,3418,-0.593813233457907
1478,3733,-1.3263362903693
1478,3925,0.438419107586018
1479,1480,1.19185182996144
1479,1484,0.134949393249808
1479,1488,-0.576320120305196
1479,1489,-0.504477985676256
1479,1491,-0.425699788777849
1479,1512,-1.24671825151393
1479,1669,1.05716153829615
1479,1887,-1.79443400642132
1479,2214,0.278978354204984
1479,2270,0.38626217067408
1479,2449,-0.398792314930036
1479,2456,-0.0303245338913081
1479,2625,-1.11355174705008
1479,3095,1.2296814692837
1480,1481,-2.85830799650659
1480,1484,-1.05690243671163
1480,1485,-1.97138485595863
1480,1488,-1.76817195026664
1480,1492,-0.69977055040693
1480,2054,-2.68422933737517
1480,2293,-1.99217545525286
1480,3234,-0.989405045617662
1480,3289,-1.24736701485867
1480,3428,-1.37454135472956
1480,3629,-1.71085715791863
1481,1484,1.80140555979495
1481,1485,0.886923140547959
1481,1492,2.15853744609966
1481,1546,1.41145185753706
1481,2059,1.39201404511216
1481,2252,1.41911548950981
1481,2353,1.37954753653226
1481,2428,3.13727821096632
1481,2562,1.88560511421786
1481,2901,1.18430896504537
1481,2981,1.92353995904634
1481,3020,2.59760981950569
1481,3075,0.513034908000071
1481,3105,3.67887849697115
1481,3595,2.80145171359877
1481,3667,0.39972736215118
1481,3833,0.908239790047384
1481,3986,2.2441210155845
1482,1484,0.350559929318446
1482,1485,-0.563922489928549
1482,1486,0.299798375165351
1482,1487,0.14906144996196
1482,1491,-0.210089252709211
1482,1557,-0.0137746081305886
1482,1975,1.03320400107362
1482,2167,-0.186882069735462
1482,2289,-0.746653177530355
1482,2565,1.05331740247396
1482,2724,-1.71855388572979
1482,3905,0.384307457249718
1482,3931,0.786304691428583
1483,1484,-0.353693031503151
1483,1489,-0.993120410429215
1483,1495,-0.20588217728015
1483,1985,-0.420661132436434
1483,2472,-0.180045790112806
1483,2941,-0.656413266261514
1483,3102,-0.318873147655677
1483,3168,-1.58630780811671
1483,3220,-1.18866174498419
1483,3358,0.224845430541209
1483,3398,-0.762637427805594
1483,3526,-0.769096311138888
1484,1485,-0.914482419246995
1484,1486,-0.0507615541530949
1484,1489,-0.639427378926064
1484,1491,-0.560649182027657
1484,1497,0.154502926804333
1484,1570,-1.61801229022248
1484,1764,-0.455834200031579
1484,2134,0.229870893271771
1484,2340,-0.60704884075648
1484,2570,-0.47867017571456
1484,2810,-1.46371060381615
1484,3584,-0.0623465719076169
1484,3693,0.174205161958616
1484,3725,-1.1070897257092
1484,3981,0.195767943444318
1485,1488,0.203212905691991
1485,1491,0.353833237219338
1485,1492,1.2716143055517
1485,1494,1.44155707487133
1485,1495,1.06229327347
1485,1496,0.947662645001435
1485,1498,1.74343177526577
1485,1515,0.0564080593530166
1485,1606,0.39420401530059
1485,2145,0.658453733377284
1485,3020,1.71068667895773
1485,3196,-0.0768397119812006
1485,3290,1.1053583318552
1485,3310,1.49190546033477
1485,3458,0.621164615008741
1485,3553,0.785934772950086
1485,3554,0.440956690217408
1485,3887,2.63121195715895
1486,1487,-0.150736925203391
1486,1488,-0.660507959401909
1486,1495,0.198572408376096
1486,1637,-0.475543945924142
1486,1782,1.12549532012452
1486,2123,-0.783751842195481
1486,2439,0.890258710528775
1486,2596,-0.927928516897651
1486,3040,-0.980202071511435
1486,3503,-0.887558256220615
1486,3796,0.165702279052193
1486,3902,-0.50450919490245
1487,1492,0.55863036566119
1487,1496,0.234678705110926
1487,2297,-1.21842573292145
1487,2412,-0.38202679889443
1487,2420,-1.44690937105632
1487,2741,-0.298048948760557
1487,2938,-0.734550807956114
1487,3198,0.145877635003125
1487,3249,0.586537032739311
1487,3386,0.138820400411836
1487,3500,-0.955953027295396
1487,3518,0.134390191345821
1487,3528,-0.0821622307725679
1487,3538,-1.79267269983756
1487,3606,-0.472146779757497
1487,3642,0.0707215373369069
1487,3779,0.227884497879581
1487,3921,0.136561049041605
1488,1491,0.150620331527347
1488,1493,-1.03699461467681
1488,1495,0.859080367778005
1488,1497,0.865772440359337
1488,1498,1.54021886957378
1488,1499,0.341818309593689
1488,1501,0.584446879922246
1488,1732,0.929020002199052
1488,2600,-1.41621405159513
1488,3002,1.64262054633647
1488,3156,0.978036863665888
1488,3490,0.274396101646305
1488,3574,1.3219395175006
1488,3849,0.619908675893459
1489,1490,0.0656069890800244
1489,1493,-1.10883674930575
1489,1494,1.1665020345504
1489,1501,0.512604745293306
1489,1520,1.78477357198043
1489,1523,1.0092592215491
1489,1945,0.529921944734896
1489,2552,0.0641945717002518
1489,2715,1.0600984806606
1489,2758,0.213760380102319
1489,3040,-0.391536246738466
1489,3051,0.756402970805462
1489,3055,-0.0612814670121815
1489,3109,-1.30555110812895
1489,3168,-0.593187397687493
1489,3427,1.03886251998502
1489,3475,-0.65077593448791
1489,3586,-0.0644123102883364
1489,3612,-0.0970292821848925
1489,3772,0.214262404540166
1489,3850,0.716307451675546
1489,3982,0.203951641664528
1490,1491,0.0131712078183821
1490,1499,0.204369185884725
1490,1500,0.013420462959081
1490,1577,0.368391441923948
1490,1678,-0.0906668893140592
1490,1955,1.39080598206069
1490,2405,0.0464415563143026
1490,2444,-0.488703783959052
1490,2764,0.695791093640163
1490,2937,-1.14386930390878
1490,3179,0.311678360840118
1490,3328,0.588828368370722
1490,3653,-0.800064330614242
1490,3720,-0.435960421333862
1491,1492,0.917781068332361
1491,1496,0.593829407782097
1491,1497,0.71515210883199
1491,1502,0.706224318167431
1491,1504,1.06757077893434
1491,1507,0.5734482208675
1491,1653,-0.466422653409517
1491,1686,-0.176666887609516
1491,2366,0.66335588006265
1491,2525,0.494607263879057
1491,2550,-0.0562801053258055
1491,3132,0.84756582190731
1491,3523,-0.188666647003067
1491,3697,2.32676898441074
1491,3722,-0.266585555297407
1491,3875,0.817039705833218
1492,1495,-0.209321032081703
1492,1496,-0.323951660550264
1492,1497,-0.202628959500372
1492,2197,-0.551045582599532
1492,2214,-0.213102925349528
1492,2221,-0.160550173745693
1492,2260,-0.762082337809192
1492,2290,-0.185466760147431
1492,2948,1.20910378216405
1492,3109,-2.30211037335972
1492,3221,-0.448356382380736
1492,3328,-0.342123907780021
1492,3688,-0.512555076530786
1492,3744,-0.726238964748337
1492,3820,-2.40353678969629
1492,3842,-0.972551885302868
1492,3919,-0.435104833904675
1493,1498,2.57721348425058
1493,1499,1.3788129242705
1493,1503,1.72979905030758
1493,1504,2.25518572513849
1493,1505,0.168109266595235
1493,1562,1.26706831373198
1493,1627,0.968886249596342
1493,1734,1.66433902448322
1493,1839,2.21345766965132
1493,2676,1.63543629302672
1493,2740,1.63271909205967
1493,3009,-0.760261610949119
1493,3225,1.91418375336226
1493,3272,1.89008641708533
1493,3275,1.5155897501249
1493,3362,1.97915889958983
1494,1495,-0.379263801401332
1494,1496,-0.493894429869893
1494,1497,-0.37257172882
1494,1504,-0.0201530587176514
1494,1505,-2.10722951726091
1494,1506,0.0235973570921014
1494,1940,-0.328560140206181
1494,2344,-1.77854576757897
1494,2422,-0.979130292372497
1494,2637,-0.657149967337322
1494,2737,-0.959796224662062
1494,3185,-0.897020625776972
1494,3472,-0.982998362605741
1494,3756,-0.944349866413503
1494,3985,-0.831478280013409
1495,1497,0.0066920725813317
1495,1498,0.681138501795771
1495,1504,0.359110742683681
1495,1507,-0.135011815383158
1495,1672,-0.771377577765406
1495,1754,-2.0627579215172
1495,2110,-0.844269536148277
1495,2126,-1.03958402537409
1495,2160,-0.359436212305138
1495,2231,-0.19224980455224
1495,2710,-0.102823281667939
1495,3019,-0.112768292048024
1495,3121,-1.17569522909849
1495,3325,0.125391857241649
1495,3603,-0.19733349343798
1495,3658,-1.10244550403018
1495,3790,0.618363227903231
1496,1498,0.795769130264332
1496,1505,-1.61333508739102
1496,1508,-0.871375386931083
1496,1759,-1.13259969983298
1496,2084,-0.241863756688896
1496,2355,0.489207891951054
1496,2362,-0.673758943982863
1496,2942,0.191031747323117
1496,2953,0.719260218889985
1496,3097,0.371972095941565
1496,3162,-1.19532408624863
1496,3274,-0.188978190303287
1496,3482,0.0308845097722199
1497,1502,-0.0089277906645587
1497,1503,-0.172968004728566
1497,1509,-0.58424930550888
1497,2000,0.18475237653878
1497,2148,0.0203290809545141
1497,2165,0.493256268778004
1497,2382,0.214261081438166
1497,2426,-0.258788986361333
1497,2532,-0.937866717961689
1497,2563,0.414337939578943
1497,2593,1.3066753568972
1497,2596,-1.13319299785508
1497,3029,0.169309994403251
1497,3054,-1.46208171711548
1497,3101,-1.31803700499298
1497,3644,-0.599256571684373
1497,3844,-0.44614312324111
1497,3850,-0.07762285405485
1497,3979,-0.400934892532975
1498,1502,-0.683374219878998
1498,1503,-0.847414433943005
1498,1507,-0.816150317178929
1498,1510,-1.15489571281972
1498,1596,-2.06536855259764
1498,1624,-0.680487319557888
1498,1931,-2.20755922978488
1498,2049,-1.23462496191126
1498,2110,-1.52540803794405
1498,2150,0.0520467951374522
1498,2699,-1.57216157224698
1498,2713,-0.655822806985712
1498,2962,-0.615781790031054
1498,2994,-0.640723776487789
1498,3104,-1.18480164349676
1498,3438,-1.06516242539963
1499,1501,0.242628570328557
1499,1510,0.0435048471603642
1499,2289,-0.727761902887486
1499,2349,0.0809258534651892
1499,2420,-1.27895664645149
1499,2542,0.235304510967964
1499,2868,-0.006712127285735
1499,2900,-1.35372014250039
1499,3064,0.797893962372432
1499,3129,0.421534944889178
1499,3146,1.54276205032094
1499,3457,0.0562450248344951
1499,3709,0.523770174535889
1499,3847,0.528516902530567
1499,3900,-0.564422234145204
1500,1501,0.433577293254201
1500,1504,1.06732152379364
1500,1509,0.130653548182411
1500,1512,-0.821267717876777
1500,1513,-0.102765264264291
1500,1550,0.390322217003806
1500,1722,0.384195667960614
1500,2256,0.0304845349981098
1500,2470,0.515695552381569
1500,2478,-0.234893814230607
1500,2686,-0.601903146208327
1500,2766,0.649138849742775
1500,2852,-0.0348078467075649
1500,2920,-0.626733930478729
1500,3802,-1.15770609810291
1500,3914,0.883819871787774
1500,3932,-0.352091848966373
1501,1505,-1.45333222800382
1501,1506,0.677494646349192
1501,1513,-0.536342557518492
1501,1514,-1.37011692731065
1501,1585,0.775166748500612
1501,1682,0.580566379810339
1501,1806,0.374111484753374
1501,1839,0.592016175052265
1501,2265,0.220950904893724
1501,2297,-1.29310157864518
1501,2552,-0.448410173593054
1501,2695,-0.912790760170223
1501,2837,-1.32462892902585
1501,3112,-0.363136702018101
1501,3492,-0.489419593264943
1501,3662,-0.200799109954258
1501,3809,-0.14331301514363
1501,3901,0.593492259399573
1502,1503,-0.164040214064007
1502,1507,-0.132776097299931
1502,1509,-0.575321514844321
1502,1512,-1.52724278090351
1502,1514,-1.64251469708318
1502,1551,-0.417232100485712
1502,1695,-0.127209723276569
1502,1898,-0.255701834307949
1502,2112,0.734858780389519
1502,2206,-0.695649745027469
1502,2502,-0.617715919659969
1502,2600,-2.27305870128991
1502,3083,-0.0125749322012014
1502,3938,-0.395664154735188
1502,3954,-0.397919744298537
1502,3964,-0.830138010014658
1503,1506,0.569137090640667
1503,1507,0.0312641167640763
1503,1509,-0.411281300780314
1503,1514,-1.47847448301917
1503,1538,-1.60667782159006
1503,1583,-0.881987392815819
1503,1842,-0.732097856084126
1503,2175,-0.1865523921868
1503,2322,-1.73816655523065
1503,2395,-0.607384585223879
1503,2534,-1.06235198639157
1503,2818,-1.22671457317484
1503,3198,-0.0371557664291275
1504,1506,0.0437504158097528
1504,1507,-0.494122558066838
1504,1509,-0.936667975611228
1504,1512,-1.88858924167042
1504,1514,-2.00386115785009
1504,1660,-1.71001616789457
1504,1742,-2.17885844061411
1504,2338,-0.188730404668797
1504,2452,-1.67406869689382
1504,2502,-0.979062380426877
1504,2893,0.0202762489379244
1504,3046,-2.53725843209223
1504,3322,-0.886232900708616
1504,3552,-0.648544128165849
1504,3706,-0.847917518436966
1504,3936,-0.213922213927903
1504,3953,-0.47089108228463
1505,1507,1.59295390047642
1505,1508,0.741959700459934
1505,1511,1.15322200549609
1505,1513,0.916989670485328
1505,1515,0.722080501742599
1505,1517,-0.386111980663023
1505,1614,1.98210026131192
1505,1792,1.6463460963697
1505,1860,0.929766314848686
1505,1938,-0.161170347333003
1505,2075,1.2022491277642
1505,2242,0.776715017676125
1505,2432,1.17646276296333
1505,2501,1.56884550129826
1505,2654,1.18895929663433
1505,2966,2.51608325672497
1505,3177,1.67891977859181
1505,3441,1.49404043027015
1505,3613,1.39320613659616
1505,3791,0.835020495615375
1505,3883,0.843019803965054
1506,1513,-1.21383720386768
1506,1541,-1.00148103944531
1506,1597,-0.0507604006803981
1506,1668,0.106860434203061
1506,1796,-0.493996202988447
1506,2198,-0.832883132429412
1506,2278,-1.13920225694426
1506,2362,-1.19125073094486
1506,2851,-1.77164124285142
1506,2859,-0.702471301530885
1506,3699,-0.345379874259108
1507,1510,-0.338745395640793
1507,1511,-0.439731894980331
1507,1512,-1.39446668360358
1507,1514,-1.50973859978325
1507,1515,-0.870873398733822
1507,1518,-0.0746965028734828
1507,1520,1.13254715421452
1507,1592,0.17233705211517
1507,1703,-0.858517644328386
1507,1997,0.243365450065086
1507,2096,-0.593036713991868
1507,2406,-0.580043465642947
1507,2691,-0.406104809802012
1507,2752,-1.09198672319179
1507,2787,0.981261861360876
1507,2836,-0.122838120216583
1507,2931,-0.157764690313204
1507,3056,-0.844639204389193
1507,3526,-0.42820231847558
1507,3540,-0.427286427027985
1507,3636,-0.889001192812594
1507,3709,0.141519931734732
1507,3732,-2.35578913505976
1507,3771,-0.233068384266461
1507,3922,-0.563050849697991
1508,1514,-0.658744399766764
1508,1516,0.849362362534811
1508,1517,-1.12807168112296
1508,1521,-0.16065064168027
1508,1578,0.172828158899275
1508,1653,-0.188876674260531
1508,1740,0.397744687954547
1508,2475,-1.40680369181069
1508,2594,-0.74952346391061
1508,2697,0.515880095416018
1508,2741,0.3386477330596
1508,2755,0.588182124949832
1508,3534,0.151230226189452
1508,3655,-0.0829967688321093
1508,3836,-1.00613824841926
1509,1511,0.0028135225640585
1509,1512,-0.951921266059188
1509,1513,-0.233418812446703
1509,1520,1.57509257175891
1509,1521,-0.569099424152367
1509,1522,0.788598741537126
1509,2199,0.978409642547699
1509,2369,0.187930495492734
1509,2703,-0.388704104242973
1509,2730,1.06470527678948
1509,2735,-0.812347496257122
1509,2774,1.47348057628673
1509,3106,-0.568147916011973
1509,3225,0.595666003834992
1509,3409,0.645302716160398
1509,3455,0.269157768348127
1509,3545,-0.258322586676546
1509,3735,-0.311273844530028
1510,1511,-0.100986499339538
1510,1517,-1.64032048549865
1510,1518,0.264048892767311
1510,1519,0.321381215740129
1510,1956,0.337580863947225
1510,1978,-0.010403132910025
1510,2092,0.573957450568957
1510,2118,0.419120185142918
1510,2147,-0.0248182887741681
1510,2585,0.168086624087214
1510,3203,0.998120988986554
1510,3438,0.0897332874200905
1510,3789,0.0138237334045573
1510,3830,-0.0841351120436296
1511,1512,-0.954734788623247
1511,1515,-0.43114150375349
1511,1520,1.57227904919485
1511,1524,0.861772845087512
1511,1538,-1.19821004337381
1511,1833,1.55985820149628
1511,1946,-0.424312658367684
1511,2135,0.272929094407268
1511,2229,0.666066461938257
1511,2859,0.275133567326038
1511,3145,-0.456943409556009
1511,3195,-0.311867918820764
1511,3241,0.306738465943181
1511,3374,-0.839943308912074
1511,3402,-1.21458328957241
1511,3454,0.335540574373548
1511,3748,0.377693341345043
1511,3973,0.558916350889222
1512,1513,0.718502453612486
1512,1515,0.523593284869757
1512,1520,2.5270138378181
1512,1546,0.991713942505843
1512,1703,0.535949039275192
1512,1706,1.143159271548
1512,1762,0.515725809541808
1512,2109,0.476465784195915
1512,2645,1.40924669410131
1512,3156,1.64843499487462
1512,3540,0.967180256575593
1512,3676,0.821721792597789
1512,3837,1.69266126125587
1513,1518,0.60126772711761
1513,1519,0.658600050090428
1513,1522,1.02201755398383
1513,1523,1.03299703377429
1513,1526,1.48606646175801
1513,1723,0.564573022855291
1513,1862,0.381510760907187
1513,2639,0.581036021156708
1513,3083,0.796165395089822
1513,3104,0.307312903673263
1513,3178,0.102584160037758
1513,3449,0.70024439014642
1513,3474,-0.780740929613753
1513,3680,0.83142634558923
1513,3923,0.204952337698179
1514,1515,0.638865201049429
1514,1522,1.85579192377599
1514,1523,1.86677140356645
1514,1525,1.71131853876106
1514,1527,1.52499269840108
1514,1676,2.62385864995466
1514,1955,2.31392515315805
1514,2181,0.382213187141927
1514,2396,0.0254648884277085
1514,2450,1.35028070111805
1514,2510,-0.345887483863971
1514,2688,0.911662985354634
1514,2788,2.44578800009361
1514,2824,2.5907787256379
1514,2839,1.98669995754175
1514,2942,1.72115153402096
1514,2958,1.73760354483504
1514,3465,1.54482615901032
1514,3862,2.41410261433191
1515,1517,-1.10819248240562
1515,1518,0.796176895860339
1515,1519,0.853509218833157
1515,1523,1.22790620251702
1515,1524,1.292914348841
1515,1961,0.405320294496289
1515,2378,0.899729229222314
1515,2455,-0.318285237920732
1515,2694,0.15996968359438
1515,2715,1.27874546162851
1515,2735,-0.38401951506769
1515,2942,1.08228633297154
1515,3109,-1.08690412716104
1515,3356,0.813130401680162
1515,3511,1.10146912309578
1515,3521,-0.288077002433138
1515,3660,0.277287770077109
1516,1519,-0.0157323424189891
1516,1520,1.1341789916962
1516,1521,-1.01001300421508
1516,1522,0.347685161474412
1516,1562,-0.492363015858004
1516,1624,0.137294835102716
1516,1888,-0.95075029308532
1516,1921,-0.0166257395160135
1516,1941,-0.545210245869292
1516,2024,-0.883128870284693
1516,2488,0.455707599677107
1516,2835,-0.112928585706814
1516,3757,-0.50056950831931
1516,3780,-0.474787056549457
1516,3996,-0.509356120726123
1517,1526,2.78916811290636
1517,1527,1.99431997975727
1517,1594,2.361597183484
1517,1964,1.25307351337294
1517,2062,1.57702164049424
1517,2600,-0.161216722850532
1517,2679,1.91328681540291
1517,2876,0.852592882050411
1517,3212,1.4572854011239
1517,3236,2.23375062169311
1517,3369,2.72481315514312
1517,3620,0.729118774527811
1517,3650,1.19956076768545
1517,3800,1.16992988247784
1517,3890,1.12379525281878
1517,3908,1.39874689702614
1518,1519,0.0573323229728181
1518,1520,1.20724365708801
1518,1522,0.420749826866219
1518,1523,0.431729306656679
1518,1525,0.276276441851289
1518,1531,-0.437608954809256
1518,2000,0.401152767376753
1518,2036,-0.631928807804572
1518,2107,-0.442799062290423
1518,2540,-0.836500330581312
1518,3026,-0.817156667301171
1518,3032,0.374863238986962
1518,3053,-0.956630296667331
1519,1521,-0.994280661796092
1519,1527,0.03261827851849
1519,1532,-0.183968478428793
1519,1605,-0.426358552952259
1519,1786,0.334618858308511
1519,2008,-0.850510893128546
1519,2363,1.50817655302673
1519,2483,-1.26618872935516
1519,3298,-0.36577925207101
1519,3479,0.201660739297666
1519,3525,-0.729587870110933
1519,3540,-0.409922247127321
1520,1530,-0.0310019603248089
1520,1532,-1.33387981254398
1520,1945,-1.25485162724553
1520,2108,-1.82318991964914
1520,2748,-1.70114718092817
1520,2789,-0.849555012363224
1520,2816,-1.93563138061234
1520,3252,-0.295562180430705
1520,3338,-2.77774295836232
1520,3436,-1.94973735585995
1520,3662,-1.47296793664138
1520,3820,-3.19175109644595
1520,3969,-1.24133696813623
1521,1522,1.35769816568949
1521,1852,0.150702026911584
1521,1873,0.833506389399492
1521,1954,-0.102600462493468
1521,2256,0.468930410968065
1521,2446,-0.284601886099775
1521,2830,1.22932319415469
1521,2885,1.46430210298305
1521,3172,-0.0896523687304189
1522,1523,0.0109794797904601
1522,1524,0.0759876261144444
1522,1525,-0.14447338501493
1522,1527,-0.330799225374911
1522,1531,-0.858358781675476
1522,1532,-0.547385982322194
1522,1534,-1.28960042703434
1522,1535,-0.112988200781613
1522,1595,-1.34087299389921
1522,1624,-0.210390326371696
1522,2210,-0.530746120349955
1522,2254,-1.24313131607775
1522,2278,-0.947382607060406
1522,2764,-0.236881659038455
1522,2933,-0.777960903103601
1523,1524,0.0650081463239842
1523,1525,-0.15545286480539
1523,1532,-0.558365462112654
1523,1534,-1.3005799068248
1523,1536,-1.40437143317408
1523,1729,-1.29861435827459
1523,1819,-0.619006576287504
1523,1946,-1.22107735713121
1523,2241,-0.667259443190843
1523,2368,-1.30674129236521
1523,2854,-0.235145920917755
1523,2953,0.382608602021385
1523,3029,-0.0460189214154562
1523,3244,-0.554992655956594
1523,3445,-2.00966283170505
1524,1527,-0.406786851489356
1524,1529,-0.144426881946447
1524,1577,-0.640268936869115
1524,1648,-0.701002642338024
1524,1666,-0.11407696340677
1524,1744,-0.101828496345562
1524,1827,-1.19733822996177
1524,2158,-0.868353094264207
1524,2232,-0.441863352226778
1524,2233,-0.325859710234752
1524,2875,-0.679546639341375
1524,3388,-1.48339662352192
1524,3476,0.136502629456564
1524,3616,-1.22246688855873
1524,3695,-0.129011496145273
1524,3705,-0.925561610205856
1524,3984,-0.151316032909967
1525,1526,0.608522292789108
1525,1529,0.0760341291829267
1525,1531,-0.713885396660546
1525,1534,-1.14512704201941
1525,1535,0.0314851842333167
1525,1536,-1.24891856836869
1525,1668,0.443153469101845
1525,3166,-0.421228861338527
1525,3407,1.14155258896704
1526,1527,-0.79484813314909
1526,1528,-1.47980130122389
1526,1533,-1.0007362436324
1526,1600,-1.82116997930027
1526,2192,0.226143199736212
1526,2203,-2.76575589659478
1526,2292,-1.40166902575308
1526,2310,-0.800834867570448
1526,2927,-1.70454894472876
1526,3125,-1.828845242089
1526,3252,0.0268827420169033
1526,3750,-1.30058992131601
1526,3916,-0.373471619458169
1527,1528,-0.684953168074798
1527,1530,1.08629109527189
1527,1532,-0.216586756947283
1527,1554,-1.16106068787468
1527,1751,-0.171843770707242
1527,1778,-0.0486325715021792
1527,2464,-1.12339734705204
1527,2947,-0.348405606797854
1527,2963,0.31090146223146
1527,3070,-0.872535858198098
1527,3188,-1.24876293172425
1527,3315,0.262561539722589
1527,3795,-0.144845954217223
1527,3879,-0.774245697956986
1528,1529,0.947313137617706
1528,1530,1.77124426334669
1528,1531,0.157393611774234
1528,1532,0.468366411127515
1528,1533,0.479065057591483
1528,1535,0.902764192668096
1528,1538,-0.968242868897164
1528,1539,0.0500883577172621
1528,1895,0.165196420636013
1528,2233,0.765880309329402
1528,2267,1.33445607894043
1528,2730,1.29185892870207
1528,2820,0.632218775219859
1528,3196,-0.334422100611066
1528,3561,1.81725474732829
1529,1530,0.823931125728981
1529,1531,-0.789919525843473
1529,1532,-0.478946726490191
1529,1533,-0.468248080026224
1529,1536,-1.32495269755162
1529,1541,-0.741222133729456
1529,1542,-0.0643890275560371
1529,1548,-0.538986143531481
1529,2019,-0.330501507659117
1529,2184,-0.718144999358813
1529,2217,-0.302387223521867
1529,2552,-0.865645914226388
1529,2890,-1.4892442629578
1529,3039,-0.985156644865143
1529,3685,-2.18002763686569
1530,1532,-1.30287785221917
1530,1535,-0.868480070678591
1530,1536,-2.1488838232806
1530,1537,-1.01777149060043
1530,1538,-2.73948713224385
1530,1766,-0.953619379836367
1530,1901,-1.54038827482316
1530,2022,-1.10745261692917
1530,2040,-1.84580642401618
1530,2179,-2.59964510631179
1530,2298,-1.1975410303076
1530,2391,-2.44384248294581
1530,2393,-1.285839559345
1530,2796,-1.01180465160832
1530,3029,-0.790531311521974
1530,3063,-0.90552978810208
1530,3166,-1.32119411625044
1530,3280,-2.28302496669076
1530,3289,-1.30480881087659
1530,3311,-0.958376988588338
1530,3443,-1.04437756660985
1530,3574,-0.503674228783964
1530,3753,-1.48122542642979
1531,1533,0.321671445817249
1531,1538,-1.1256364806714
1531,1564,0.882268794664269
1531,2277,-0.63828108381553
1531,2504,0.516604063345099
1531,2514,1.96084259058823
1531,2941,0.196786184084533
1531,3128,0.193330905680478
1531,3590,0.609399355437895
1531,3796,0.614447143741994
1531,3864,-0.655388166742969
1531,3866,0.915087462869061
1531,3872,-0.103370888177584
1531,3894,0.0566371324770474
1532,1536,-0.84600597106143
1532,1538,-1.43660928002468
1532,1540,-0.10641319072439
1532,1542,0.414557698934154
1532,1733,-1.16520693466311
1532,1746,-0.881136783816995
1532,1774,-0.289221190423925
1532,1940,0.387048134907767
1532,2487,-0.0926943979134942
1532,3459,0.077509428194463
1532,3642,0.0577566774700356
1532,3724,-1.42890140046598
1532,3773,0.122099895107016
1532,3837,0.49952723598175
1532,3909,1.64694785987975
1533,1535,0.423699135076614
1533,1536,-0.856704617525398
1533,1539,-0.428976699874221
1533,1540,-0.117111837188358
1533,1655,-0.476901225435083
1533,1832,-1.03606781302342
1533,1854,0.573157695328432
1533,2282,-0.540851091821802
1533,2339,-0.0885554349565952
1533,2427,-0.146854431706153
1533,2457,-0.816080544357073
1533,2472,0.351482214415992
1533,2628,0.458323341031235
1533,2916,-0.43432607060891
1533,3380,0.624819654028652
1533,3477,-0.189279918495326
1533,3602,0.937897259776733
1534,1540,0.635801253987754
1534,1541,0.47993903747288
1534,1542,1.1567721436463
1534,1545,0.749176731715202
1534,1620,1.43305614749635
1534,2078,-0.157703092692879
1534,2248,1.22352189455929
1534,2624,0.519819485446316
1534,3465,0.978634662268669
1534,3526,0.515344784566022
1534,3812,2.02703708023325
1535,1539,-0.852675834950834
1535,1540,-0.540810972264972
1535,1541,-0.696673188779846
1535,1543,-0.18611914245626
1535,1544,-0.266902811930378
1535,1545,-0.427435494537524
1535,1680,-0.426269644240321
1535,1713,0.437920623345073
1535,1829,0.768067116771312
1535,2244,-0.729020641795432
1535,2405,-0.773242995582703
1535,2425,0.695522738155977
1535,2515,-0.780875312778103
1536,1537,1.13111233268017
1536,1538,-0.590603308963249
1536,1541,0.583730563822165
1536,1544,1.01350094067163
1536,1548,0.78596655402014
1536,1789,0.111134274409956
1536,1823,0.480648609868833
1536,1886,1.0068012346693
1536,1918,1.32761988314062
1536,1954,-0.066906674799337
1536,2151,0.610559188431369
1536,2912,0.470478317011985
1536,3138,1.08586643391009
1536,3145,0.150663324854548
1536,3167,-0.94926718727946
1536,3359,-0.641725564061741
1536,3540,0.620052202362903
1536,3782,0.615629853966962
1536,3862,1.95170264393955
1536,3971,0.164744368898783
1537,1543,-0.0368277225344197
1537,1549,-0.879993685914181
1537,1550,-0.266650452012279
1537,1558,-0.283999919924185
1537,1607,-1.4457611620627
1537,1926,-0.758726796813984
1537,2189,0.300523850201051
1537,2307,-0.472191233123624
1537,2469,-0.924366054504537
1537,2556,-1.25078387225132
1537,2640,-1.19269387622789
1537,2726,-1.89918747941037
1537,3127,-0.371015957725923
1537,3234,-0.0290753510351543
1537,3460,0.44870096320226
1537,3507,1.10384120599928
1537,3795,-0.213365558888681
1537,3851,-0.015101278677095
1537,3872,-0.699450049149607
1538,1539,1.01833122661443
1538,1544,1.60410424963488
1538,1550,1.45506518963114
1538,1577,1.4197139515922
1538,1685,1.43363792017586
1538,1851,2.29717625440713
1538,2011,1.96708076860034
1538,2043,1.67262098100502
1538,2090,1.91459666888715
1538,2441,0.602290511741136
1538,2550,1.00821361216083
1538,2938,0.689093612201694
1538,3780,1.161523044323
1539,1540,0.311864862685863
1539,1544,0.585773023020456
1539,1545,0.425240340413311
1539,1547,0.329926332532967
1539,1548,0.358238636368963
1539,1751,0.463021039650294
1539,1944,-0.125674667774035
1539,2181,-0.507914700901612
1539,2952,1.08412132085036
1539,3101,-0.556722405288783
1539,3269,-0.359155316740152
1539,3395,0.999925516811026
1539,3605,0.298240725811401
1539,3607,-0.644718993783539
1539,3850,0.68369174564935
1540,1549,-0.488474133571049
1540,1550,0.124869100330853
1540,1552,0.545089515572196
1540,1872,-0.920898745585465
1540,1898,0.18482011204583
1540,2097,-0.282372557330429
1540,2099,0.715389970406994
1540,2343,0.61082770064399
1540,2363,1.79855822217992
1540,2770,-0.26442972653105
1540,3274,0.139148845665158
1540,3359,-1.38131834439878
1540,3542,-0.300054245220892
1540,3619,0.91172781049478
1540,3993,-0.203616807580637
1541,1545,0.269237694242322
1541,1546,0.0608553244709869
1541,1553,-0.199393807003786
1541,1632,1.10495708042222
1541,1802,0.66960329744344
1541,1938,-1.2905161822407
1541,1964,-0.262384302197782
1541,1974,-0.0523634305689257
1541,3027,0.598988916711406
1541,3560,0.778812209307136
1541,3582,1.0766963150107
1541,3585,1.15725688513528
1541,3710,0.544924510147289
1541,3981,0.646576970173197
1542,1550,-0.396101789327692
1542,1553,-0.876226913177204
1542,1915,-1.31006896967317
1542,2096,-0.806261754596565
1542,2798,0.760011718022292
1542,2946,-0.526031020982054
1542,2981,-0.103889680193152
1542,3128,-0.532199592606958
1542,3725,-1.33311380515374
1542,3754,-0.755942145878615
1542,3841,-0.994939548438957
1543,1551,-0.331401983940645
1543,1552,0.190397685763484
1543,1555,0.165095383556162
1543,1775,1.69818377741754
1543,1798,0.439325807449023
1543,2053,-0.112893802119206
1543,2453,-0.0111686354698445
1543,2600,-2.18722858474484
1543,3338,-1.69214178490266
1543,3342,-0.271783067980161
1543,3407,1.29618654718998
1544,1547,-0.255846690487489
1544,1549,-0.762382293905643
1544,1556,0.234593136306037
1544,1591,-1.99228006367505
1544,1895,-0.470664960101705
1544,2013,-0.302354196963232
1544,2040,-0.710423541407215
1544,2196,0.902573993977951
1544,2263,-0.445131180311457
1544,2416,0.68936556195688
1544,2426,-0.0832474096775883
1544,2433,0.491039249280836
1544,2659,0.422183059219309
1544,2720,-0.100793820874403
1544,3368,0.339534461514837
1544,3387,-0.776559901802127
1545,1548,-0.0670017040443476
1545,1550,0.0114936226034046
1545,1712,-0.890739099399365
1545,1935,-1.24874814971241
1545,2090,0.471025101859411
1545,2275,0.952093629346533
1545,2286,-0.981733401718993
1545,2565,0.884328805642068
1545,2791,0.326729704646823
1545,3140,-0.271468916821224
1545,3154,-0.782139893070972
1545,3440,-0.308824302515562
1545,3745,-0.751903329951908
1545,3879,-0.564621228012761
1546,1547,0.113068361890991
1546,1548,0.141380665726988
1546,1549,-0.393467241527162
1546,1551,0.118296737911954
1546,1552,0.640096407616084
1546,1555,0.614794105408761
1546,1626,0.91802723846466
1546,1875,-0.824163808918904
1546,1962,-0.53638655008184
1546,2425,1.33134060246484
1546,2555,1.12721848975448
1546,2750,-0.505858418989056
1546,2753,0.624209264853327
1546,2870,-0.943137483378056
1546,3204,-0.040803496877146
1546,3467,-0.380207115463539
1546,3652,0.451351423447397
1547,1549,-0.506535603418154
1547,1553,-0.373317493365764
1547,1556,0.490439826793526
1547,1557,-0.0874491970821336
1547,1558,0.0894581625718426
1547,1559,-0.256599725431946
1547,1626,0.804958876573668
1547,2510,-1.56594170444048
1547,2852,-0.318322433227622
1547,3325,0.550088051831551
1547,3363,-1.26693080979103
1547,3368,0.595381152002326
1547,3949,-0.152912770051796
1548,1552,0.498715741889096
1548,1553,-0.40162979720176
1548,1556,0.46212752295753
1548,1560,0.339450560541048
1548,1561,0.713800196262062
1548,2707,-0.401101936785973
1548,2721,-0.942935904383715
1548,2955,1.19081531919474
1548,3552,0.106950505271737
1548,3679,-0.798124852318135
1548,3684,-0.876110277784806
1549,1558,0.595993765989996
1549,1559,0.249935877986207
1549,1561,1.24864810351621
1549,1608,1.27224492041107
1549,1736,1.10925221481663
1549,1814,-0.778514573609266
1549,2056,1.08502522874909
1549,2086,1.13354893547174
1549,2505,0.635870693511219
1549,2629,0.913485582080054
1549,2822,-1.10847049144722
1549,2876,-0.330253016464135
1549,3119,1.22903323821472
1549,3507,1.98383489191346
1550,1554,-0.962929840533862
1550,1555,0.394918113034021
1550,1633,-0.43423441317888
1550,1823,-0.38381327079906
1550,1998,0.0865565955305379
1550,2063,-0.446526554592656
1550,2087,0.993940465407195
1550,2115,-0.213195286300976
1550,2291,-0.674304267564995
1550,2747,0.242419043126474
1550,3597,-0.323610650562522
1550,3747,-1.10805232578773
1550,3851,0.251549173335184
1550,3855,-1.37439232519203
1551,1554,-0.861350586071076
1551,1555,0.496497367496807
1551,1563,-1.62583997363332
1551,1817,-1.61464379676879
1551,1832,-0.942245821703129
1551,1925,-1.26380495125814
1551,2393,0.100161637730494
1551,2557,1.09402184960369
1551,2622,0.309351697406704
1551,2658,1.66590148367606
1551,3381,-0.18196156416762
1551,3656,0.430009640618016
1551,3723,-0.167547858512987
1551,3831,0.666962052020243
1552,1557,-0.614477242807226
1552,1562,-0.731338519858027
1552,1638,-0.590821733483699
1552,1727,-1.43464908501248
1552,1909,-0.698778559482741
1552,2005,-0.522224605119881
1552,2198,-0.532353825071168
1552,2265,-0.156014434097225
1552,2282,-0.96882877020564
1552,2680,-1.69826773698385
1552,2832,0.0678843046825293
1552,2919,-0.651049495080817
1552,2967,-2.02721187308292
1552,3062,-1.11717293113127
1552,3180,0.0592401863887163
1552,3481,-0.90470115665476
1552,3746,-1.29752955351576
1552,3893,-1.05930320642132
1553,1554,-0.48280471668435
1553,1560,0.741080357742808
1553,1563,-1.2472941042466
1553,1566,-0.737938730344147
1553,1770,0.133542097447817
1553,2019,0.610114433074125
1553,2122,-0.196453309888677
1553,2312,1.00677923500362
1553,2326,0.661430829617415
1553,2414,-0.160073082782297
1553,2492,0.394211043865811
1553,2810,-0.813507770083488
1553,2990,1.75409105076386
1553,3209,0.11396773184355
1553,3313,-0.280382316860209
1553,3561,1.81055755044382
1553,3758,0.816192283043569
1553,3800,-0.146134126089094
1553,3811,0.74477523411514
1553,3835,-0.0915699536313323
1554,1555,1.35784795356788
1554,1780,0.53511205909358
1554,1890,1.64201826901659
1554,2555,1.8702723379136
1554,2819,0.815116426632977
1554,3240,0.609906469586073
1554,3245,0.835024324277263
1554,3508,0.464557162006995
1554,3685,-0.756606979448103
1554,3904,0.168372646194646
1554,4000,0.698628213189287
1555,1562,-0.706036217650705
1555,1567,-1.52362356290869
1555,1568,-1.34608892845807
1555,1901,-0.650884445244474
1555,2566,-1.26356196386364
1555,2761,-0.0649414383441684
1555,3233,-0.696796614706071
1555,3333,-0.38950503041381
1555,3569,-1.00418098676846
1555,3618,1.07436282140444
1555,3737,-1.03254826216082
1555,3787,-0.874723141241252
1556,1559,-0.747039552225472
1556,1563,-2.11105142440589
1556,1568,-1.33480301173383
1556,1747,-0.116643415944188
1556,1859,-1.91145984429636
1556,1875,-1.42767199760342
1556,2016,-0.105399005876481
1556,2197,-0.407468182721453
1556,2775,-0.64837475904773
1556,2998,-0.959133844750514
1556,3476,0.357788131976963
1556,3518,-0.28066277443729
1557,1562,-0.116861277050802
1557,1569,-0.307576299681795
1557,1570,-1.25367775277344
1557,1695,0.382699950312239
1557,2239,0.627199432478066
1557,2440,0.681132511639394
1557,2586,0.0111648242515229
1557,2923,-0.300369481030917
1557,3053,-0.654193223251936
1557,3127,0.0898913218522378
1557,3196,-0.626987593779161
1557,3349,0.347229154840374
1557,3361,-0.357626891206811
1557,3511,0.607729300650838
1557,3543,0.0284977864398684
1558,1559,-0.346057888003789
1558,1561,0.652654337526216
1558,1980,1.13458417493868
1558,2103,-0.732974897103467
1558,2114,-0.585653991760487
1558,2127,-0.279939956249641
1558,2128,-0.325540123045507
1558,2494,1.0730292150061
1558,2829,-0.95457885546108
1558,2994,0.375652757326042
1558,3540,-0.227060210393084
1558,3939,0.183736011361075
1559,1561,0.998712225530005
1559,1562,0.052289251299011
1559,1563,-1.36401187218042
1559,1564,0.91624744162022
1559,1565,0.519524889289038
1559,1570,-1.08452722442363
1559,2071,0.0230076594165405
1559,2624,0.122556487043405
1559,2834,0.302735535344901
1559,2937,-1.18420462795597
1559,3074,0.206614942123521
1559,3240,0.0103839849679061
1559,3251,1.57603765620345
1559,3419,0.17096861433192
1559,3812,1.62977408183034
1560,1565,-0.104837700519953
1560,1569,-0.762788361140973
1560,1572,-0.332665762055537
1560,1597,0.409034088025893
1560,1640,0.1003997199577
1560,2334,0.14590834579397
1560,2336,0.141230070132244
1560,2588,-0.221505813752774
1560,2628,0.189610843995444
1560,2657,-1.07554173478141
1560,2725,-0.959881576734817
1560,3534,-0.777842458997334
1560,3833,-0.984043293757713
1561,1562,-0.946422974230994
1561,1571,-0.913367669847805
1561,1685,-0.656732139069586
1561,1774,-0.942981969644697
1561,2205,-1.74185204159237
1561,2211,-2.42622559174143
1561,2218,-0.381534624552956
1561,2365,-1.55986705178546
1561,2488,0.0016476413041173
1561,2537,-1.26571050267723
1561,2645,-0.437648110393586
1561,2749,0.479891154705511
1561,3051,-0.348251567851759
1561,3106,-1.46312145444768
1562,1564,0.863958190321209
1562,1574,0.693677425404293
1562,1575,1.19979804742076
1562,1624,0.62965785096072
1562,1641,-0.256345772292756
1562,2194,0.214060529002097
1562,2644,0.286011964439729
1562,2865,-0.232460000037164
1562,2940,-0.721541798235475
1562,2946,0.181188872962322
1562,3026,-0.397858316834975
1562,3082,0.613544372852512
1562,3094,1.0598201527511
1562,3190,-0.153200616005881
1562,3581,1.49810409028848
1562,3690,-0.216128572639896
1562,3741,0.267918343960605
1563,1566,0.50935537390245
1563,1568,0.776248412672059
1563,1571,1.44935642786261
1563,1572,1.65570869993387
1563,1608,2.38632091460527
1563,1643,1.16106833162358
1563,1676,3.02441602699051
1563,1800,3.24206559216801
1563,2151,1.47351653585959
1563,2279,0.683196847431234
1563,2361,1.65360394681094
1563,2447,2.62683569017249
1563,2731,2.19845877120321
1563,2753,2.1317525005747
1563,3112,1.4075376023284
1563,3343,1.02778472589406
1563,3518,1.8303886499686
1563,3650,1.13079086336511
1563,3895,0.736097040514267
1564,1571,-0.830902885938021
1564,1572,-0.624550613866766
1564,1577,-0.588191323743464
1564,1686,-1.12007844545855
1564,1793,-0.473541825946758
1564,2010,-1.31260341350456
1564,2605,-0.543941565389227
1564,2798,0.603273421645459
1564,3115,-1.05235555857687
1564,3333,-0.547427003084314
1564,3454,-0.474154657588313
1564,3481,-1.03732082711794
1564,3839,-0.941237958927198
1565,1568,-1.10728834879739
1565,1574,0.226441787414266
1565,1667,-0.331312215138239
1565,2360,0.394516252045606
1565,2586,-0.339209536687702
1565,2792,0.475563513214197
1565,2839,0.503720573108155
1565,2856,-0.976563168112967
1565,3086,0.0577609318625923
1565,3168,-1.21865460010375
1565,3474,-1.42994594425519
1566,1570,-0.229870726145665
1566,1572,1.14635332603142
1566,1574,1.60062317498127
1566,1575,2.10674379699773
1566,1577,1.18271261615472
1566,1769,1.47396263043363
1566,2044,0.457455548202663
1566,2092,1.63615265784482
1566,2242,0.584701720116359
1566,2564,0.0031754497647364
1566,2747,1.46048289732013
1566,3229,0.484130744150679
1566,3611,-1.01418956626351
1566,3936,1.68114094705559
1567,1571,0.850642649641177
1567,1574,1.51126477066228
1567,1575,2.01738539267875
1567,1577,1.09335421183573
1567,1578,0.633416157480457
1567,1979,1.00387974077891
1567,2100,1.66671197062967
1567,2660,0.159018582957927
1567,2877,-0.570689871875698
1567,3068,-0.880932345401393
1567,3295,1.3020117297752
1567,3375,1.62832753227584
1568,1569,0.449337688176374
1568,1571,0.673108015190555
1568,1576,0.941345403875286
1568,1579,0.304818092088139
1568,1581,1.39944848289902
1568,2091,-0.419252361792657
1568,2457,0.127333007924483
1568,2581,0.565060765080084
1568,2726,-0.68136621197404
1568,3036,1.75769921131596
1568,3074,0.794378401631877
1568,3711,1.28875342796811
1569,1570,-0.946101453091648
1569,1573,-0.0099452773359222
1569,1574,0.884392448035286
1569,1579,-0.144519596088235
1569,1581,0.950110794722643
1569,1710,0.772045955072969
1569,1866,0.841057573941997
1569,2030,0.172823506345646
1569,2119,1.07740495385776
1569,2564,-0.713055277181247
1569,2667,1.50415541836147
1569,3012,0.31319950937854
1569,3370,0.925652019906652
1569,3589,0.383347867365141
1569,3993,0.173347219336187
1570,1572,1.37622405217708
1570,1576,1.43810916879056
1570,1577,1.41258334230039
1570,1611,0.958595680533688
1570,1677,0.675111509156604
1570,2094,1.02192551628274
1570,2173,2.68933332168973
1570,2300,0.208789641594248
1570,2526,1.80432980108311
1570,2908,1.11894520020309
1570,3092,0.620391818033962
1570,3315,1.90862696740273
1570,3688,1.46258909999639
1570,3868,1.37897130736474
1570,3921,1.5530748599076
1571,1575,1.16674274303757
1571,1576,0.268237388684731
1571,1577,0.242711562194557
1571,1578,-0.217226492160721
1571,1579,-0.368289923102416
1571,1583,-0.452311960623404
1571,1776,-0.229671445529986
1571,1983,-0.924036872131612
1571,2222,-0.632169930041909
1571,2247,-0.178467472463575
1571,2264,0.417168360198399
1571,2365,-0.646499381937653
1571,2428,1.78401316128801
1571,2727,0.0604789779018115
1571,3131,-0.141012383950914
1571,3487,0.0487766700323999
1571,3710,0.542255993535058
1571,3751,0.891970892857702
1571,3827,0.312071456297822
1571,3901,0.914810135883464
1572,1578,-0.423578764231975
1572,1579,-0.574642195173671
1572,1581,0.519988195637207
1572,1734,0.157863134296804
1572,1828,0.126707168195251
1572,2125,0.618034797193827
1572,2288,0.150974991256391
1572,2396,-1.22968643447031
1572,3134,0.752730747357025
1572,3406,-0.866531069146528
1572,3654,0.0538148026963293
1573,1577,0.47642716654466
1573,1581,0.960056072058565
1573,1583,-0.218596356273301
1573,1584,0.294388085778112
1573,1585,1.33020022933461
1573,1875,-0.532261396710045
1573,2180,0.874971547672108
1573,2217,0.669881997945461
1573,2379,0.290224353379872
1573,2584,-0.368596069793961
1573,3330,0.994857468806204
1573,3922,0.131604303608603
1574,1575,0.506120622016465
1574,1578,-0.877848613181825
1574,1585,0.435862503963398
1574,1675,-0.265088074597592
1574,1859,-1.91038696877419
1574,2235,-0.173615044648342
1574,2287,-0.714077707023195
1574,2367,-0.186060593305339
1574,2883,0.134995622184375
1574,2953,0.539958833739968
1574,3215,-0.227347737714167
1574,3651,0.477621066627354
1574,3803,0.449601562956891
1574,3908,-0.780001556177922
1574,3956,-1.05604021462752
1575,1576,-0.898505354352839
1575,1581,-0.440402275329108
1575,1585,-0.0702581180530671
1575,1587,-0.512442207522233
1575,1599,-0.795406117328737
1575,1670,-0.746627425997402
1575,1691,-2.61760142741833
1575,1921,-0.724060771078768
1575,2177,-1.47143974873655
1575,2252,-1.10089230320606
1575,2651,-0.737860504024491
1575,2827,-2.49014248406852
1575,2876,-1.83227619317011
1575,2898,-1.71872169408517
1575,3031,-0.731119982070425
1575,3049,-0.791946877236851
1575,3402,-2.36011837863382
1575,3633,-0.863671055987994
1575,3731,-1.67371235006245
1575,3792,-1.20493439111256
1576,1581,0.458103079023731
1576,1693,0.833826736147044
1576,2254,-0.704375831813253
1576,2331,-1.9620284848608
1576,2736,-0.270915089800473
1576,2889,-0.196279495689605
1576,2968,-1.67031861399401
1576,3085,-1.53710684145664
1576,3385,0.34654470219419
1576,3436,-0.624488041373667
1576,3648,-0.276205194034589
1576,3760,0.343054225960699
1577,1580,-0.0173009906706131
1577,1581,0.483628905513905
1577,1584,-0.182039080766548
1577,1585,0.853773062789946
1577,1588,-0.27984345843008
1577,1589,0.702508657796732
1577,2292,-0.373338807224226
1577,2446,-1.0780187410346
1577,2509,-0.0715739628172581
1577,2684,0.23187451824755
1577,2741,-0.294118480194952
1577,3133,0.510422572755064
1577,3349,0.188323565313431
1577,3482,0.269493683448751
1578,1579,-0.151063430941696
1578,1582,0.742399091479106
1578,1583,-0.235085468462683
1578,1584,0.27789897358873
1578,1587,0.871527027676058
1578,1590,0.744059568935701
1578,1621,0.824211567996167
1578,1834,0.235809317977077
1578,2283,0.849980606797283
1578,2664,0.780804828551435
1578,2761,0.825265967084069
1578,3177,0.764131919232605
1578,3224,0.604770969555136
1578,3227,0.35588298486495
1578,3244,0.480206188943814
1578,3350,0.0884453697620009
1578,3568,-0.802203416212914
1578,3826,0.190508844414963
1579,1580,0.59370049462636
1579,1584,0.428962404530425
1579,1587,1.02259045861775
1579,1588,0.331158026866894
1579,1589,1.31351014309371
1579,1590,0.895122999877397
1579,1808,0.565239660302614
1579,1830,1.7399758665762
1579,2029,-0.194221483037962
1579,2097,0.23911106567463
1579,2312,1.17300683449002
1579,2499,0.0012201813970531
1579,2738,0.394880392768719
1579,3034,1.410215126519
1579,3680,0.984691587657045
1579,3851,0.897901896671096
1579,3947,0.645175340614879
1580,1582,0.299762027794441
1580,1584,-0.164738090095935
1580,1586,-0.0714713186657769
1580,1593,-0.380259749228432
1580,1662,0.378211924358386
1580,1724,0.971344210736277
1580,2401,0.135308758061635
1580,2446,-1.06071775036398
1580,2508,-0.367308840748032
1580,2748,-0.333071049281097
1580,2929,-0.306083574008395
1580,3036,0.859180624601457
1580,3080,1.67438813942575
1580,3302,1.64511742455423
1580,3510,0.185913764141483
1580,3846,0.150428249516847
1580,3884,-0.0724674173244991
1581,1584,-0.665667986280453
1581,1585,0.370144157276041
1581,1587,-0.0720399321931245
1581,1591,-2.29151867114628
1581,2206,-0.828274566479508
1581,2249,-0.925024336181827
1581,2332,-1.60946261548737
1581,2350,0.0546785095653032
1581,2426,-0.382486017148813
1581,2862,0.433930891747617
1581,3236,-0.010716178198308
1581,3271,-0.234477403104162
1581,3935,-1.57613743421514
1582,1587,0.129127936196952
1582,1589,0.420047620672904
1582,1590,0.0016604774565955
1582,1644,-2.12531380181547
1582,1821,-1.14729730975953
1582,2198,-0.359243208914714
1582,2273,0.261806832188366
1582,2603,-0.383677277784018
1582,2727,-0.464693621416573
1582,2792,0.38457124750265
1582,2841,0.483966472167059
1582,3017,-0.752736146318892
1583,1588,0.415180064387882
1583,1591,-1.11286624281441
1583,1592,1.08558856169507
1583,1593,0.297462782918916
1583,1594,1.29578281192445
1583,1688,0.52747573886473
1583,1715,1.10496373668436
1583,1853,0.2818054215417
1583,1884,0.856218194947281
1583,2111,0.101784085435194
1583,2147,0.549687825164934
1583,2331,-1.24147913555267
1583,2983,0.814320185983706
1583,3088,0.490359548746211
1583,3595,1.90049862454386
1583,3923,0.442239617286982
1584,1585,1.03581214355649
1584,1595,-0.594552602377986
1584,1596,-0.848951167890232
1584,1673,0.588685246729877
1584,1880,-0.754427296759958
1584,1888,-0.552115063038513
1584,2030,-0.111619302096544
1584,2498,-0.533210574551001
1584,2506,0.0691784853419828
1584,2619,-0.209070423633368
1584,2789,0.683259209379782
1584,3138,0.438794872047681
1584,3140,-0.0655722206191414
1584,3158,1.53486756855451
1584,3365,0.804630066894305
1584,3392,0.681450897340063
1584,3704,-1.04152462505694
1584,3826,-0.0873901291737664
1584,3899,-1.19702336668234
1585,1587,-0.442184089469166
1585,1588,-1.13361652122003
1585,1589,-0.151264404993214
1585,1590,-0.569651548209522
1585,1592,-0.463208023912841
1585,1597,-0.148432502831818
1585,2566,-1.68706567558062
1585,2912,-1.21240538840691
1585,3017,-1.32404817198501
1585,3278,-0.593531207707206
1585,3428,-0.965983032885781
1586,1592,0.479337348213494
1586,1594,0.689531598442881
1586,1595,-0.687819373808144
1586,1597,0.794112869294517
1586,1962,-0.632138995081251
1586,2327,-0.866360063979557
1586,2769,0.381857776933904
1586,3005,-0.742003405464022
1586,3115,-0.375391925497017
1586,3555,0.566598714100082
1586,3886,-0.958797540499396
1586,3996,-0.203987662109474
1587,1588,-0.69143243175086
1587,1598,-0.158982988725913
1587,2149,1.87533082486804
1587,2493,-0.171794560582496
1587,2519,0.510069580142679
1587,2756,0.105508768750312
1587,2803,-0.868580524464886
1587,2843,0.003391047864772
1587,3130,-0.273240047958526
1587,3294,-1.74536065017083
1587,3586,-0.909999714613089
1587,3685,-2.09577455526381
1587,3840,0.81857219257803
1587,3844,-0.497800221835466
1587,3987,-0.11488499917556
1588,1589,0.982352116226811
1588,1591,-1.52804630720229
1588,1592,0.670408497307184
1588,1594,0.880602747536571
1588,1597,0.985184018388207
1588,1855,-0.439436038653356
1588,2005,0.213190506590481
1588,2500,0.494919833088868
1588,2995,-0.272782337255417
1588,3488,-0.582301737397927
1588,3692,0.944359376898558
1588,3697,2.25139220873526
1588,3897,1.01873327362244
1588,3958,-0.4547507248269
1589,1592,-0.311943618919627
1589,1594,-0.101749368690241
1589,1598,-0.449902673201864
1589,1599,-0.573883594282456
1589,1690,-1.18275847206468
1589,1854,-0.101756987571856
1589,1998,-0.580600824227255
1589,2053,-0.550228492399139
1589,2164,-0.326686738377813
1589,2189,-0.0999831175444633
1589,2317,-0.11413589057879
1589,2852,-1.09228748346916
1589,2952,-0.019770061924149
1589,3025,-0.625449224646975
1589,3430,-1.2287406404837
1589,3669,-0.433397863167382
1589,3705,-0.987801331133473
1589,3942,-0.697941592790983
1590,1591,-2.0920112802128
1590,1595,-1.06071319772496
1590,1598,-0.0315155299855561
1590,1623,-0.397424015385893
1590,1803,0.189285619820942
1590,2031,-0.0708597743070551
1590,2351,-0.719008501646511
1590,2473,-0.749084229970212
1590,2557,0.743672318599419
1590,2685,0.514985399498181
1590,2693,0.0570253927207614
1590,2768,-0.628238586455299
1590,3082,0.0536559916943437
1590,3491,0.405582358886978
1590,3599,0.348110243854666
1590,3785,-0.796221761645862
1590,3846,-0.150994255734189
1591,1597,2.5132303255905
1591,1598,2.06049575022724
1591,1935,0.582999231355498
1591,2426,1.90903265399747
1591,2460,1.08744324165802
1591,2982,1.49848558427265
1591,3006,2.04246268644311
1591,3017,1.33761465643731
1591,3617,1.54783057452724
1591,3888,0.94904795044145
1591,3945,1.32707342878095
1591,3980,1.268586633064
1592,1593,-0.788125778776149
1592,1595,-1.16715672202164
1592,1598,-0.137959054282237
1592,1600,-1.18340479964852
1592,1603,-0.558700189659655
1592,1865,0.870332532903455
1592,1894,-0.120968679971263
1592,2174,-1.56983955131767
1592,2820,-0.209817346352284
1592,2892,0.256711614227068
1592,2978,-0.938230736602942
1592,3477,-0.552250982475986
1592,3794,-1.01653470838318
1593,1597,1.10290129985717
1593,1600,-0.395279020872372
1593,1602,1.22605932274532
1593,1688,0.230012955945814
1593,1898,0.49286298965296
1593,2120,-0.409174354415088
1593,2710,0.647977260376198
1593,2947,0.28263721848095
1593,3309,0.751289183128446
1593,3346,-0.523842986730999
1593,3353,1.00492367102592
1593,3946,-0.878431107994446
1594,1596,-1.63174953776327
1594,1597,0.104581270851636
1594,1603,-0.768894439889041
1594,1604,-1.28865519513269
1594,1605,-0.82625403519748
1594,1841,-1.16446128054931
1594,1952,-0.119055266848031
1594,2288,-0.486143587973403
1594,2714,-1.83547583116439
1594,2835,-0.497091725533046
1594,3008,-0.959568831205886
1594,3027,-0.247150451201873
1594,3758,-0.229340891873496
1595,1603,0.608456532361984
1595,1605,0.551096937053545
1595,1694,0.413688917839975
1595,1879,1.41892916702181
1595,2122,0.135364487445283
1595,2216,0.242956064990697
1595,2359,0.123580630381651
1595,2529,0.17982990900873
1595,2785,0.923521352953167
1595,3072,0.537278697118514
1595,3087,0.421299962083124
1595,3384,0.460266135832374
1595,3613,0.795071906026204
1595,3999,0.909490769940969
1596,1600,0.238150487885363
1596,1601,1.27861182892496
1596,1602,1.85948883150306
1596,1603,0.86285509787423
1596,1605,0.805495502565791
1596,1609,1.03938902871481
1596,1971,1.10494103502707
1596,2284,1.15158103188264
1596,2755,0.98640616035206
1596,2781,-0.166217745989347
1596,2876,0.122745236329681
1596,3121,0.208534821703377
1596,3200,0.460337842050953
1596,3358,1.81495765862323
1596,3378,2.15571209884838
1596,3973,1.36840269132761
1597,1604,-1.39323646598433
1597,1605,-0.930835306049117
1597,1607,-1.84910003196961
1597,1608,-0.0110876354100254
1597,2567,0.0304969585228147
1597,3120,-0.934215257336371
1597,3291,-0.174484942306864
1597,3408,-0.338549108287391
1597,3657,-1.51072144791946
1597,3712,-0.394027307643506
1598,1600,-1.04544574536628
1598,1604,-0.940501890621067
1598,1611,-0.706593646361565
1598,2111,-0.845845421977635
1598,2445,-0.892489659135983
1598,2804,-0.691934958066916
1598,2927,-0.928824710794776
1598,2999,-1.16173832937319
1598,3400,-1.26268367659118
1598,3646,-0.119932937024161
1598,3654,-0.23515047202184
1598,3826,-0.522035194535182
1598,3827,-0.183246090491602
1599,1607,-1.27238453552576
1599,1608,0.565627861033826
1599,1707,0.535028465507213
1599,1758,-1.27095425428882
1599,1877,-0.737925728750247
1599,2070,-0.0495052797438586
1599,2097,-0.50051548313662
1599,2132,-1.77406962369906
1599,2266,-1.4369971439535
1599,2569,-0.921031715298276
1599,2675,-0.499614166505317
1599,2680,-1.37132114721784
1599,2747,0.149145217651136
1599,3093,-1.54835833275305
1599,3234,0.144301275501787
1599,3342,-0.135234163977639
1599,3590,0.186696821002813
1599,3729,-0.517699881844643
1599,3851,0.158275347859846
1600,1602,1.62133834361769
1600,1606,0.477990304747103
1600,1607,-0.350919711240065
1600,1608,1.48709268531952
1600,1611,0.338852099004719
1600,1612,1.04902880071569
1600,1613,0.827152832792679
1600,2526,1.18458621955415
1600,3025,0.869899193921174
1600,3115,0.32867552593801
1600,3190,0.363872278187791
1601,1604,-0.935517486294378
1601,1608,0.446631344279923
1601,1609,-0.239222800210146
1601,1758,-1.38995077104272
1601,1852,-0.890336408291417
1601,1924,0.0141592809989593
1601,2021,1.39535924570844
1601,2078,-1.13064378924073
1601,2097,-0.619511999890522
1601,2408,0.0917829597504776
1601,2461,-0.268176505667333
1601,2472,0.131454609044257
1601,2588,-0.172820922088718
1601,2780,-0.721274158659181
1601,2994,0.146032947184896
1601,3527,0.683592679250035
1601,3562,0.0750931137937181
1601,3626,0.649730152082894
1601,3720,-1.05197344352599
1602,1603,-0.996633733628825
1602,1604,-1.51639448887247
1602,1606,-1.14334803887059
1602,1607,-1.97225805485776
1602,1608,-0.134245658298173
1602,1609,-0.820099802788242
1602,1610,-0.440867929609077
1602,1612,-0.572309542902003
1602,1613,-0.794185510825013
1602,1615,-1.00056966032332
1602,1706,-0.861578008139924
1602,2034,-2.54805195832444
1602,3709,-0.468750664349609
1602,3769,-0.863602250600797
1602,3841,-1.3919851039186
1603,1605,-0.057359595308439
1603,1607,-0.975624321228932
1603,1608,0.862388075330652
1603,1610,0.555765804019748
1603,1612,0.424324190726822
1603,1613,0.202448222803812
1603,1729,-0.555218416946912
1603,1808,0.122373325788191
1603,2027,0.457564724759189
1603,2061,0.422143587113883
1603,2241,0.0761364981368378
1603,2399,-0.0564315290663669
1603,2441,-0.649288289068516
1603,2527,-0.7094456708561
1603,3263,0.224510980967648
1603,3630,-0.428040762508067
1603,3661,1.14948335438976
1603,3948,0.65482248165926
1604,1605,0.46240115993521
1604,1816,0.322344802265419
1604,2977,0.622063979960627
1604,3311,1.04929209808951
1604,3512,1.78870954201438
1604,3549,0.576078521328546
1604,3809,0.623189205171902
1604,3953,0.929355368570342
1605,1608,0.919747670639091
1605,1610,0.613125399328187
1605,1611,-0.228492915675708
1605,1614,0.832869093688421
1605,2271,0.622475731563413
1605,2297,-0.98900051826486
1605,2388,0.418302170419864
1605,3398,0.0219792977106376
1605,3440,-0.0594719409890389
1605,3630,-0.370681167199628
1605,3649,0.149075189488484
1606,1607,-0.828910015987168
1606,1610,0.702480109261512
1606,1613,0.349162528045576
1606,1614,0.922223803621746
1606,1852,-0.327865371998924
1606,1889,-0.31508207277508
1606,1936,0.701643544320257
1606,2186,0.494287945947993
1606,2309,0.416410631780772
1606,2436,-0.765439058808056
1606,2872,-0.277318246582808
1606,2919,0.11937161422378
1606,3105,2.3977513411226
1606,3733,-0.146484124137074
1606,3803,1.18236157780775
1606,4000,0.0858990667186781
1607,1611,0.689771810244785
1607,1613,1.17807254403274
1607,1616,1.05243736482683
1607,1618,0.301191769809587
1607,1806,1.59647727105419
1607,2248,1.6419622502911
1607,2436,0.0634709571791117
1607,2514,2.81052459167891
1607,2705,1.26602763172108
1607,2765,0.999649878361392
1607,2805,0.464363169721667
1607,3013,0.956798230703683
1607,3084,1.02900179055927
1607,3105,3.22666135710977
1607,3638,0.671893882330709
1607,3800,0.552851460111814
1607,3907,1.62732215539755
1608,1618,-1.53682062675
1608,1620,0.0134841066685851
1608,1833,0.644101368729778
1608,2001,-1.33371478916191
1608,2618,0.606313678784013
1608,2938,-1.42487326393861
1608,3166,-0.695673860146888
1608,3562,-0.371538230486205
1608,3817,-0.662674494490088
1609,1620,0.699338251158654
1609,1622,-0.986996366441962
1609,1683,-0.12855112424628
1609,2386,0.493689338067195
1609,2624,-0.213898410891385
1609,3348,0.179415397031812
1609,3486,0.678282491324195
1609,3775,-1.32666196472352
1610,1611,-0.841618315003895
1610,1613,-0.353317581215936
1610,1620,0.320106377979489
1610,1622,-1.36622823962113
1610,1700,-0.832930779980539
1610,1790,-1.74924964207381
1610,1795,-0.652051181911505
1610,1967,-0.350927488373899
1610,2021,1.25535017273942
1610,2066,-0.333566362972649
1610,2146,0.257343908413435
1610,2174,-1.56690516567776
1610,2176,-1.72559634972434
1610,2309,-0.28606947748074
1610,2384,-1.12120726362113
1610,2697,-0.504516771075732
1610,2978,-0.935296350963035
1610,3026,-1.06125583664992
1610,3430,-0.913862635924167
1610,3804,0.235486151290561
1610,3978,-0.435651797338945
1611,1618,-0.388580040435198
1611,1621,0.818261175407587
1611,1624,0.807878646149673
1611,1723,0.56082444139283
1611,1800,2.00398526387754
1611,2041,-0.861841783283611
1611,2077,-0.168933705469838
1611,2310,0.681483012725098
1611,2906,-0.931602831423336
1611,3367,0.604002530016847
1611,3764,-0.81457691886932
1611,3932,-0.253075166164543
1612,1615,-0.428260117421314
1612,1617,-0.683722722795302
1612,2225,-0.176165904285056
1612,2315,-1.5314029431512
1612,2722,-1.46482364456759
1612,2828,0.437824029460412
1612,2919,-0.451666881744807
1612,2985,-0.152183231078416
1612,3045,-0.753208561043672
1612,3121,-1.07864446689768
1612,3167,-2.03456686985269
1612,3403,-0.302332516041231
1612,3747,-1.32889012769306
1613,1617,-0.461846754872291
1613,1622,-1.01291065840519
1613,1624,0.319577912361714
1613,1626,0.699189412107597
1613,1910,-0.905013990705325
1613,1985,0.104147774967546
1613,2090,0.460569645273683
1613,2108,-0.506727850693949
1613,2176,-1.37227876850841
1613,2586,-0.182053837296682
1613,2978,-0.581978769747099
1613,3584,0.108769303993213
1613,3789,-0.141006747495563
1613,3962,-0.886860473537018
1614,1615,-0.779445425074473
1614,1616,-0.698696454782084
1614,1617,-1.03490803044846
1614,1620,0.100362683619256
1614,1621,-0.243100833956542
1614,1625,-0.0727244204516816
1614,1812,-0.705536793767198
1614,1821,-1.47221062023313
1614,1933,0.103509895604887
1614,1956,-0.390310892529066
1614,2065,-0.93209281573939
1614,2302,-0.169426272225199
1614,2437,-0.341624859756153
1614,2707,-1.05162037299222
1614,2802,-2.02311012311031
1614,2855,-0.370460491612486
1614,3355,-0.898298886331885
1614,3936,-0.108946016696562
1615,1621,0.536344591117932
1615,1624,0.525962061860017
1615,1625,0.706721004622792
1615,1626,0.905573561605901
1615,1803,0.645478211878408
1615,1810,1.0585955641755
1615,1823,-0.176390955283079
1615,1922,1.39084688133649
1615,2319,0.640575920492658
1615,2588,0.246871735656503
1615,2875,0.132793375004782
1615,3008,-0.186738464622353
1615,3187,0.411331140399376
1615,3317,-0.697970507701293
1615,3626,1.06942280982812
1615,3794,-0.453898592029028
1615,3989,-0.881280988035987
1615,3996,-0.120688893968822
1616,1622,-0.887275479199276
1616,1624,0.445213091567627
1616,1627,-0.482626823528727
1616,1628,-0.0701406294863662
1616,1629,0.616915096696856
1616,1845,1.00033917811938
1616,2273,0.635589976496847
1616,2350,0.62962952226386
1616,2436,-0.988966407647718
1616,2722,-1.11731249743867
1616,2779,-0.3528312099388
1616,3120,-0.137552590193591
1616,3362,0.527645826464765
1616,3731,-0.658359062034784
1616,3861,-0.0041666574123754
1617,1619,0.607792831238224
1617,1622,-0.551063903532899
1617,1730,0.554392358268074
1617,1782,1.70769639674454
1617,1967,0.464236847714328
1617,2002,1.53324734445033
1617,2390,0.643871891595188
1617,2682,0.0423860056301926
1617,2699,-0.110249585455087
1617,2938,-0.303086656539479
1617,3062,-0.234067594999956
1617,3249,1.01800118415595
1617,3252,1.48274664339678
1617,3300,-0.500032686619553
1617,3676,0.0730167786071737
1618,1619,1.02282685058909
1618,1624,1.19645868658487
1618,1625,1.37721762934765
1618,1760,-0.334671809434614
1618,1826,0.582204526996933
1618,2099,1.46843981031698
1618,2238,1.01119733442375
1618,2594,-0.539721974963267
1618,2882,0.0368152065951763
1618,3044,0.186754939028977
1618,3046,-0.982340185061567
1618,3055,0.347287804185741
1618,3460,1.59327035545537
1618,3705,0.557275028865154
1618,3955,1.12828013484344
1619,1620,0.527477882829493
1619,1623,-0.293561649192664
1619,1625,0.354390778758555
1619,1627,-0.754208079100574
1619,1628,-0.341721885058213
1619,1631,0.116876472533939
1619,1632,0.67931785322824
1619,1754,-1.88977726775931
1619,1808,-0.226020973381553
1619,2002,0.925454513212105
1619,3395,0.418283643446055
1619,3859,0.416301991818757
1620,1621,-0.343463517575798
1620,1624,-0.353846046833712
1620,1625,-0.173087104070937
1620,1626,0.0257654529121715
1620,1628,-0.869199767887706
1620,1630,-1.01823308523788
1620,1631,-0.410601410295554
1620,1734,-0.586233187043185
1620,1968,-1.2313580395277
1620,2103,-1.42271015819312
1620,2567,0.0281004872642549
1620,2706,-1.225122665705
1620,2759,-0.861309441646821
1620,3017,-1.17801214041175
1620,3544,-0.0505192871375727
1621,1623,-0.477576014446359
1621,1626,0.369228970487969
1621,1628,-0.525736250311908
1621,1634,-1.20150196201596
1621,1656,-1.5481498842572
1621,2144,-0.409085756801376
1621,2482,-1.07975202807121
1621,3143,-0.496097335218396
1621,3398,-0.567788962021241
1621,3405,0.403683639134946
1621,3769,-0.399377181395411
1621,3851,-0.0773731022667667
1622,1625,1.51324751352968
1622,1626,1.71210007051279
1622,1631,1.27573320730506
1622,1632,1.83817458799936
1622,2144,0.933785343223441
1622,2235,1.22289310056213
1622,2285,0.860668122119389
1622,2679,1.13104650740932
1622,2720,1.0621940635522
1622,2735,-0.058067340655649
1622,2932,1.73976545862465
1622,3467,0.413865716584588
1622,3750,0.706337883596764
1622,3990,-0.744505565249708
1622,3997,0.588496031830202
1623,1625,0.647952427951219
1623,1627,-0.46064642990791
1623,1630,-0.197193553215724
1623,1633,-0.285580674334471
1623,1635,0.153550908756137
1623,2053,0.265582666203062
1623,2145,0.062702762857849
1623,2521,-0.0248974253302426
1623,2784,1.30884481844822
1623,3572,1.02494244550023
1623,3900,-0.615141989378958
1624,1625,0.180758942762775
1624,1662,0.0070199493047976
1624,1727,-1.33296841611517
1624,1765,-1.32446335442021
1624,1825,-0.257821770763663
1624,2042,-1.60999688606379
1624,2081,-0.39810393617453
1624,3179,-0.410604065466805
1624,3298,-0.518806429592715
1624,3682,-0.420354453966607
1625,1632,0.324927074469684
1625,1633,-0.933533102285691
1625,1667,-0.674493370871707
1625,1755,-1.21710767790884
1625,1857,-2.28081788319312
1625,1994,-1.12296162629601
1625,2138,-0.0276338628956491
1625,2677,-1.71893595689442
1625,2685,0.264456986932855
1625,2696,-0.407194653756006
1625,2870,-1.66231216485961
1625,3325,-0.0560182677590088
1625,3347,-0.371899454622544
1625,3489,0.108337730905859
1625,3707,-2.2088851611663
1625,3794,-1.16061959665182
1626,1629,-0.207909494616655
1626,1630,-1.04399853815005
1626,1737,-1.52236167052856
1626,1871,-1.89739144711323
1626,2689,-0.958476041395044
1626,3006,-0.498929563318125
1626,3215,-0.542939663016478
1626,3254,-1.07056294668384
1626,3490,-0.964946948115466
1626,3491,-0.0437986106614566
1627,1633,0.175065755573439
1627,1634,-0.263279517661688
1627,1638,0.438698850509963
1627,1639,0.479953948438938
1627,1640,0.970655122603314
1627,2108,0.101534152040692
1627,2775,0.344557606014366
1627,2862,1.4915087279749
1627,2904,0.730528863888596
1627,3089,1.8226456657971
1627,3164,0.630390951389058
1627,3397,1.08585552255198
1627,3499,1.43584775844343
1627,3568,-0.688192539854812
1627,3652,0.840775599824975
1627,3730,1.70116007858585
1627,3857,0.166755135692729
1628,1640,0.558168928560953
1628,1671,-0.0810340654005675
1628,1678,-0.297595594566989
1628,1780,-0.231003806730325
1628,1934,0.421270743575542
1628,2352,-1.03981205112775
1628,2374,-0.0652063179570025
1628,2458,0.390358519216348
1628,2738,-0.0546583558572357
1628,2947,0.0465392152529237
1628,2992,-0.124465735150218
1628,3134,0.877834193904742
1628,3472,-0.0890320223882986
1628,3828,-0.733300112631088
1628,3913,0.144065857748178
1629,1642,-0.911548744475433
1629,1697,-0.822250799564417
1629,1716,-0.0171131802753491
1629,1862,-0.601818471834175
1629,1892,-1.03131983658024
1629,2584,-1.37061622585082
1629,2708,-1.51075565530479
1629,2918,-0.698744342188528
1629,3025,-0.448533556362446
1629,3147,-0.531422689370816
1629,3435,-0.502361672399849
1629,3819,-1.15301528358215
1629,3975,-1.15476639085266
1630,1631,0.607631674942326
1630,1633,-0.0883871211187478
1630,1638,0.175245973817776
1630,1640,0.707202245911128
1630,1708,0.922401303999133
1630,1905,-0.177554365952637
1630,2016,0.624080482493428
1630,2110,-0.180533679981992
1630,2518,0.863863983480609
1630,2570,0.0372548262287246
1630,2964,-0.635455130907635
1630,3461,-0.509985390077383
1630,3533,-0.196259266026524
1630,3681,0.724799407933242
1631,1632,0.562441380694301
1631,1634,-1.1343640692962
1631,1637,-0.618012173076279
1631,1639,-0.391130603195575
1631,1640,0.0995705709688016
1631,1642,-0.683091375884363
1631,1644,-2.13998838561278
1631,2314,-0.60105887778258
1631,2334,0.145079196805071
1631,2390,-0.0807974121769748
1631,2581,-0.647894433226161
1631,2641,-2.15320507622378
1631,2780,-0.770788199312135
1631,2784,0.898406696721621
1631,2816,-0.881991860557011
1631,2932,0.464032251319586
1631,3040,-1.12267029866357
1631,3067,-0.707395011173717
1631,3224,-0.152302705721275
1631,3250,-0.558697315055702
1631,3492,-0.707948899896743
1631,3771,-0.31197601842566
1632,1634,-1.6968054499905
1632,1636,-0.457536073076243
1632,1638,-0.994827081818851
1632,1640,-0.462870809725499
1632,1641,-1.39168964048594
1632,1645,-0.521515327440769
1632,1960,-0.317132915777041
1632,2020,-0.932381166271646
1632,2260,-1.05909850519783
1632,2602,-1.04371052759892
1632,2627,-2.1029176807661
1632,3001,0.270116233381526
1632,3109,-2.59912654074836
1633,1635,0.439131583090609
1633,1637,0.0780066229847953
1633,1640,0.795589367029876
1633,1644,-1.4439695895517
1633,1810,1.2854076618384
1633,1881,0.62466222075215
1633,2209,-0.781550679378151
1633,2448,0.359192952721292
1633,2490,2.16217133298302
1633,2565,1.30706959621754
1633,2661,1.29461719349491
1633,2774,1.64804632064421
1633,2787,1.59837302326275
1633,2811,-0.517989549811356
1633,2873,0.577001451898683
1633,3019,0.639354685237009
1633,3439,-0.585265113134806
1633,3961,-0.140900581170678
1634,1636,1.23926937691426
1634,1640,1.233934640265
1634,1641,0.305115809504567
1634,1643,0.306228789941473
1634,2193,0.936881201770396
1634,2301,1.06100212323476
1634,2469,0.214864083921749
1634,2505,0.895107146023323
1634,2593,2.50383567999869
1634,2888,1.53821625329188
1634,3357,0.810102970217167
1634,3433,-0.0772612622350312
1634,3805,0.688846701176094
1635,1639,-0.13424339022511
1635,1643,-0.571248066384263
1635,1644,-1.88310117264231
1635,1648,-0.100982113419576
1635,2085,-0.272698681027209
1635,2220,-0.0148190551752473
1635,2483,-1.10557333044456
1635,2615,0.123754502982486
1635,2834,-0.0655689904825226
1635,2893,0.692378385816029
1635,3207,-1.35834118238692
1635,3793,0.441799115451132
1635,3870,-0.616847174668503
1635,3901,0.631850165738239
1635,3984,0.44870449600848
1636,1639,-0.496035910813633
1636,1641,-0.934153567409692
1636,1645,-0.0639792543645262
1636,1649,-0.345205384100169
1636,1884,-0.240846256409871
1636,2040,-0.928074171903726
1636,2131,-0.177379800298283
1636,2235,-0.157745414360985
1636,2541,-1.27078547577818
1636,2587,-0.209800649674954
1636,2841,0.364386580751696
1636,3032,0.116353794336222
1636,3106,-1.19450627533362
1636,3227,-0.506095998029518
1636,3447,-0.248978666716908
1636,3695,0.109216512184651
1636,3821,-0.253762956800272
1636,3895,-1.3580118780821
1637,1641,-0.211236086715355
1637,1642,-0.0650792028080842
1637,1643,-0.210123106278449
1637,1649,0.377712096594168
1637,2002,1.42659021375445
1637,2158,0.0927923947600534
1637,2174,-0.858397960285417
1637,2481,-0.155480037137825
1637,2647,-0.746502647550935
1637,2703,-0.292144982870283
1637,2748,-0.029495487796564
1637,2963,0.865260099766365
1637,2966,1.46223389516563
1637,3498,-0.329116970983425
1637,3679,-0.520392388771803
1637,3834,0.293047105717265
1638,1639,0.0412550979289749
1638,1640,0.531956272093352
1638,1641,-0.396862558667084
1638,1642,-0.250705674759813
1638,1646,0.516740346399878
1638,1647,-0.289335315263987
1638,1648,0.074516374734508
1638,1651,-0.760249648237829
1638,1732,0.558429516769556
1638,1809,-0.512503826104641
1638,2548,-0.929766282479978
1638,2558,-0.866541884461789
1638,2593,1.80185731182704
1638,2942,0.564891001203065
1638,3246,0.475114342732165
1638,3291,0.666105697854679
1639,1640,0.490701174164377
1639,1643,-0.437004676159153
1639,1645,0.432056656449107
1639,1646,0.475485248470903
1639,2144,0.0491827391139548
1639,2511,-0.337243289252935
1639,2515,-0.235587220530603
1639,2604,-1.15423431144103
1639,2744,-0.62242256628532
1639,2838,0.24066199996644
1639,2891,0.300783892924228
1639,3316,-0.490881712793548
1639,3513,-0.444734902934517
1639,3519,-0.697295516323502
1639,3767,-0.0772985553347189
1639,3876,-0.299242551273985
1639,3969,0.203433155114666
1640,1641,-0.928818830760436
1640,1643,-0.92770585032353
1640,1644,-2.23955895658158
1640,1645,-0.05864451771527
1640,2164,-0.0208842724710163
1640,2895,0.143400786137026
1640,3155,-0.740616686215642
1640,3365,0.225884794237822
1641,1643,0.0011129804369059
1641,1644,-1.31074012582114
1641,1649,0.588948183309523
1641,1650,0.307293254511281
1641,1652,0.927171830591606
1641,1864,0.52585714601833
1641,1866,0.90668832360376
1641,2355,1.25992970449809
1641,2552,0.16230877956678
1641,2577,0.569757352133671
1641,3088,0.327448664798751
1641,3229,-0.166469233133541
1641,3273,-0.435698800661896
1641,3383,0.338304638518764
1641,3850,0.814421659542075
1642,1649,0.442791299402252
1642,1651,-0.509543973478015
1642,1654,0.0281329474544152
1642,1748,0.701117524697021
1642,1938,-1.14994050608426
1642,1945,0.481879268694153
1642,2084,0.382701171950865
1642,2203,-1.3514699231027
1642,2326,0.602612698770071
1642,2693,0.727102662264415
1642,2749,1.53650301732199
1642,2808,0.161678347039819
1642,3273,-0.581855684569167
1642,3615,-0.168015846986088
1642,3763,-0.952303015518379
1642,3882,1.99617995387461
1643,1647,0.106414262966192
1643,1650,0.306180274074375
1643,1651,-0.36450007000765
1643,1652,0.9260588501547
1643,1654,0.17317685092478
1643,1959,1.17219118428334
1643,2303,1.13935501005207
1643,2343,1.05230949678567
1643,2380,-0.191646612032059
1643,2770,0.177052069610631
1643,3373,1.40187337095545
1643,3391,1.3419753508208
1643,3788,1.01043817408873
1644,1645,2.18091443886631
1644,1646,2.22434303088811
1644,1647,1.41826736922424
1644,1651,0.9473530362504
1644,1653,1.02120987717656
1644,1655,1.39354551415301
1644,2214,2.19231067356891
1644,2220,1.86828211746707
1644,2305,2.02292113992823
1644,2807,2.17491794992453
1644,2842,1.27744265043663
1644,2909,2.09534729838749
1644,2911,1.56824123900542
1644,2943,0.476257117436706
1644,3035,1.77040992290114
1644,3397,2.35475935653024
1644,3531,1.04297727649026
1644,3620,0.811133644841947
1644,3925,3.14627458248558
1645,1650,-0.562881058533885
1645,1651,-1.23356140261591
1645,1656,-1.52193804479098
1645,1658,0.0266379414208195
1645,1816,-0.703612777935445
1645,2055,-0.847648029220696
1645,2177,-0.885470242068199
1645,2275,0.637889570607402
1645,2338,0.185558465985311
1645,2417,-0.194001924636076
1645,2454,-1.43462844953304
1645,2836,-0.242671807629314
1645,2987,0.826206008623333
1645,3136,0.325076943988527
1645,3278,-0.0778198190919246
1645,3421,-1.19772751702694
1645,3474,-1.57653884701758
1645,3511,0.110762036949229
1645,3575,-1.89927322801684
1645,3981,0.0631352171917441
1646,1649,-0.324654721757439
1646,1650,-0.606309650555682
1646,1652,0.0135689255246437
1646,1653,-1.20313315371154
1646,1656,-1.56536663681277
1646,2931,-0.321026969747731
1646,3025,-0.304430833046704
1646,3179,-0.438203347280291
1646,3308,-0.241055170405987
1646,3601,0.0917018924379601
1646,3714,-1.19329852534883
1647,1648,0.363851689998495
1647,1657,-1.55389360940958
1647,1660,-0.573080227598392
1647,1736,0.95584561442107
1647,1737,-0.364273790932302
1647,1743,-0.129307846845446
1647,1980,1.57717134053311
1647,1998,0.54649322903688
1647,2418,-0.177486952902588
1647,2685,1.22369230954601
1647,2907,0.659460775607735
1647,3035,0.352142553676895
1647,3296,1.06584280448021
1647,3310,1.20743738447727
1647,3428,0.312375425371568
1647,3483,0.639376520012417
1647,3789,0.317891719993101
1648,1651,-0.834766022972337
1648,1653,-0.760909182046174
1648,1655,-0.38857354506973
1648,1657,-1.91774529940808
1648,1823,-0.287728327291213
1648,1867,0.212637988222965
1648,2222,-0.814147786767558
1648,2746,1.16809028777352
1648,3000,0.953332598594213
1648,3300,-0.866832664001674
1648,3354,0.435605581061714
1648,3681,0.475037059380957
1649,1657,-2.03531454931601
1649,1807,-1.66102035642506
1649,1810,0.829688942259437
1649,1889,-0.686767073238416
1649,2123,-0.685919992865507
1649,2287,-0.35300269263567
1649,2502,-0.323547380037127
1649,2569,-0.849242196223022
1649,2613,-0.329697252499094
1649,2681,0.220238549344936
1649,2775,-0.286226869138036
1649,2820,0.123912148085798
1649,3340,-0.0702115080222209
1649,3473,-0.244248260686531
1649,3567,-1.27763559177629
1649,3617,-0.316894735544155
1650,1656,-0.959056986257093
1650,1657,-1.75365962051777
1650,1661,0.141575009185949
1650,1836,0.697167246440007
1650,2087,1.25411108780535
1650,2103,-0.490153742617215
1650,2109,-0.474953528286509
1650,2199,0.978911596124463
1650,2242,-0.373191511679141
1650,2330,-0.314086711479391
1650,2843,0.639799405544772
1650,3021,0.0117626907635239
1650,3232,-0.100147134351904
1650,3455,0.269659721924892
1651,1655,0.446192477902606
1651,1659,1.7714346955063
1651,1858,0.593920962548473
1651,2020,0.822695563785034
1651,2054,-0.5263982243002
1651,2291,0.256546698915189
1651,2476,0.860883053631086
1651,2543,1.01138269417072
1651,2559,0.794282849844814
1651,2566,0.0622071156505698
1651,2770,0.541552139618281
1651,2983,1.01479639160699
1651,3072,0.656186742415225
1651,3206,1.58382278962014
1651,3356,1.05598471814952
1651,3852,0.845470561718682
1652,1655,-0.844366442259744
1652,1661,-0.478303566894376
1652,1664,0.573403663092398
1652,1665,0.0899337428637571
1652,2117,0.597194336616876
1652,2174,-1.57433370416167
1652,2268,-0.459827090485199
1652,2364,0.157174003736907
1652,2652,0.615920883205107
1652,2660,-1.32939482059891
1652,3462,-0.397916543774933
1652,3609,-0.85181376671845
1652,3814,-1.14571154991546
1652,3896,-0.311019241947865
1653,1655,0.372335636976444
1653,1659,1.69757785458014
1653,1664,1.79010574232859
1653,1726,0.772913958090231
1653,1840,0.73280609057719
1653,1865,2.08254045929564
1653,2258,2.10313086609636
1653,2277,-0.110715667221253
1653,2471,0.131899972559614
1653,2594,-0.56064678965008
1653,2820,1.0023905800399
1653,3394,0.81150627989804
1653,3442,0.480834135652208
1653,3864,-0.127822750148691
1654,1655,-0.0914844430298244
1654,1657,-1.62065619736817
1654,1661,0.274578432335543
1654,1666,0.88401478097116
1654,1774,0.0854969455173662
1654,2186,0.537261297432493
1654,2274,0.137095107659146
1654,2947,0.24289928609072
1654,3337,0.441096503327569
1654,3360,0.786703577077888
1654,3569,-0.216088828186684
1654,3708,0.418009903963731
1655,1656,-0.734569120077674
1655,1657,-1.52917175433835
1655,1658,0.814006866134123
1655,1659,1.3252422176037
1655,1667,0.309463806812681
1655,1668,1.31226864538023
1655,1771,-1.0100945952643
1655,1875,-0.559381312716066
1655,1895,0.163032588479613
1655,2226,-0.335655779966182
1655,2386,0.951395368663867
1655,2541,-0.419437296700348
1655,2657,-0.32992801231054
1655,3895,-0.506663699004265
1656,1667,1.04403292689036
1656,1691,-0.509693875959003
1656,1887,-0.540078081132718
1656,1900,-0.220246329927097
1656,1948,1.11635441097885
1656,1953,1.84104912578339
1656,2042,-0.0722295310644994
1656,2079,0.0372247477105448
1656,2124,-0.258348806336388
1656,2291,0.544923341090257
1656,2316,-0.664329907911594
1656,2454,0.0873095952579433
1656,2673,-0.0751222918424583
1656,2681,1.46095046440027
1656,2704,0.718220840426346
1656,2828,1.877889440021
1656,3386,1.32662723959375
1656,3411,1.08575738696286
1656,3484,0.115894546507813
1656,3880,0.5383443548043
1657,1658,2.34317862047247
1657,1662,2.33938993856476
1657,1663,1.346885181122
1657,1664,2.94694185969049
1657,1668,2.84144039971857
1657,1669,3.10612009784542
1657,1971,2.05242979124728
1657,2172,0.685361782818916
1657,2248,2.47668178315661
1657,2286,1.02060321859353
1657,2404,2.22334576278127
1657,2633,1.99190727706604
1657,3022,0.985992142889107
1657,3165,1.35814790048467
1657,3425,1.5219249670304
1657,3628,2.64157539352813
1658,1660,-1.36236523866128
1658,1666,0.161492357866861
1658,1667,-0.504543059321442
1658,2516,0.688761465466084
1658,2582,-0.56482480588174
1658,2713,0.0138558813596665
1658,2832,0.158756342367327
1658,2986,-1.47618135804029
1658,2993,-1.04137638709058
1658,3117,-0.960200123325624
1658,3428,-0.476909585691319
1658,3537,-0.708576336193774
1658,3659,-0.45935795456119
1659,1662,-0.515024033377286
1659,1663,-1.50752879082004
1659,1664,0.0925278877484437
1659,1665,-0.390942032480197
1659,1666,-0.349742993602714
1659,1671,-1.11843176913665
1659,1672,-1.29407274268537
1659,1812,-0.974097413234826
1659,1871,-2.03982393004943
1659,2584,-1.72095820340368
1659,2590,-1.31606945922418
1659,2610,-1.55168535906538
1659,2621,-1.1444368041128
1659,2679,-0.723486046039663
1659,2794,-1.08546085586015
1659,3071,-0.995057743841191
1659,3270,-0.527187724366617
1659,3616,-1.45813291875467
1660,1664,1.9661284778793
1660,1665,1.48265855765066
1660,1667,0.857822179339838
1660,1669,2.12530671603423
1660,2118,1.29626839932985
1660,2184,0.77536267862965
1660,2290,1.37475969714516
1660,2641,-0.858403832236848
1660,2696,1.12512089645554
1660,2876,0.0894206107386971
1660,2945,0.985743159559302
1660,3091,1.19685843499276
1660,3181,0.461031747942427
1660,3298,0.832750177856056
1660,3360,1.42654639263487
1661,1662,0.444155308861044
1661,1663,-0.548349448581709
1661,1664,1.05170722998677
1661,1669,1.21088546814171
1661,1671,-0.159252426898315
1661,1673,0.489890541136601
1661,1861,-0.0799653761975867
1661,1900,-1.32087832537014
1661,2591,-0.0233642567795294
1661,2837,-1.16277823956324
1661,3130,0.221593300535525
1661,3179,0.0265312940894414
1661,3183,1.30256842276478
1661,3204,-0.142083876039676
1662,1663,-0.992504757442753
1662,1664,0.60755192112573
1662,1671,-0.603407735759359
1662,1972,-0.880069503700163
1662,2088,-0.79047986730823
1662,2175,-0.360499455876715
1662,2210,-0.327375743283057
1662,2229,0.0836516200320871
1662,2333,-1.8197278985244
1662,2702,-0.771048332139144
1662,2877,-2.02495501739921
1662,2951,-1.40069686431555
1662,3139,-0.736226093016188
1662,3198,-0.211102830119042
1662,3260,-1.26186755978974
1662,3361,-0.877443414421528
1662,3555,0.116915471075919
1662,3800,-0.951818945587441
1662,3839,-0.713957568871507
1662,3911,0.670119579412032
1663,1665,1.11658675833984
1663,1666,1.15778579721733
1663,1668,1.49455521859657
1663,1669,1.75923491672342
1663,1675,0.784416307983936
1663,1677,-0.105878009388802
1663,1944,0.104536431003169
1663,2732,0.492824590784134
1663,3292,1.46729460794655
1663,3362,1.06791754303509
1663,3579,-0.0684982658447771
1663,3875,1.09341329548263
1664,1668,-0.105501459971916
1664,1670,-0.791059099967891
1664,1672,-1.38660063043382
1664,1674,-1.01260366632729
1664,1675,-0.815640370584547
1664,1676,0.363885182119838
1664,1847,-0.490297338012609
1664,1944,-1.49552024756531
1664,2358,-1.16618143754328
1664,2520,-2.09761878104349
1664,2561,-0.903872583286399
1664,2699,-1.50624612311962
1664,2888,-0.267475049896696
1664,3134,-0.252091397579779
1664,3309,-0.614734411584101
1664,3804,-0.345346050285744
1665,1673,-0.0783467686215327
1665,1703,-1.12528259215131
1665,1709,-0.81562597026632
1665,1719,-0.599382825888439
1665,1999,0.549694714645977
1665,2107,-0.784260512986833
1665,2236,-1.85268892808658
1665,2758,-0.705230985486516
1665,3038,0.98858176344905
1665,3323,0.2994668658957
1665,3439,-1.46914122285961
1665,3522,-0.509893132428673
1665,3776,-1.59414832440351
1665,3903,-1.34928398136865
1666,1668,0.336769421379241
1666,1677,-1.26366380660613
1666,1708,0.0857132765155946
1666,1947,-1.98548195213784
1666,2051,-1.41272979903456
1666,2099,0.0996801346527345
1666,2133,-0.558452734219424
1666,2424,-2.12902397841894
1666,2454,-1.62275874882072
1666,2526,-0.134445514679616
1666,2792,0.140840311164133
1666,3093,-1.94592524270112
1666,3166,-0.527612909061132
1666,3209,-0.856998127429369
1666,3408,-0.159400521791609
1666,3561,0.839591691170904
1666,3613,-0.507711750580676
1667,1668,1.00280483856754
1667,1671,-0.102653358345629
1667,1845,1.04886051466069
1667,1847,0.618008960526851
1667,2211,-1.61572604036222
1667,2442,-0.117569296356521
1667,3042,-0.974208840204157
1667,3143,0.0080196221484508
1667,3281,0.227819881576392
1667,3319,-0.190642197671722
1667,3647,-0.104924091837689
1667,3971,-0.524522830004213
1668,1671,-1.10545819691317
1668,1674,-0.907102206355372
1668,1681,-0.574513169809344
1668,1692,-0.886420627999242
1668,1705,-1.46190105095394
1668,2135,-0.811536208652715
1668,2401,-0.744953627450564
1668,2423,-0.766643541629722
1668,2869,-0.432353761093159
1668,2909,-0.610466861145738
1668,3232,-1.18792791355271
1668,3771,-0.877801792346113
1668,3930,-0.838909877771545
1668,3974,-1.3219057567236
1669,1672,-1.54577886858875
1669,1673,-0.720994927005107
1669,1674,-1.17178190448222
1669,1675,-0.974818608739481
1669,1676,0.204706943964904
1669,1677,-1.86511292611222
1669,1888,-1.8617952367735
1669,2094,-1.51829891898609
1669,2342,-0.770209767748104
1669,3277,-0.974845418757662
1669,3313,-1.85279729563922
1669,3592,-1.0706539511055
1669,3634,-0.51408471671023
1670,1674,-0.221544566359397
1670,1676,1.15494428208773
1670,1827,-0.734473047938268
1670,2161,0.756901727805831
1670,2236,-1.54509974834733
1670,2509,-0.248977717662869
1670,2584,-1.02242699118423
1670,2856,-0.962498151546297
1670,3486,0.509277516536617
1670,3534,-0.658939741910711
1670,3595,1.02807134688029
1670,3644,-0.41672845180356
1670,3770,-1.09894905841118
1671,1672,-0.175640973548728
1671,1676,1.57484483900493
1671,1679,0.539920136710115
1671,1683,0.12234445788334
1671,1701,-0.121677992962814
1671,1763,0.628428084189131
1671,2575,-0.276966597593262
1671,2870,-0.885165435642271
1671,2912,-0.116135523545382
1671,3289,0.257461171846645
1672,1676,1.75048581255365
1672,1679,0.715561110258843
1672,1759,-0.475852750536138
1672,1989,0.706128466763677
1672,2458,0.647033558165644
1672,2859,0.471767434727955
1672,2919,0.22265993381978
1672,3140,0.170526474234625
1672,3250,0.156576081485745
1672,3717,0.34194992825099
1673,1676,0.925701870970011
1673,1677,-1.14411799910711
1673,1682,0.252526528136343
1673,1876,-0.46414312556781
1673,1910,-1.27734708464739
1673,2033,0.452288411345073
1673,2565,0.501540255114273
1673,3001,0.723047069033631
1673,3210,1.80992970931258
1673,3336,-0.242956310842257
1673,3725,-1.30830694375044
1673,3927,-0.498631869636645
1674,1675,0.196963295742741
1674,1677,-0.693331021629996
1674,1680,0.0691642772465227
1674,1686,-0.487746310201296
1674,1703,-0.596148846052666
1674,1713,0.933354544831917
1674,2494,1.13517179664692
1674,2674,0.288897206528102
1674,3049,0.176225115119948
1675,1678,-0.611880815466962
1675,1680,-0.127799018496218
1675,1685,-0.138898515645293
1675,1686,-0.684709605944038
1675,1688,-0.320370268182186
1675,1756,-0.300768467046246
1675,1816,-0.518373587989736
1675,1828,-0.0624746061570067
1675,2049,-0.353069142199352
1675,2117,0.839431044109026
1675,2281,-0.343317528830521
1675,2327,-1.1079548575449
1675,2556,-1.10160466642906
1675,3051,0.169582055572534
1675,3338,-1.57979030161482
1675,3364,-1.69714529577634
1675,3387,-0.744992087988402
1675,3602,0.812668750444222
1675,3735,-0.688413759541439
1675,3973,0.18458995844187
1676,1679,-1.03492470229481
1676,1681,-1.0438998119011
1676,1683,-1.45250038112159
1676,1685,-1.31842406834968
1676,1686,-1.86423515864842
1676,1689,-1.75557570588885
1676,1763,-0.946416754815795
1676,1818,-1.93477257561626
1676,1877,-1.94164870216931
1676,1893,-1.85368856483071
1676,2061,-1.07833960060201
1676,2162,-1.24820545369583
1676,2180,-0.933803655805892
1676,2198,-1.40913020872423
1676,2367,-1.10049807141213
1676,2481,-1.80870462622631
1676,2488,-0.660044287975974
1676,2808,-1.55662544485675
1676,3075,-2.41528974080613
1676,3311,-0.970951844870029
1676,3499,-0.470449209203286
1676,3927,-1.42433374060666
1677,1682,1.39664452724345
1677,1684,-0.634566862889748
1677,1686,0.2055847114287
1677,1688,0.569924049190551
1677,2171,0.648563120302689
1677,2418,0.135399484773791
1677,2518,1.2908397626032
1677,3362,1.1737955524239
1677,3843,-0.0232515153692836
1678,1681,0.74750655627025
1678,1689,0.0358306622824955
1678,1917,-0.305435221290496
1678,1939,0.900050443769926
1678,2516,1.51251941229958
1678,2621,0.190556494190265
1678,3225,0.830406904290544
1678,3471,1.2276970632466
1678,3505,1.03363950672874
1678,3736,0.324723641074408
1678,3753,0.297606085459864
1678,3926,0.881357621790779
1679,1680,-0.272399868905792
1679,1684,-1.66946203067206
1679,1686,-0.829310456353611
1679,1689,-0.72065100359404
1679,1690,-0.777673148906477
1679,2815,-0.964457398276654
1679,2959,-1.66251768195992
1679,3015,-1.32364243216659
1679,3587,-0.792735280160115
1679,3885,-0.319458156315553
1679,3935,-1.38993186333976
1680,1684,-1.39706216176627
1680,1685,-0.0110994971490747
1680,1948,-0.0925454253701999
1680,2122,-0.666250661431988
1680,2396,-1.29106919032634
1680,2421,-0.612485421082107
1680,2548,-1.09003982841613
1680,2801,-1.06474884700616
1680,2964,-0.970974650661564
1680,3020,0.976609741900094
1680,3106,-0.817488812527165
1680,3159,0.485125318458239
1680,3368,0.49890129382478
1680,3672,-0.604152939707285
1680,3813,-0.579831140989864
1681,1684,-1.66048692106577
1681,1719,-0.40283811633582
1681,1736,0.242811993921424
1681,1756,-0.436394207849533
1681,1844,-0.710939448719283
1681,1910,-1.15914914371631
1681,2183,-1.3340924072304
1681,2615,-0.124445314099089
1681,2802,-1.70418400054512
1681,2994,0.105206302420832
1681,3157,-0.138217995609306
1681,3362,0.14787549424787
1681,3588,-0.305524798208966
1682,1685,-0.64524872551601
1682,1686,-1.19105981581475
1682,1688,-0.826720478052903
1682,1693,0.200179868537545
1682,1694,-1.02207545940423
1682,2222,-1.53405418633614
1682,2364,-0.10693949864166
1682,2500,-0.444096319440883
1682,3038,0.81440200393424
1682,3191,-0.0408329890692726
1682,3570,0.375548423198638
1682,3862,0.463419307210924
1683,1687,-0.337629915061615
1683,1688,-0.0473954397649842
1683,1694,-0.242750421116312
1683,1695,0.343946704973542
1683,1894,0.389748703094088
1683,2099,0.746024452303327
1683,2150,1.20657744326656
1683,2270,0.57689406953461
1683,2356,-0.708197639395934
1683,2871,0.131956473337016
1683,2955,1.26782357477417
1683,3014,-0.493041381965111
1683,3296,0.761409753201057
1683,3350,-0.25134034040503
1683,3370,0.579322474886161
1683,3808,1.4520870405091
1684,1685,1.38596266461719
1684,1686,0.840151574318448
1684,1687,0.914256436783669
1684,1689,0.948811027078019
1684,1697,1.07538088598132
1684,1709,1.04140566035207
1684,1896,2.39415125101527
1684,2007,2.44892241085416
1684,2016,1.68562312450577
1684,2492,1.32147585408877
1684,2495,0.898480487191469
1684,2506,1.25917810060897
1684,2825,0.777117356600919
1684,3220,0.742498930474584
1684,3644,1.13271399907558
1684,3780,1.11384778876433
1684,3878,0.76296689219975
1684,3963,2.53495735199939
1685,1688,-0.181471752536893
1685,1689,-0.437151637539174
1685,1693,0.845428594053555
1685,1697,-0.310581778635875
1685,1698,0.616563815745211
1685,1786,0.521558696586118
1685,1830,1.11505041269557
1685,1942,0.60254786364943
1685,2056,0.493109264302464
1685,2886,0.464123955951373
1685,2986,-1.12540571102846
1685,3160,-1.22166703812278
1685,3432,-0.789763451712828
1685,3727,-0.0032994267958951
1686,1687,0.0741048624652208
1686,1696,-1.28005868840219
1686,1699,1.18258003133691
1686,1715,0.941827335581486
1686,1742,-0.934620774070255
1686,1925,-0.798145845966903
1686,1979,0.442412650658258
1686,2057,0.626822013568492
1686,2257,0.621893490851061
1686,2670,-0.37155133474043
1686,3009,-1.77120966954376
1686,3058,1.00970939157319
1686,3068,-1.44239943552204
1686,3148,0.563713998355234
1686,3373,1.40276083423694
1686,3555,1.00971352647877
1686,3938,0.487227051041759
1687,1692,0.434323026092206
1687,1693,1.31713482188708
1687,1694,0.0948794939453026
1687,1697,0.161124449197648
1687,1752,0.0688117362617461
1687,1869,-0.289933593990119
1687,1884,0.618976931379181
1687,2086,1.01333919885864
1687,2147,0.312446561596834
1687,2356,-0.370567724334319
1687,2526,0.849528718032591
1687,3396,-1.03577101962579
1687,3839,0.104735624066127
1688,1690,-0.312702030314717
1688,1693,1.02690034659045
1688,1701,-0.196627011081169
1688,2255,1.27988608179361
1688,2324,0.307118982888683
1688,2399,-0.0570188958956864
1688,2493,0.407342196691515
1688,2568,-0.428690999491273
1688,2787,1.36703763207604
1688,3381,-0.0806417966382364
1688,3497,-0.368726579384806
1688,3725,-0.734112993833876
1688,3740,0.251217641825425
1688,3773,0.306543007492723
1688,3823,-0.0268561184920283
1688,3886,-0.880022065882555
1689,1691,-1.27034257761981
1689,1692,0.399768435797856
1689,1694,0.0603249036509529
1689,1702,0.638013503328044
1689,1723,0.530064448581644
1689,1937,-0.428535606493327
1689,2011,0.970594485963645
1689,2083,-0.436348779716179
1689,2089,0.642473601864739
1689,2144,0.378415425795025
1689,2269,1.26512692808952
1689,2586,0.275486903680091
1689,2615,0.587230579888665
1689,2751,0.018584261650191
1689,2845,-0.391344888829658
1689,3141,1.12588053448281
1690,1692,0.456790581110292
1690,1696,-1.33169599584933
1690,1697,0.183592004215735
1690,1700,0.0349496875246067
1690,1701,0.116075019233548
1690,1703,-0.160039843298504
1690,1776,0.0078668065434056
1690,2073,0.810011949584065
1690,2247,0.0590707796098166
1690,2333,-0.978567150568678
1690,2907,0.715125194408279
1690,3053,-0.332848998510931
1690,3166,0.478828878669162
1690,3825,0.938932455048811
1690,3968,-2.31069288587054
1691,1692,1.67011101341766
1691,1696,-0.11837556354196
1691,1700,1.24827011983198
1691,1902,1.06142543019111
1691,2002,2.79928390817462
1691,2286,0.735694460291858
1691,2691,1.50569342353524
1691,2699,1.1557869782692
1691,2856,0.908475849874631
1691,3031,1.88648144534791
1691,3219,2.53893479114236
1691,3255,2.24736701938778
1692,1698,0.653947017486529
1692,1699,0.674152142779482
1692,1700,-0.421840893585686
1692,1701,-0.340715561876744
1692,1703,-0.616830424408796
1692,1939,0.464451345689575
1692,1977,-0.386618573327646
1692,2290,0.40055330723702
1692,2368,-0.708021268662419
1692,2862,0.941019030419177
1692,2867,-1.1536126469383
1692,2943,-1.34313641409728
1692,3366,-0.61400838660854
1692,3382,0.143731663457177
1692,3523,-0.520427647950977
1692,3653,-1.14499653938053
1692,3842,-0.386531817918416
1692,3939,0.225197014645763
1693,1700,-1.30465268938056
1693,1701,-1.22352735767162
1693,1705,-1.45829221874957
1693,1738,-0.805402120195953
1693,1753,-2.21879895726071
1693,1832,-1.86782640076419
1693,2325,-1.37198965578895
1693,2657,-1.6385878254864
1693,2688,-1.2392001903039
1693,2731,-0.352961781491179
1694,1699,1.01359567492639
1694,1700,-0.0823973614387826
1694,1701,-0.0012720297298411
1694,1703,-0.277386892261893
1694,1802,0.78712598394121
1694,1821,-0.501933507331144
1694,1835,0.528047371166565
1694,1943,0.00685289510685
1694,2166,1.57389327049617
1694,2205,-0.708293168634563
1694,2566,-0.470389847486117
1694,2690,0.779219098270241
1694,2978,-0.184762932421279
1694,3239,0.329439118787753
1694,3350,-0.0085899192887178
1694,3439,-0.621245522970189
1694,3602,1.32839399997774
1694,3605,0.259760766138183
1694,3724,-1.04910330672894
1694,3853,-1.02879178507339
1694,3961,-0.17688099100606
1695,1698,0.406693423543577
1695,1704,0.506528755947879
1695,1705,-0.822734016897649
1695,1706,-0.256873786078945
1695,1748,0.0913674089484956
1695,2025,-1.54109636901551
1695,2243,-1.20342854989353
1695,2395,-0.644215076011317
1695,2420,-1.66677326327601
1695,2609,-0.04659698003823
1695,2683,-0.873868044370042
1695,2814,-0.898399856174163
1695,3386,-0.0810434918078549
1695,3663,0.282737912555506
1696,1701,1.44777101508288
1696,1704,2.54226892685045
1696,1927,1.04588916937753
1696,1952,2.29364983237574
1696,2037,2.01534340983486
1696,2211,0.0563763260290972
1696,2240,1.86887788315288
1696,2350,2.35025322519649
1696,2613,1.53908410205721
1696,3045,1.31492628901788
1696,3151,0.169569717778182
1696,3310,2.59479779912714
1697,1698,0.927145594381086
1697,1699,0.947350719674039
1697,1703,-0.343631847514238
1697,1705,-0.30228184606014
1697,1706,0.263578384758564
1697,1709,-0.0339752256292451
1697,1787,-0.0260600632232383
1697,2006,0.0503235864644919
1697,2207,-1.16812439580931
1697,2555,1.23935154547089
1697,2602,0.112524284068724
1697,3192,0.315297340414697
1697,3209,-0.0341483439148101
1697,3223,0.0711926150057783
1698,1699,0.0202051252929533
1698,1700,-1.07578791107221
1698,1701,-0.994662579363273
1698,1865,0.630409787451687
1698,1993,-1.23667452923894
1698,2049,-0.83073444229927
1698,2288,-0.515872083195784
1698,2526,-0.238741325546144
1698,2531,-0.782855360524122
1698,2542,-0.559205529400133
1698,3029,-0.101245915199198
1698,3339,-0.188525981271609
1699,1700,-1.09599303636517
1699,1704,0.0796302071113487
1699,1705,-1.24963256573418
1699,1709,-0.981325945303284
1699,1712,-1.51757439358566
1699,1779,-1.5301790357837
1699,2114,-1.21834513125528
1699,2157,-2.74628314304227
1699,2160,-0.656889319781872
1699,2409,0.426377749450393
1699,2715,-0.0245928599652001
1699,3040,-1.47622758736426
1699,3181,-1.1873267847452
1699,3396,-2.14424618849748
1699,3700,-1.22357001504337
1699,3745,-1.3787386241382
1699,3837,-0.134270345207599
1700,1701,0.0811253317089415
1700,1702,0.660085961115873
1700,1703,-0.19498953082311
1700,1705,-0.153639529369012
1700,1706,0.412220701449692
1700,1708,1.05720537672128
1700,1709,0.114667091061883
1700,1713,1.33451386006147
1700,2425,1.59211597487238
1700,2520,-0.683855799486651
1700,3175,1.11732010628798
1700,3273,-0.522511312789056
1700,3361,-0.0712323539904135
1700,3727,0.455924668531108
1701,1707,1.02782832405589
1701,1710,0.66973886089863
1701,1757,0.655799310065574
1701,1870,-0.730997655669128
1701,2118,0.662777571298459
1701,2195,-0.0926423465936777
1701,2215,-0.426324681906626
1701,2540,-0.328794051658461
1701,2675,-0.0068143079566403
1701,2754,0.111733269464557
1701,2961,-0.901718728410649
1701,2985,0.468180603900257
1701,3303,0.464370186364835
1701,3423,1.09676441407199
1701,3577,0.394192182220141
1701,3852,0.314145628311837
1702,1707,0.448867694648957
1702,1708,0.397119415605408
1702,1710,0.0907782314916987
1702,1712,-1.08166731833636
1702,1713,0.674427898945599
1702,1714,0.582124189509125
1702,1791,-0.889325031131036
1702,1837,-1.55914008890961
1702,2656,0.325753555121083
1702,2727,-0.397018418665277
1702,3217,-1.31660817031072
1702,3483,5.29017248193219e-06
1702,3502,-0.664316590297492
1702,3504,-1.46419824066099
1702,3882,1.39543836453885
1702,3925,1.0886359834214
1703,1705,0.0413500014540983
1703,1708,1.25219490754439
1703,1709,0.309656621884993
1703,1710,0.945853723430682
1703,1711,1.29663975191439
1703,1715,1.05022987143286
1703,1726,0.5915607281416
1703,1734,0.761793501739954
1703,2040,0.114256414201916
1703,2380,-0.0823566128992025
1703,2723,-0.340844501328008
1703,2981,0.96785300473993
1703,3117,0.0447891498363126
1703,3446,-0.420800243034729
1703,3516,-0.866276715027334
1703,3816,-0.431064428289306
1703,3911,1.67132017066626
1704,1705,-1.32926277284553
1704,1707,-0.0666695877116858
1704,1709,-1.06095615241463
1704,1710,-0.424759050868944
1704,1711,-0.0739730223852414
1704,1713,0.158890616584956
1704,2028,-0.815283611369036
1704,2300,-1.93411681743931
1704,2395,-1.1507438319592
1704,2507,-1.36683348927346
1704,2625,-1.77339530911097
1704,2781,-1.9275311113793
1704,3087,-1.08561483779459
1704,3180,-0.215511277064176
1704,3258,0.156632982793069
1704,3450,-1.65347039290678
1704,3513,-1.26905300194213
1704,3560,-0.196890986232827
1704,3781,-0.0453403769925855
1705,1707,1.26259318513384
1705,1714,1.39584967999401
1705,1715,1.00887986997876
1705,1717,0.844075029994845
1705,2232,0.79734524075469
1705,2313,-0.747834334442586
1705,2409,1.67601031518457
1705,2490,2.36222781395543
1705,2703,-0.014081878913075
1705,3158,1.95176814390031
1705,3215,0.789502477224734
1705,3285,-0.164603911403078
1705,3452,-0.28343456441349
1705,3615,0.0449680541630357
1705,3827,0.668299550215619
1706,1707,0.696732954315138
1706,1708,0.644984675271589
1706,1710,0.33864349115788
1706,1716,0.541559234530504
1706,1717,0.278214799176141
1706,1719,-0.0813104660099283
1706,2052,0.489743809446891
1706,2143,0.95037462992762
1706,2266,-1.27529265514558
1706,2529,-0.563682348842155
1706,3507,1.43892232134415
1706,3537,-0.31079729530464
1706,3561,1.3988630899269
1707,1710,-0.358089463157258
1707,1711,-0.0073034346735556
1707,1758,-1.80598271979603
1707,2122,-1.30488072472074
1707,2202,-0.36777682701114
1707,2239,-0.195359686070367
1707,2336,-0.226116986957011
1707,2839,0.0315358154989479
1707,2843,-0.248673507835937
1707,3306,0.338506202892876
1707,3501,-1.4966867454005
1707,3595,0.541821572704414
1708,1711,0.0444448443699934
1708,1713,0.277308483340191
1708,1717,-0.366769876095448
1708,1721,-1.44391715626682
1708,2173,0.664844729411409
1708,2238,-0.443275617756085
1708,2538,0.442453614627454
1708,2797,-0.360610711461492
1708,2914,-0.529920860564882
1708,3413,-0.943147699220752
1708,3452,-1.49427947050378
1708,3736,-0.746239940141539
1708,3851,-0.325004838603817
1708,3948,-0.12521791910123
1708,3973,-0.274492807307115
1709,1712,-0.536248448282373
1709,1713,1.21984676899959
1709,1716,0.839112844918313
1709,1718,1.34826611613435
1709,1986,0.0057177136281531
1709,2975,-0.653852411408664
1709,3381,0.0824434550899912
1709,3660,-0.0447246062133196
1710,1711,0.350786028483703
1710,1713,0.5836496674539
1710,1715,0.104376148002173
1710,1717,-0.0604286919817388
1710,1718,0.712069014588661
1710,1720,-0.0492483563822099
1710,1738,-0.251613623422966
1710,1794,-1.10800847593214
1710,2119,0.305358998784791
1710,2387,-1.4548697134298
1710,2419,-0.832678433355109
1710,2473,-0.770526781254019
1710,2579,-0.719084350184943
1710,2670,-1.20900252231974
1710,2713,0.0729914310909204
1710,2850,-0.693077164487781
1710,3737,-0.90784297695209
1711,1712,-1.52323157831176
1711,1720,-0.400034384865913
1711,2167,-0.988363145479751
1711,2616,-0.762125886207259
1711,2659,-0.0497767370859446
1711,2665,-0.0322340611705433
1711,2861,-1.53981123142141
1711,3114,-1.1535406458324
1711,3213,-1.98057438658813
1711,3628,0.0067462943032125
1711,3711,-0.283416243764938
1711,3817,-0.624771664289919
1711,3873,-1.03322070259558
1712,1716,1.37536129320069
1712,1717,1.11201685784632
1712,1721,0.0348695776749524
1712,2027,1.15631105794047
1712,2114,0.299229262330376
1712,2189,1.4694070242161
1712,2599,0.342799869487158
1712,2724,-0.996803383162317
1712,3459,0.96128624059077
1712,3551,0.674456790596768
1712,3710,1.16642591530433
1712,3712,1.17819473627845
1712,3894,0.629441145520073
1713,1717,-0.644078359435639
1713,1721,-1.72122563960701
1713,1722,-0.859989044322384
1713,1725,-0.0279229257087527
1713,1726,-0.937942662742983
1713,1731,-0.594897277034288
1713,2180,-0.490669352190683
1713,2417,-0.745153983779542
1713,2802,-2.30494950883101
1713,3454,-0.77517706716298
1713,3556,0.503881907606907
1713,3794,-1.5151834028242
1713,3954,-0.936129393554803
1714,1715,-0.386969810015253
1714,1716,-0.288430214644803
1714,1718,0.220723056571234
1714,1719,-0.911299915185235
1714,1721,-1.62892193017054
1714,1723,-0.690073244255525
1714,1727,-1.77598745561385
1714,2105,-1.66938610552302
1714,2217,-0.603455192480856
1714,2808,-1.02118743180507
1714,2903,-0.387915128579843
1714,2982,-1.10631420524138
1714,3209,-1.12771617784868
1714,3275,-0.824155454066477
1714,3301,-0.841182806730316
1714,3354,-0.422038148288852
1714,3442,-1.13771877574453
1715,1716,0.0985395953704505
1715,1722,-0.380715524870657
1715,1723,-0.303103434240271
1715,1727,-1.3890176455986
1715,1728,0.552536240724959
1715,1986,-0.734855535919709
1715,2096,-0.784748941096338
1715,2127,-0.671878399989012
1715,2318,-1.0951648765381
1715,2407,0.243449627240276
1715,2484,-1.73713074964169
1715,2826,-1.67476038416609
1715,2962,0.0086563000434053
1715,2979,-0.351616463408165
1715,2997,0.242535250272923
1715,3253,-0.169514183107043
1715,3352,-1.16926340751263
1715,3710,-0.110395782525903
1715,3728,-1.0752419435401
1715,3741,-0.417788736483544
1715,3985,-0.508914890333389
1716,1717,-0.263344435354363
1716,1718,0.509153271216037
1716,1720,-0.252164099754834
1716,1722,-0.479255120241107
1716,1723,-0.401643029610722
1716,1726,-0.557208738661706
1716,1728,0.453996645354509
1716,1848,-1.81364685547948
1716,2065,-0.833198277378813
1716,2459,-0.0989762779901808
1716,2728,-0.881431796607891
1716,2841,0.257947700054033
1716,3369,0.455495451528757
1716,3410,-0.527529266820278
1716,3566,-0.323674936612903
1716,3640,-1.4513508889298
1717,1719,-0.359525265186069
1717,1721,-1.07714728017137
1717,1727,-1.22421280561469
1717,1728,0.717341080708872
1717,1729,-0.968488941611954
1717,2401,-0.12712760649147
1717,2424,-1.84796737883909
1717,2691,-0.433012196922569
1717,2832,0.27832058408032
1717,2847,-0.913824052908636
1717,3018,-0.28695576082692
1717,3118,-0.032036768295269
1717,3320,0.76984847555486
1717,3414,-0.660690908486304
1717,3597,-0.533394786406075
1717,3628,0.417961014768654
1717,3660,-0.62049301577727
1718,1721,-1.84964498674177
1718,1731,-0.723316624169049
1718,1974,-1.31537658982861
1718,1977,-1.42771088693819
1718,2129,-0.161782363396691
1718,2403,-0.447516512376473
1718,2619,-1.40874258485281
1718,2768,-1.36175015232777
1718,2846,-1.87432119683806
1718,2868,-1.18836746377785
1718,2883,-0.464726899441969
1718,3193,-1.60514250759383
1718,3611,-3.21453526287112
1718,3944,-0.436797244053397
1718,3964,-1.49676700640568
1719,1720,0.370705600785598
1719,1722,0.143614580299325
1719,1725,0.975680698912956
1719,1922,1.33316569516302
1719,2060,0.703219262143409
1719,2596,-0.658871231825077
1719,3189,0.0435749003587699
1719,3357,0.0872644131456764
1719,3368,0.638314650861094
1719,3536,-0.630833666468016
1719,3686,0.135064369614903
1719,3774,-0.329384045285904
1720,1722,-0.227091020486273
1720,1724,0.697727510583643
1720,1725,0.604975098127358
1720,1730,-0.129457034064976
1720,1791,-0.930854906240525
1720,1803,0.217091424919345
1720,2054,-1.67821366222347
1720,2821,-0.283853791112131
1720,2826,-1.52113587978171
1720,2874,-0.438184824232837
1720,3061,-0.0441271487105475
1720,3167,-2.03469353939043
1720,3450,-1.17946298565563
1720,3528,-0.334547471688983
1720,3781,0.428667030258569
1720,3909,1.4075274788302
1721,1724,1.78605512635454
1721,1726,0.783282976864027
1721,1727,-0.147065525443317
1721,1728,1.79448836088024
1721,1730,0.958870581705923
1721,1733,-0.316299699941755
1721,1941,0.503397809699845
1721,2078,-0.0510103026836678
1721,2212,1.06371599828816
1721,2336,1.26954844835336
1721,2357,1.07283841364464
1721,2752,-0.0417468301409772
1721,3031,1.02492310506147
1721,3095,2.13217293024486
1721,3145,0.153564588514473
1721,3470,1.11227506318
1721,3620,-0.199707213560819
1722,1724,0.924818531069917
1722,1726,-0.0779536184205989
1722,1729,-0.75257825672521
1722,1733,-1.17753629522638
1722,1735,-0.79733981810538
1722,1899,0.165383030268794
1722,2007,1.04765902582488
1722,2488,0.643079059961618
1722,2545,-0.198111987780263
1722,3077,-0.216417070133831
1722,3105,2.05367719610254
1722,3417,-0.967209587317418
1722,3466,0.206039473559002
1722,3680,0.344465413364325
1723,1732,0.316342656940007
1723,1734,0.0146670645473696
1723,1735,-0.874951908735765
1723,1736,0.424423439327534
1723,2072,-0.491244106327355
1723,2795,-1.53528269805086
1723,3441,0.0124777369295298
1723,3493,-0.728032813002926
1723,3551,-0.299261472993195
1723,3577,-0.0768193924403916
1723,3674,-0.663369458901605
1724,1726,-1.00277214949052
1724,1728,0.0084332345256992
1724,1730,-0.827184544648619
1724,1956,-0.736979764997299
1724,2316,-2.80224949859357
1724,2435,-2.30747771326164
1724,2604,-2.20227251378113
1724,3010,-2.00130306381085
1724,3043,-1.45260408846067
1724,3052,-1.24262847173012
1724,3054,-2.05619306245472
1724,3523,-1.4979301011743
1724,3530,-2.56835513387878
1725,1728,0.101185646981985
1725,1729,-1.58464437533884
1725,1734,-0.739786963435876
1725,2359,-1.51430186037226
1725,2685,-0.0621838935307736
1725,3073,-2.40569853197537
1725,3580,-0.922127545630432
1725,3624,-0.670932888326601
1725,3636,-1.53206401366004
1725,3743,-0.0336496878042659
1725,3796,-0.540921134788189
1725,3823,-1.05569471005464
1725,3905,-0.622114331756015
1725,3906,-1.81734160289482
1726,1727,-0.930348502307344
1726,1729,-0.674624638304611
1726,2272,-0.128101384652475
1726,2637,0.124082565633954
1726,2991,-1.23519733546222
1726,3260,-0.852227696677113
1726,3329,0.393007866329288
1726,3392,0.548140745998367
1726,3414,-0.36682660517896
1726,3446,-1.01236097117633
1726,3529,0.27344586375697
1726,3569,-0.525182706270647
1726,3620,-0.982990190424846
1726,3845,0.33812662459692
1727,1731,1.27339388801604
1727,1732,1.40225686829833
1727,1736,1.51033765068586
1727,1737,0.19021824533249
1727,1738,1.03302787417346
1727,2480,0.853170680008188
1727,2701,0.308590016834407
1727,3503,0.246186569280577
1727,3592,1.03606457359513
1727,3749,-0.979609238047874
1728,1730,-0.835617779174319
1728,1735,-1.730591583701
1728,1736,-0.431216235637697
1728,1737,-1.75133564099107
1728,1739,-1.77434235390647
1728,2462,-0.321806682891331
1728,2627,-2.20581713374203
1728,2934,-1.18004947820277
1728,2947,-1.07739997600946
1728,3099,-0.817714061099134
1728,3817,-0.930898024533349
1728,3826,-1.23190566453168
1728,3981,-0.561279563224954
1728,3982,-1.19252324393081
1729,1731,1.01767002401331
1729,1732,1.1465330042956
1729,1735,-0.0447615613801697
1729,2338,1.24697370788944
1729,2357,0.964180075085223
1729,2446,-0.354665173305135
1729,2731,1.2297443488755
1729,2874,0.541484452978646
1729,2969,1.11768305757549
1729,3129,0.980866256579417
1729,3135,0.502275442065156
1729,3467,0.158621697930122
1729,3626,1.62070530008054
1729,3938,0.678693497056139
1730,1734,-0.0053548312435426
1730,1735,-0.894973804526677
1730,1737,-0.91571786181675
1730,1742,-1.59336657120238
1730,1916,-1.78780545638958
1730,2251,1.00277604489615
1730,2488,0.545445073540321
1730,2530,-0.0861882855176663
1730,2629,0.208634910800046
1730,2743,-0.227009176735288
1730,2758,-0.347096726318698
1730,3237,-0.999078233893129
1730,3299,0.440490703082397
1730,3530,-1.74117058923016
1730,3707,-1.80109390943759
1731,1734,-0.17281261211034
1731,1737,-1.08317564268355
1731,1740,-0.529337981583848
1731,2206,-0.638962117249446
1731,2502,-0.561028291881947
1731,2753,0.145368054233683
1731,2775,-0.523707780982857
1731,2924,0.348283009884052
1731,2999,-1.20344880106217
1731,3155,-0.63822695060955
1731,3158,1.05851203150412
1731,3302,1.33349997759977
1731,3329,0.049962480620594
1731,3377,-0.767135421330491
1731,3632,-1.47602296124033
1731,3673,0.267392510604794
1731,3690,-0.786211895501483
1731,3729,-0.683391274614209
1732,1737,-1.21203862296584
1732,1744,0.115261003957413
1732,1824,-0.208745644106542
1732,2421,-1.01064139191551
1732,2883,0.129726744444783
1732,3114,-0.920369988050602
1732,3147,-0.429009136424752
1732,3186,-0.33130515274035
1732,3221,-0.30897498472008
1732,3276,-0.275710911539084
1732,3281,-0.335202998715705
1732,3324,-0.572403691841611
1732,3578,-0.82399928465917
1732,3727,-0.412554894778372
1733,1735,0.380196477121002
1733,1736,1.6795718251843
1733,1738,1.2022620486719
1733,1741,1.45213328900023
1733,1821,0.283475333594931
1733,2013,1.03034770731008
1733,2019,1.31365215349418
1733,2300,-0.0554820944755041
1733,2415,0.60012105201695
1733,2464,0.25839634455835
1733,2566,0.315018993439958
1733,2598,0.752432128983617
1733,2784,2.34385392387339
1733,3443,1.42370722027243
1733,3510,1.3169243797015
1733,3708,1.20849870268555
1734,1743,-0.675397086486352
1734,1874,-0.682342025804297
1734,1967,-0.084800679310203
1734,2088,-0.551072777793959
1734,2145,-0.172103582121123
1734,2571,-0.130972384980092
1734,2585,-0.0739346289651475
1734,2663,-0.624057298868296
1734,3184,-0.267062740571691
1734,3211,-0.606650190660658
1734,3437,-0.037219330019728
1734,3632,-1.30321034912999
1735,1738,0.822065571550897
1735,1739,-0.0437507702054762
1735,1740,0.533093603809627
1735,1743,0.214221886796783
1735,1744,1.30655556963318
1735,1745,0.857447798763781
1735,1752,0.379144606121517
1735,1795,0.503694600435325
1735,2151,0.549563674912048
1735,2577,0.805759842372802
1735,2718,0.796521370972864
1735,2765,0.624005535459542
1735,2856,-0.0169792675910535
1735,2932,1.52928300135035
1735,3007,0.462948219723568
1735,3027,1.12172396701425
1735,3089,2.01681186419335
1735,3340,0.754739165526434
1735,3414,0.35255959450582
1735,3564,0.776852865873112
1735,3671,0.226705459585964
1735,3745,0.0400694145932587
1735,3851,1.05501554048375
1735,3977,0.556558970415521
1736,1738,-0.477309776512402
1736,1743,-1.08515346126652
1736,1746,-1.39550167433818
1736,1792,-0.259640036298457
1736,1967,-0.494557054090367
1736,2255,0.581078078886717
1736,2256,-0.855746662920424
1736,2354,-0.637885736512304
1736,2471,-1.22100313390914
1736,2806,-1.58383202708315
1736,2877,-2.1953043026651
1736,3003,-0.636482891916567
1736,3258,0.355695880572578
1736,3400,-1.54133791094998
1736,3504,-1.78067262524213
1737,1741,1.0926808691693
1737,1742,-0.677648709385633
1737,1750,-0.105927767573168
1737,1986,0.4639438643464
1737,2472,1.16793537571214
1737,2478,0.198994393204231
1737,2599,0.264777571923031
1737,2682,0.403711509178868
1737,2883,1.34176536741063
1737,2917,0.412332647317848
1737,3330,1.30728948866125
1737,3419,0.631771682854869
1737,3642,0.863511192302217
1738,1741,0.249871240328332
1738,1748,0.261211327292527
1738,2155,-0.653448682943801
1738,2308,-1.26322290121796
1738,2354,-0.160575959999902
1738,2689,-0.27892399970745
1738,2810,-1.31223209833533
1738,2924,0.58864902372663
1738,3282,-0.790193228552441
1738,3293,0.451309260250754
1738,3461,-0.874431886539841
1738,3725,-0.955611220228371
1738,3767,-0.225243980050425
1738,3997,-0.444051996994991
1739,1741,1.11568758208471
1739,1742,-0.654641996470229
1739,1744,1.35030633983866
1739,1745,0.901198568969257
1739,1747,1.11420591771964
1739,1751,0.873504213987626
1739,2273,1.3561337686273
1739,2298,0.934098049659154
1739,2963,1.35624944692633
1739,3162,-0.144849013256991
1739,3435,0.835097216427463
1739,3518,0.950186559226535
1739,3544,1.46908364339422
1739,3747,-0.260835188433679
1740,1752,-0.15394899768811
1740,1753,-1.12442486932349
1740,1809,-0.412732381008052
1740,1838,0.637080781611753
1740,2013,0.117057626379453
1740,2168,0.200309544598287
1740,2228,-1.52718403177924
1740,2419,-0.292092842190873
1740,3057,-0.794909026687555
1740,3060,-0.624735856998771
1740,3289,0.249985895075064
1740,3364,-1.30930128624738
1740,3868,0.201409490364358
1741,1742,-1.77032957855493
1741,1744,0.234618757753956
1741,1748,0.0113400869641945
1741,1751,-0.242183368097079
1741,2462,0.336848088930436
1741,2481,-0.780178272062567
1741,2580,-0.101909954127787
1741,2922,0.105569988263461
1741,3189,-0.374636673714404
1741,3200,-0.874474089375424
1741,3359,-1.77465788946029
1741,3601,0.169370475864825
1741,3625,0.147723899864316
1741,3647,-0.548589218333243
1741,3749,-2.26250835254967
1741,3819,-0.931243976839545
1741,3962,-1.15636908428535
1742,1743,0.912614653472488
1742,1744,2.00494833630889
1742,1749,1.9342786708249
1742,1751,1.52814621045786
1742,1754,-0.243010223586774
1742,1778,1.65135740966292
1742,1971,1.54045868215563
1742,2159,1.22994389098257
1742,2782,0.995086794950343
1742,3147,1.46067819592672
1742,3579,0.76641580618558
1742,3851,1.75340830715946
1743,1745,0.643225911966998
1743,1752,0.164922719324734
1743,1754,-1.15562487705926
1743,2506,0.441032646888284
1743,2597,1.01991462229683
1743,2659,1.16046659957484
1743,2711,1.66841195137654
1743,3031,0.746804441085438
1743,3149,0.330747911295041
1743,3165,-0.0664378620794672
1743,3338,-0.873074575073015
1743,3813,-0.0009144329442776
1744,1746,-1.40268189590807
1744,1748,-0.223278670789761
1744,1751,-0.476802125851035
1744,1756,-0.686386423340843
1744,1757,-0.246815925492378
1744,2334,-0.0962256227973481
1744,2728,-0.911392427894589
1744,2833,-0.522773792005699
1744,3534,-1.01997642758865
1744,3548,0.141339551852564
1744,3549,-0.650257825221206
1744,3859,0.0581206996823985
1745,1752,-0.478303192642264
1745,1892,-0.595059516722189
1745,2009,-0.0846262246860482
1745,2764,0.238066982062067
1745,2822,-1.77579515696433
1745,2840,-0.731270397379616
1745,3162,-1.04604758222625
1745,3301,-0.133605452502808
1745,3309,0.264395773575252
1745,3389,-1.24785808917416
1745,3555,0.388493735109543
1745,3789,-0.196026345128451
1745,3846,0.0437945891920853
1746,1747,1.16658147378905
1746,1748,1.17940322511831
1746,1752,0.475270932396403
1746,1753,-0.495204939238974
1746,1759,-0.029749070771934
1746,1810,1.75076594208298
1746,2334,1.30645627311072
1746,2658,2.46391492263673
1746,2664,1.18510822958068
1746,2834,0.838920872852663
1746,2843,1.27922147657007
1746,2909,1.11673598908037
1746,2928,1.68907700763221
1746,3442,0.523432703521643
1746,3837,1.38066401979874
1747,1750,-1.1971269723774
1747,1752,-0.691310541392644
1747,1754,-2.01185813777664
1747,1838,0.0997192379072196
1747,2147,-0.447675716057556
1747,2548,-1.36735638108792
1747,2625,-1.34541221078233
1747,2640,-1.1930322045812
1747,3114,-0.799530569888992
1747,3138,-0.0455842271233955
1747,3466,-0.0670758558497788
1747,3546,-1.56865624766209
1747,3567,-1.5231400657418
1747,3685,-1.98652560034755
1747,3885,-0.324374840081553
1747,3907,0.181222664981535
1747,3952,0.30058642655531
1748,1752,-0.704132292721907
1748,1753,-1.67460816435728
1748,1755,-0.99761952049688
1748,1757,-0.0235372547026169
1748,1758,-1.45749096050833
1748,1866,0.0594139149994678
1748,2175,-0.314750291922733
1748,2626,0.833708080441437
1748,2737,-0.542454390849429
1748,2738,-0.531282862262046
1748,2858,-0.688713671606612
1748,3564,-0.306424032970311
1748,3657,-1.12054265769512
1748,3660,-0.690519411628569
1748,3823,-0.50956567217905
1748,3870,-0.891760536451627
1749,1751,-0.406132460367042
1749,1752,-0.856741298027675
1749,1753,-1.82721716966305
1749,2022,-0.255450211317078
1749,2043,-0.214863745626741
1749,2098,-1.39126608315893
1749,2107,-0.76703835344153
1749,2247,-0.888949809697691
1749,2329,-1.48237755986784
1749,2623,0.363960428744146
1749,2656,0.0727686144540556
1749,2736,-0.713160038349859
1749,2876,-1.37601578736666
1749,2957,-2.12781381983545
1749,3783,-1.48184484462359
1749,3953,-0.226311312495416
1750,1752,0.505816430984758
1750,1758,-0.247542236801667
1750,1762,0.234274066673037
1750,2053,1.04706711937047
1750,2235,1.13908246815108
1750,2429,1.33758934241644
1750,2451,1.76682659580979
1750,2555,1.83748068939155
1750,2608,-0.193508293256932
1750,2665,1.51890298715026
1750,2722,-0.313847650650445
1750,2928,1.71962250622056
1750,3070,0.255733181154535
1750,3248,0.229701438388215
1750,3320,1.90977080341022
1750,3660,0.519429312078095
1751,1752,-0.450608837660633
1751,1753,-1.42108470929601
1751,1754,-1.77115643404463
1751,1816,-0.427189418433298
1751,2504,0.160888277751776
1751,2687,-0.117332889113491
1751,2757,0.961274567211455
1751,3557,-0.60426593530847
1751,3575,-1.62284986851469
1751,3722,-0.683444104075491
1751,3764,-1.33020289530854
1751,3796,0.258731358148671
1752,1763,0.77490180510566
1752,2030,0.0953121401250236
1752,2057,0.483905414841525
1752,2105,-0.483505558653248
1752,2186,0.568409012911794
1752,2317,0.977343290206058
1752,2329,-0.625636261840161
1752,2563,1.16324033729348
1752,2587,0.581210801852353
1752,2699,-0.148812745318001
1752,2867,-0.788101357107836
1752,2871,0.400774652136885
1752,3061,0.601159083759588
1752,3163,-0.96641951856425
1752,3412,1.26008576829706
1752,3419,0.23188301944328
1752,3429,-0.654964892836939
1752,3895,-0.567000426554789
1753,1756,1.2115004118062
1753,1760,0.182206882986983
1753,1763,1.74537767674104
1753,1764,1.109041142514
1753,1803,1.83285352902486
1753,1966,0.653089277265335
1753,2140,2.92449024070098
1753,2399,1.13487971477457
1753,2673,0.10044773216472
1753,3141,2.06209926015079
1753,3159,1.86959517881447
1753,3572,2.27108633931826
1753,3697,3.33099514492867
1753,3708,1.41963349107841
1753,3916,2.01430499369417
1753,3950,2.30548608926659
1753,3971,0.695080120893321
1754,1757,2.00114263440329
1754,1759,0.815527593215659
1754,1764,1.45911286726262
1754,1765,0.738945749334874
1754,1769,2.00076813365102
1754,2502,1.44280628377401
1754,2551,1.74386450024169
1754,3258,2.59647421889836
1754,3788,2.18895663502724
1754,3827,1.77887801347538
1754,3903,0.845227072588324
1755,1759,-0.211532775393363
1755,1760,-0.494781760873421
1755,1761,0.427579689858383
1755,1762,0.0219448634632524
1755,1765,-0.288114619274148
1755,1768,0.898375139062587
1755,1878,0.583181714229477
1755,2817,0.964556633773448
1755,2872,0.0902900481559666
1755,3017,0.212182641568025
1755,3314,0.0627871900743175
1755,3322,0.508575394883245
1755,3529,0.907174685095207
1755,3574,1.49855670263077
1755,3577,0.71247513794883
1755,3946,-0.593534097130402
1756,1757,0.439570497848465
1756,1758,-0.994383207957249
1756,1766,0.514099783632572
1756,1768,0.363863371116789
1756,2192,1.40241940108235
1756,2444,-0.70914924306571
1756,2628,0.633863298744969
1756,2692,-0.157036947014561
1756,2739,-0.424580124201346
1756,2771,0.643011537897741
1756,2929,-0.175438581861718
1756,2981,0.475509329990769
1756,3056,-0.478465234809969
1756,3405,0.915903135593126
1756,3715,-0.592071596359308
1757,1759,-1.18561504118763
1757,1767,0.425164504807923
1757,1770,-0.602856303393931
1757,1771,-1.75102636083411
1757,1810,0.594899971667285
1757,1826,-0.551987690236137
1757,1850,-0.224193863408883
1757,2007,0.785259199789453
1757,2429,0.151177873412392
1757,2625,-1.33469670740897
1757,2839,0.403564829489262
1757,3041,-0.688020656313678
1757,3094,0.492428771142182
1757,3164,-0.235182494355496
1757,3487,-0.485559407193332
1758,1759,0.248338664618088
1758,1763,1.52826047289208
1758,1923,0.864641226339082
1758,1994,0.554017491624275
1758,2187,0.845773931943542
1758,2301,1.36610286563423
1758,2520,0.0131732645445477
1758,2557,2.17012302395438
1758,3165,0.521998086382223
1758,3291,1.6731848084258
1758,3417,0.204344292452869
1758,3671,0.600919521250871
1759,1763,1.279921808274
1759,1764,0.643585274046965
1759,1766,1.26014432697173
1759,1767,1.61077954599555
1759,1905,0.405940106182622
1759,2055,0.384404171110421
1759,2153,1.62213955268415
1759,2304,0.885748098501896
1759,2996,0.649367165931462
1759,3209,0.563184372189429
1759,3308,1.03442562194693
1759,3546,-0.372325703101114
1759,3773,1.03298574969594
1760,1761,0.922361450731804
1760,1764,0.926834259527022
1760,1767,1.89402853147561
1760,1768,1.39315689993601
1760,1769,1.46848952591542
1760,1770,0.866007723273753
1760,1771,-0.282162334166429
1760,2109,0.47746659899078
1760,2459,1.58674304288318
1760,2613,0.904377803576438
1760,2730,2.01762735764354
1760,3325,1.65587117102325
1760,3513,0.63850962642755
1760,3563,-0.20785975044272
1760,3992,1.24520910904017
1761,1764,0.0044728087952178
1761,1768,0.470795449204204
1761,1772,0.400714786173871
1761,1773,-0.786250058633197
1761,1877,-0.354422604331266
1761,2087,1.28416976435084
1761,2262,0.177177145972228
1761,2481,-0.221478528388265
1761,2687,0.199183486463732
1761,3252,1.31009102145046
1761,3491,0.944581934372107
1761,3965,0.396899593215427
1761,3992,0.322847658308371
1762,1764,0.410107635190349
1762,1768,0.876430275599335
1762,1774,0.388187025308388
1762,1986,0.335597565246531
1762,2004,0.939884579154824
1762,2007,1.73739660212046
1762,2038,0.443717054003175
1762,2056,1.16754612018596
1762,2100,1.23387064609378
1762,2713,1.03906838425499
1762,3378,1.78523473749143
1762,3749,-1.29817378248023
1763,1767,0.330857737721552
1763,1768,-0.170013893818046
1763,1772,-0.240094556848379
1763,1773,-1.42705940165545
1763,1775,1.57742646281679
1763,1807,-1.99011609410358
1763,1847,0.0922342346833484
1763,2542,-0.314649027188805
1763,2856,-1.17102567881823
1763,2977,-0.451763208183117
1763,3285,-1.14947484963298
1763,3357,-0.413056760275446
1763,3467,-0.950663151916886
1763,3584,-0.24284890610307
1763,3720,-1.19028314537535
1763,3845,-0.0965335869454761
1763,3852,-0.435960448840108
1763,3862,0.736660719193051
1763,3920,-0.0715435242154652
1763,3961,-0.925715038428163
1764,1765,-0.720167117927749
1764,1769,0.541655266388395
1764,1770,-0.0608265362532689
1764,1776,-0.221977755615055
1764,1777,0.215617563233254
1764,1836,0.722753114190274
1764,1957,-1.06175454895672
1764,2042,-1.00570064957133
1764,2067,0.280382859558035
1764,2515,-0.0791769506955577
1764,2659,0.856978609371476
1764,2778,1.65566874423101
1764,2999,-0.658727092668838
1764,3243,0.900632100371127
1764,3431,-0.300867705993099
1764,3542,-0.139166855403318
1764,3644,0.0110805551515388
1764,3858,0.0018219013919391
1765,1769,1.26182238431614
1765,1773,-0.0705557495006653
1765,2072,0.586165043336015
1765,2103,0.255599243060802
1765,2401,1.08858013742826
1765,2454,-0.125994405321133
1765,2602,0.786438844053747
1765,2622,1.21369605102009
1765,2833,0.986239018555091
1765,2874,0.78870325528642
1765,3130,1.10892129539949
1765,3330,1.48900267229878
1765,3515,-0.43513031069729
1765,3993,0.677437700164686
1766,1768,-0.150236412515783
1766,1772,-0.220317075546116
1766,1774,-0.63847966280673
1766,1775,1.59720394411906
1766,2219,0.0281018959834655
1766,2505,-0.308275103167026
1766,2557,0.661640032364561
1766,2646,-1.06148606437397
1766,2818,-1.40590450399227
1766,2924,0.276445665352613
1766,3148,-0.33432692417513
1766,3314,-0.985824361504053
1766,3352,-1.12547699446151
1766,3406,-1.26904416008511
1766,3578,-0.766973648908312
1766,3592,-0.309166658952345
1766,3694,-0.120025691063329
1766,3841,-0.929640321887608
1766,3880,-1.01168581662729
1767,1774,-0.989114881830546
1767,1776,-1.18917202756364
1767,1777,-0.751576708715331
1767,1778,-0.531939505961517
1767,1810,0.169735466859362
1767,1931,-1.88996994568312
1767,2443,-1.06441899435029
1767,2512,-0.801313024155518
1767,2924,-0.0741895536712025
1767,3198,-0.566980916270367
1767,3478,-0.141227582102618
1767,3540,-0.925847460105148
1767,3593,-1.88575357490615
1767,3671,-1.25819868936277
1767,3704,-1.94035272566259
1767,3746,-1.55874692007458
1768,1774,-0.488243250290947
1768,1778,-0.0310678744219186
1768,1780,-0.608383931700842
1768,1781,-0.354925874006681
1768,1795,-0.480337916973806
1768,2055,-0.72550374334553
1768,2424,-1.81874939325609
1768,2668,-1.20141670379288
1768,2671,0.290081488106428
1768,2730,0.62447045770753
1768,2734,0.112379499616257
1768,3408,0.150874063371238
1768,3422,-0.81591245933667
1768,3585,0.695959418028996
1768,3934,-0.0127830048058719
1769,1770,-0.602481802641664
1769,1773,-1.33237813381681
1769,1775,1.67210773065543
1769,1776,-0.76363302200345
1769,1777,-0.326037703155141
1769,1778,-0.106400500401327
1769,1796,-0.029145256628829
1769,2147,-0.436585711931935
1769,2162,-0.207107431041399
1769,2460,-1.01169653825326
1769,2478,-0.881114807474382
1769,2631,0.0801870564937505
1769,2820,-0.110502321754088
1769,2890,-1.28465222231404
1769,3200,-0.861902420884735
1769,3222,-0.338492148218497
1769,3443,-0.0158544002371122
1770,1776,-0.161151219361786
1770,1778,0.496081302240337
1770,1780,-0.0812347550385871
1770,1930,-0.647667166268788
1770,2683,-0.33884189522199
1770,2768,-0.0328852835121187
1770,2989,0.9219084330447
1770,3271,0.560383290772499
1770,3327,1.32619266202019
1770,3335,1.00016135811608
1770,3368,0.835156547920273
1770,3571,0.837305212758313
1770,3662,0.189038992697832
1770,3737,-0.291047122725103
1771,1777,1.4246141569267
1771,1781,1.32039336009576
1771,1782,2.73956455969645
1771,1784,2.04612894538934
1771,2003,1.27937735008801
1771,2563,2.23367166010831
1771,3460,2.21010449905642
1771,3697,3.43095059610812
1772,1773,-1.18696484480707
1772,1775,1.81752101966517
1772,1776,-0.618219732993708
1772,1777,-0.180624414145399
1772,1779,-1.02532285143104
1772,1781,-0.284845210976348
1772,2746,0.961519857035443
1772,2821,-0.173374806899276
1772,3319,-0.476322366666846
1772,3504,-1.39524913155763
1772,3993,-0.438971395141716
1772,3999,-0.0129376384727316
1773,1774,0.768802257546454
1773,1776,0.56874511181336
1773,1806,1.49384591858061
1773,2027,1.33055769351454
1773,2229,1.48569067325776
1773,2293,0.311284048918771
1773,2481,0.564771530244932
1773,2937,-0.471132626294827
1773,2963,1.58551166714912
1773,3039,0.551813529595427
1773,3130,1.17947704490016
1773,3343,0.376844855374794
1773,3543,0.910720316450827
1773,3712,1.35244137185252
1773,3802,-0.471548957529877
1773,3892,1.32235482369132
1774,1787,-0.0503920112840032
1774,1937,-0.579437413457391
1774,1950,-0.0071714422494293
1774,2006,0.0259916384037271
1774,2120,-0.534409232322684
1774,2301,0.496099536851143
1774,2853,0.0538651819038202
1774,3814,-0.478326496202907
1775,1777,-1.99814543381057
1775,1778,-1.77850823105676
1775,1780,-2.35582428833568
1775,2670,-2.86679620138985
1775,2751,-2.36800115223966
1775,3204,-2.18868599614728
1775,3360,-1.53447697536526
1775,3379,-2.87416955795321
1775,3728,-2.62865947460803
1775,3863,-2.61917376808949
1775,3910,-0.9307376522438
1776,1777,0.437595318848309
1776,1778,0.657232521602123
1776,1784,1.05911010731094
1776,1787,0.149665134449091
1776,1888,-0.261771136080519
1776,2305,0.652451382961131
1776,2691,0.284506184684465
1776,2771,0.967448562804993
1776,2961,-0.793510515720506
1776,3195,-0.060988819314619
1776,3401,-0.579392746515888
1776,3527,1.40359726724276
1777,1779,-0.844698437285638
1777,1781,-0.104220796830949
1777,1783,0.627648398454789
1777,1786,0.570270354046014
1777,1790,-1.32683129996038
1777,1829,1.2541479156206
1777,1916,-1.6261590920963
1777,2146,0.679762250526866
1777,2687,-0.0209068855647392
1777,2805,-0.644608613413582
1777,2840,-0.607150038849234
1777,3021,-0.178269004719463
1777,3254,-0.302272773678746
1777,3650,-0.526489437815829
1777,3679,-0.806481252050715
1777,3700,-0.538089416545315
1777,3934,0.237922072369861
1778,1780,-0.577316057278924
1778,1782,1.09531320001593
1778,1788,-1.85656833227877
1778,1790,-1.54646850271419
1778,1810,0.701674972820879
1778,1903,-0.567368787965503
1778,2733,0.235255858626436
1778,3090,0.622772066312727
1778,3102,0.0553993178919844
1778,3209,-0.515655667844604
1778,3299,0.382499864621862
1778,3647,-0.429617049441227
1779,1781,0.740477640454689
1779,2264,1.05394292416571
1779,2458,1.1083819087072
1779,2730,1.7198739721689
1779,2981,1.20704947333535
1779,3139,0.504170966833456
1779,3141,1.58213899168917
1779,3304,0.706954703755533
1779,3305,1.1559932240901
1779,3725,-0.0221746516252351
1779,3736,0.745151435998272
1779,3779,1.11130109260706
1779,3788,1.358924641817
1779,3797,2.48638341923969
1779,3813,0.324678450904744
1779,3844,0.793274877647186
1780,1781,0.253458057694161
1780,1790,-0.969152445435267
1780,1791,-0.282072653357161
1780,1796,0.654571301051422
1780,1837,-0.951887711135735
1780,1838,0.794525799713092
1780,2395,-0.0279541718246776
1780,2638,0.254783070589612
1780,3613,0.410946766283013
1780,3640,-0.550404536291598
1780,3753,0.2310142976232
1780,3911,1.42349705650115
1781,1786,0.674491150876963
1781,1787,-0.183709387568269
1781,1790,-1.22261050312943
1781,1830,1.26798286698641
1781,2350,0.67731590078639
1781,2358,-0.0587100970225933
1781,2544,-0.192812161652432
1781,2893,0.871635279473879
1781,3105,2.22191037080547
1781,3386,0.281759354684623
1781,3511,0.587832196831076
1781,3549,0.0271911010095287
1781,3586,-0.359402255585127
1781,3974,-0.319935876174833
1782,1791,-1.95470191065202
1782,1818,-1.88258725257643
1782,1827,-1.83723200698617
1782,2181,-2.1894601397729
1782,2402,-1.44113709566768
1782,2441,-2.09758615374458
1782,2509,-1.35173667671077
1782,3237,-2.1523822723696
1782,3267,-1.85579617890421
1782,3480,-1.8319152398409
1782,3693,-0.900528604012804
1783,1784,-0.006133609992155
1783,1787,-0.915578582854007
1783,1789,-1.31083707779755
1783,1790,-1.95447969841517
1783,1791,-1.26739990633706
1783,1794,-1.39530511964647
1783,2246,-1.0007818490233
1783,3150,-1.16486516653673
1783,3297,-0.410757220631679
1783,3512,0.507952926409624
1783,3517,-1.68535045522095
1783,3602,0.372630525094622
1784,1785,0.390905260932789
1784,1786,-0.0512444344166195
1784,1792,-0.31510691693119
1784,1793,-0.472077601789694
1784,1794,-1.38917150965431
1784,1796,-0.324622341936321
1784,2193,-0.487074346191072
1784,2509,-0.658301062403658
1784,2914,-0.504742710173341
1784,3013,-0.773688340894199
1784,3031,-0.393815900813812
1784,3078,0.548922323613101
1784,3151,-2.2291031919255
1784,3591,0.337293253606942
1784,3701,-1.20317453911066
1784,3876,-0.979964633134827
1785,1786,-0.442149695349409
1785,1788,-2.64935117892038
1785,1789,-1.69560872873819
1785,1790,-2.3392513493558
1785,1797,-1.63890874096049
1785,2121,-2.41374791694596
1785,2250,-0.586714706231366
1785,2320,-1.28778488432999
1785,2679,-0.825183439493793
1785,2692,-1.28261529035104
1785,3526,-1.18760669223284
1785,3711,-0.604698509936194
1785,3778,-1.75358539847347
1785,3794,-1.60360203002526
1785,3804,-0.354515555991431
1785,3934,-0.774497977025562
1786,1790,-1.89710165400639
1786,1793,-0.420833167373075
1786,1794,-1.33792707523769
1786,2032,0.0849728985048112
1786,2295,-0.522423439633412
1786,2648,-0.962214364956697
1786,2803,-0.992474216313886
1786,3061,-0.323294104398307
1786,3184,-0.681041561567969
1786,3403,-0.581626141266739
1786,3443,-0.260087051127985
1786,3470,-0.25521950827866
1786,3715,-1.27550024434638
1787,1793,0.437367371072157
1787,1794,-0.479726536792462
1787,1795,0.0582973446011445
1787,1797,-0.338558507165853
1787,1862,0.24649239095348
1787,1907,1.19092272426055
1787,2326,0.539374817082293
1787,2608,-0.765577373954353
1787,2618,1.62328447660757
1787,3576,0.631912788798888
1787,3592,0.379705015138388
1788,1794,0.869274408333272
1788,1906,1.99106494044933
1788,1974,1.37397530902547
1788,1980,2.82430476346689
1788,2072,1.28731149169996
1788,2119,2.28264188305021
1788,2285,1.55378935413665
1788,2520,0.542562892171194
1788,2653,1.32254645879778
1788,2985,1.77572462726704
1788,3049,1.80380312200735
1788,3292,2.50741960259276
1788,3572,2.58335876309595
1788,3650,1.11044169170912
1788,3770,0.750173514835615
1788,3849,1.78578692866173
1788,3983,0.985586784868374
1789,1790,-0.643642620617613
1789,1792,0.989596550874207
1789,1794,-0.0844680418489163
1789,1795,0.453555839544691
1789,2014,0.830868437097405
1789,2031,0.931238108492366
1789,2153,1.4461253947467
1789,2808,0.493698960295587
1789,3240,0.400304235310148
1789,3363,-0.620410834016847
1789,3379,-0.192835444799877
1789,3651,1.6135079936729
1789,3669,0.987087162848348
1789,3685,-0.966209213724028
1789,3739,0.214844930061984
1789,3960,0.594952854137759
1790,1792,1.63323917149182
1790,1795,1.0971984601623
1790,1798,2.06611876380243
1790,1799,1.75440613039963
1790,1802,1.78584220747326
1790,1803,1.83502612323798
1790,1881,1.58739803444882
1790,2276,0.444881214922727
1790,2814,0.687013493447743
1790,2955,2.50929021942254
1790,2986,0.25013724639181
1790,3308,1.50205408462709
1790,3319,1.03113334743893
1790,3332,0.872493115416263
1790,3341,0.929651932305782
1790,3952,1.96454543379645
1791,1792,0.946159379413714
1791,1793,0.78918869455521
1791,1795,0.410118668084197
1791,1798,1.37903897172433
1791,1799,1.06732633832153
1791,1804,1.14673508854777
1791,1822,1.41886783890943
1791,2003,0.494514701043574
1791,2186,0.853977686682183
1791,2594,-0.707750480406658
1791,2619,0.283429692358588
1791,2680,-0.568156886945059
1791,2928,1.49937474900619
1791,3465,0.927854742747506
1791,3509,0.560593080768827
1791,3519,-0.116751301839439
1791,3716,-0.0614462177573938
1791,3736,0.540204506594905
1791,3799,0.237619241906007
1792,1793,-0.156970684858504
1792,1794,-1.07406459272312
1792,1796,-0.0095154250051306
1792,1799,0.121166958907813
1792,2774,0.977542962849064
1792,2928,0.553215369592478
1792,3231,-0.201130289275263
1792,3289,-0.256655812880151
1792,3493,-0.892816216032003
1792,3837,0.244802381759017
1792,3850,0.0106888380163643
1793,1798,0.589850277169116
1793,1801,-0.957803009790174
1793,1804,0.357546393992564
1793,1934,0.145158509107818
1793,2032,0.505806065877886
1793,2680,-1.35734558150027
1793,3179,-0.171362578880535
1793,3314,-0.734320058485477
1793,3391,0.696326194590496
1793,3500,-1.0666720565265
1793,3836,-1.75355395947052
1793,3941,-0.102015246942432
1793,3977,-0.326205656490817
1794,1799,1.19523155163094
1794,2038,0.585648576771253
1794,2159,0.565880405265147
1794,2494,1.89347539520105
1794,2717,1.98002915467263
1794,3170,1.66873500806626
1794,3358,1.58641182003437
1794,3404,0.811907932559638
1794,3438,0.771660288609145
1794,3445,-0.631957631092005
1794,3762,1.30497845155483
1794,3975,0.173271008727459
1795,1796,0.526525286324386
1795,1800,1.81441813078515
1795,1802,0.688643747310959
1795,1803,0.737827663075673
1795,1804,0.736616420463576
1795,1805,-0.21819711953565
1795,1808,0.218658703679948
1795,2293,-0.465423541944824
1795,2342,0.621851853894639
1795,2392,-0.302742589114179
1795,3017,-0.205854580520757
1795,3507,1.67026342472481
1795,3653,-0.904035243863883
1795,3867,-0.141231254121356
1796,1798,0.442395017315742
1796,1800,1.28789284446076
1796,1802,0.162118460986572
1796,1804,0.21009113413919
1796,2235,-0.0178092434718732
1796,2279,-1.27097590027602
1796,2462,0.378565014049954
1796,2551,-0.227758376780504
1796,2571,-0.271573298456669
1796,2743,-0.362255258968323
1796,2911,-0.536716283336308
1796,2921,-0.482995080252759
1796,3074,-0.383545933403314
1796,3304,-0.434636180056418
1796,3521,-1.2028271720551
1796,3952,0.340821687309759
1796,3975,-0.891278158990534
1797,1798,1.36577615540713
1797,1800,2.21127398255214
1797,1803,1.13468351484267
1797,1806,1.11399417948401
1797,1807,-0.942908431544733
1797,1809,0.0135224741332469
1797,1810,1.54780086713976
1797,2483,-0.404048542052588
1797,2563,1.43554619474667
1797,2661,1.55701039879627
1797,2680,-0.581419703262258
1797,2941,0.563985093605032
1797,2957,-0.998766664354585
1798,1800,0.845497827145019
1798,1803,-0.231092640564455
1798,1806,-0.251781975923114
1798,1809,-1.35225368127388
1798,1811,-0.482178691645402
1798,2378,-0.457415957715395
1798,2887,-0.241293187674955
1798,2982,-1.01390395632555
1798,3159,-0.194350990774845
1798,3384,-1.02082532227798
1798,3420,-0.537142645888834
1798,3493,-1.32569580834261
1798,3665,-0.913973827563868
1798,3986,-0.0563553712541827
1799,1801,-1.23594065355649
1799,1803,0.0806199928383436
1799,1809,-1.04054104787108
1799,1811,-0.170466058242604
1799,1812,-0.490949587732789
1799,1922,0.825988662296425
1799,3128,-0.493533706803349
1799,3187,-0.153527078640689
1799,3472,-0.643281900622339
1799,3475,-1.4775615070549
1799,3610,-0.688643785831855
1799,3747,-1.46548822931181
1799,3815,-0.706084566365718
1800,1802,-1.12577438347419
1800,1804,-1.07780171032157
1800,1805,-2.0326152503208
1800,1811,-1.32767651879042
1800,1812,-1.64816004828061
1800,2112,-0.464134737659456
1800,2520,-2.67915352834083
1800,2597,-1.08397622212686
1800,3174,-1.19109065921102
1800,3235,-1.67125231442051
1800,3244,-1.5297294675223
1800,3265,-0.518931528726833
1800,3501,-2.38303081848985
1800,3573,-0.932436283736045
1800,3625,-1.09845201947693
1800,3808,-0.218062905789989
1801,1803,1.31656064639483
1801,1805,0.360535863783512
1801,1810,1.72967799869193
1801,1811,1.06547459531389
1801,2019,1.00849405925702
1801,2446,-0.234865229041128
1801,2518,1.39652144145288
1801,2568,0.246914728548965
1801,3074,0.721712336240233
1801,3333,0.883917832652618
1801,3627,-0.850823465430244
1801,3768,0.511864876746298
1802,1808,-0.46998504363101
1802,1809,-1.07197712494471
1802,1810,0.462301268061808
1802,1946,-1.07003978522273
1802,2073,-0.0944610833205344
1802,2403,0.145893349439767
1802,2478,-1.01408801183213
1802,2625,-1.46729541101445
1802,2850,-0.811736317260202
1802,2896,-0.329653192941657
1802,2906,-1.80981371182669
1802,2909,-0.171728684940803
1802,3057,-1.45415377062421
1802,3097,0.186358050981445
1802,3188,-1.43950406498114
1802,3683,-0.662486576592744
1802,3813,-0.979030893893779
1803,1804,-0.0012112426120965
1803,1811,-0.251086051080947
1803,1813,-0.958908721003117
1803,1953,0.183765620765712
1803,2482,-1.18888564883169
1803,2739,-1.04593324142
1803,2957,-2.13345017919726
1803,3003,-0.578629807364266
1803,3197,0.132236947846774
1803,3281,-0.385430696550932
1803,3377,-0.946226099448014
1803,3518,-0.335086474489939
1804,1805,-0.954813539999226
1804,1806,-0.0194780927465618
1804,1807,-2.07638070377531
1804,1809,-1.11994979809733
1804,1810,0.41432859490919
1804,1872,-1.48261249966665
1804,1887,-2.1961503435383
1804,2290,-0.0951018177099051
1804,2409,0.60487476728295
1804,3023,-1.17845028923074
1804,3162,-1.42891080436137
1804,3668,-1.32486287870994
1804,3682,-0.538659361372901
1804,3755,-1.0511198349434
1805,1806,0.935335447252664
1805,1810,1.36914213490842
1805,1811,0.704938731530376
1805,2047,0.418866975358817
1805,2346,-1.05448406405176
1805,2553,0.465921844225571
1805,2782,0.0111965473749622
1805,2960,0.36634066412338
1805,3183,1.70194169580147
1805,3277,0.635413322420732
1805,3368,1.00654240776747
1805,3799,0.04569769335746
1805,3858,0.234034297492409
1806,1812,-0.550880245212474
1806,1814,-1.80922436851494
1806,1815,-0.965184163343542
1806,1819,-0.496463584785081
1806,1832,-1.46119163716968
1806,1896,0.569394755939035
1806,2002,0.652995862556592
1806,2233,-0.138308572408344
1806,2304,-0.460960226697263
1806,3170,0.413572798955638
1806,3430,-0.978949781729676
1806,3439,-1.43686608731745
1806,3476,0.324053767282972
1806,3623,-1.23823886432682
1806,3901,0.2193807746462
1807,1819,1.56043902624366
1807,2001,0.964722947372227
1807,2066,1.65824910225059
1807,2244,1.32645728016366
1807,2796,1.91215334102936
1807,2865,1.09595794537113
1807,3041,1.20778867070353
1807,3095,2.90434583594202
1807,3466,1.83944897454079
1807,3494,0.690885568437417
1807,3614,3.40325839075101
1807,3843,0.843461463472972
1807,3892,1.88541151613946
1807,3968,-1.18675788815245
1808,1811,0.268082908314778
1808,1813,-0.439739761607392
1808,1814,-1.31074474447787
1808,1874,-0.515076356636436
1808,2060,0.634591195834191
1808,2066,0.099826115258908
1808,2101,-0.920437529829397
1808,2150,1.13218692407267
1808,2174,-1.1335126874462
1808,2201,-0.868861968204995
1808,2706,-0.471623809493951
1808,2734,0.374058712910115
1808,2766,0.339929695772267
1808,3337,0.129035520813113
1808,3369,1.00973708575997
1808,3434,-0.340847763111427
1809,1814,-0.708752663164172
1809,1815,0.135287542007223
1809,1821,-0.217082366327645
1809,1822,1.39208254845899
1809,1841,0.0840519148652436
1809,1971,0.72170469267835
1809,2011,1.19512072331619
1809,2302,1.08570198168029
1809,2526,1.03950036509079
1809,2657,-0.131481356541122
1809,3365,1.27034489243581
1809,3377,0.17493494126141
1809,3841,0.0842673852357308
1809,3933,-0.120746750173228
1810,1813,-1.37202607330021
1810,1816,-1.25207559045924
1810,1818,-1.48894902538137
1810,1819,-0.930270272440832
1810,1840,-0.975361283636352
1810,1865,0.3743730850821
1810,1896,0.135588068283283
1810,2032,-0.266068923023867
1810,2090,-0.391641769403514
1810,2111,-1.47976392408123
1810,2574,-1.71687464448817
1810,3015,-1.91274358422652
1810,3096,-0.773239088445283
1810,3343,-1.55080775086157
1810,3544,-0.229306742619345
1810,3596,-0.683432416552054
1811,1814,-1.57882765279265
1811,1819,-0.266066869062792
1811,1821,-1.08715735595612
1811,1823,-0.57078311608054
1811,2010,-0.946733173081517
1811,2074,-0.454989887991918
1811,2146,0.422653478330214
1811,2248,0.275881694959203
1811,2700,-1.12602804064575
1811,2749,0.928226179038341
1811,3133,0.288101489434645
1811,3283,0.315481938967855
1811,3292,0.613379700871153
1811,3321,0.0773010244769397
1811,3333,-0.181556762661269
1811,3443,0.0530745307213771
1812,1815,-0.414303918131068
1812,1816,-0.267388657591014
1812,1821,-0.766673826465936
1812,1825,0.194231659789079
1812,2244,-0.179565085652607
1812,2360,0.684147469627654
1812,2836,0.193552312715118
1812,3429,-0.945772969655288
1812,3582,0.929478682373676
1812,3586,-0.400248295122542
1812,3715,-0.641855133006831
1812,3806,0.108614700326404
1812,3819,-0.529259847900181
1813,1815,-0.0269647776990841
1813,1816,0.119950482840971
1813,1819,0.441755800859378
1813,1820,-1.1569782579535
1813,1821,-0.379334686033951
1813,1824,0.699935379061348
1813,1826,0.225138411396789
1813,2216,-0.0481340315520861
1813,2982,0.176097405242025
1813,3228,0.106041890025726
1813,3571,1.01157501099731
1813,3830,0.280849065679262
1813,3861,0.390012822004723
1813,3892,0.76672829075517
1814,1820,-0.285973275083018
1814,1827,0.799437276379574
1814,1915,0.477890627165686
1814,2151,1.13795511527465
1814,2373,1.90842786483824
1814,2517,1.23079912986483
1814,2627,0.113165890321564
1814,2818,0.316755866295244
1814,2958,1.80259950128596
1814,3091,1.5556993813992
1814,3109,-0.383042969660693
1814,3167,-0.421871260436184
1814,3204,1.13117831825928
1814,3237,0.484287010996145
1814,3837,1.87292913388646
1814,3912,0.994431189159417
1815,1817,-1.1684054488918
1815,1819,0.468720578558462
1815,1823,0.164004331540714
1815,1824,0.726900156760432
1815,1825,0.608535577920147
1815,1830,1.64144074558007
1815,1851,1.38992866711576
1815,2213,-0.0355414695388851
1815,3024,-0.425432314738184
1815,3044,-0.143346398872083
1815,3047,0.0191689578947745
1815,3053,-0.300632448478044
1815,3242,0.283185363453729
1815,3332,0.0233404908804875
1815,3454,0.626503030455986
1815,3505,1.08704753979157
1815,3912,0.150390983988023
1816,1817,-1.31532070943186
1816,1827,-0.191518189331876
1816,1839,1.03617359310238
1816,2196,1.45251539578141
1816,2512,0.281027099444359
1816,2648,-0.0611805960261362
1816,2659,0.972124461022769
1816,2848,-0.148915993913904
1816,3511,0.814374814884674
1816,3512,1.46636473974896
1816,3573,0.983112422135574
1816,3755,-0.213372839393352
1817,1818,1.07844727450972
1817,1823,1.33240978043252
1817,1824,1.89530560565223
1817,1826,1.42050863798767
1817,2148,2.06113276887358
1817,2307,1.51068227012023
1817,2553,1.66417600920825
1817,2701,1.01038439829485
1817,2775,1.45148048849362
1817,2808,1.45659440526923
1817,2963,2.22525536080386
1817,3438,1.65008769173387
1817,3443,1.95626742723443
1817,3790,2.65247484324096
1817,3831,2.28160584878903
1817,3884,1.59110340519753
1818,1823,0.253962505922794
1818,1824,0.816858331142512
1818,1826,0.342061363477953
1818,1827,0.0453552455902589
1818,2207,-0.862357667178608
1818,2707,0.158178513288129
1818,2734,0.930721426598671
1818,3131,0.218700592537444
1818,3351,0.432773923071441
1818,3377,0.129605573636267
1818,3824,0.638535105131112
1818,3829,1.62389829508363
1818,3965,0.744446070993637
1819,1820,-1.59873405881287
1819,1825,0.139814999361685
1819,1826,-0.216617389462589
1819,1830,1.1727201670216
1819,1832,-0.964728052384603
1819,1848,-1.26142126050026
1819,2086,0.599302725351152
1819,2167,-0.288267265389444
1819,2503,-0.526766356273426
1819,2747,0.321516066907786
1819,2810,-1.21453587015169
1819,2935,0.53923895094743
1819,3353,0.651108716869246
1819,3512,1.14455942173055
1819,3691,0.536378287012418
1819,3696,-1.31479840725779
1819,3726,-0.0521263566181883
1819,3961,-0.496037970568245
1820,1823,1.29401781179513
1820,1826,1.38211666935029
1820,1830,2.77145422583448
1820,2210,1.67601503495996
1820,2242,1.04446894851689
1820,2535,1.08369735378692
1820,2622,1.8856035255381
1820,3097,2.25306111417334
1820,3185,1.4779628223247
1820,3361,1.12594736382149
1820,3450,0.719332568381642
1820,3910,2.67509993724578
1821,1822,1.60916491478663
1821,1831,2.100118381392
1821,1911,0.53769267518537
1821,1992,-0.721955165780393
1821,2385,0.273381100841075
1821,2496,1.04211447803542
1821,2597,1.33085765261969
1821,2606,1.5302298762884
1821,2673,-0.394162389823069
1821,2684,1.09671079088325
1821,2935,1.36032943784076
1821,3846,0.997963531481937
1822,1825,-0.648259428531617
1822,1829,0.475031584593441
1822,1830,0.384645739128301
1822,1930,-1.70322759678247
1822,1962,-1.46523994656857
1822,2062,-0.928144896034198
1822,2480,-0.870235393874936
1822,2765,-0.888438235801019
1822,2947,-0.859252163569023
1822,3128,-0.845075207391256
1822,3311,-0.382932450087618
1822,3495,-0.0451060858901965
1822,3552,-0.680522225488005
1822,3699,-0.333607555771511
1822,3891,0.0082326475781335
1823,1825,0.444531246379433
1823,1826,0.0880988575551588
1823,1827,-0.208607260332535
1823,2318,-0.336762629911577
1823,2369,0.312075097470399
1823,2587,0.540702311624359
1823,2847,-0.320226646266023
1823,2941,0.251170745923849
1823,3284,1.10192664959996
1823,3597,0.0602026202365383
1823,3742,0.142191563831041
1824,1828,-0.124085914387649
1824,1829,1.00492643428477
1824,1831,1.0208483162967
1824,1832,-1.22290763058657
1824,1834,-0.438562528837797
1824,2281,-0.404928837061163
1824,2760,-0.0617807334495483
1824,3249,0.376033708845319
1824,3455,-0.169593454893926
1824,3709,0.145314126037069
1824,3846,-0.0813065336133628
1824,3898,0.161584906348423
1825,1828,-0.0057213355473635
1825,1830,1.03290516765992
1825,1835,0.0690753922426939
1825,1836,0.376278648461475
1825,1837,-1.44042346815639
1825,1966,-0.802426330977469
1825,2093,0.886197399194147
1825,2217,0.097385617781489
1825,2239,0.37222462933181
1825,2314,-0.399992470480758
1825,2655,0.250070399949035
1825,2669,0.373561228987769
1825,2788,1.05820817345298
1825,2906,-1.48165970680935
1825,3083,0.242359938241352
1825,3362,0.340254505660801
1825,3825,0.362613427161551
1826,1828,0.350711053276911
1826,1830,1.38933755648419
1826,1832,-0.748110662922014
1826,1862,0.184137692882991
1826,1887,-1.46359127654407
1826,1979,0.170888704148138
1826,1998,0.382271008774439
1826,2223,0.066332981162892
1826,2361,0.221899131958736
1826,2568,-0.335875608239541
1826,2656,0.800902564698577
1826,2832,0.783819133167774
1826,2853,0.0419024951173342
1826,3012,0.107080795374764
1826,3418,0.531552651954966
1826,3508,-0.202658265282966
1826,3739,-0.242768262952052
1826,3757,-0.0236101838340888
1826,3773,0.399358398744455
1826,3787,-0.184090614963329
1827,1828,0.647417171164605
1827,1829,1.77642951983703
1827,1830,1.68604367437189
1827,1831,1.79235140184895
1827,1833,1.89542358637054
1827,1839,1.22769178243425
1827,2693,0.898216200393841
1827,2706,0.0396836586043461
1827,2956,0.880761922514998
1827,3198,0.706877396661387
1827,3379,-0.353742519926219
1827,3587,0.0617573475710703
1827,3786,-0.107480857222325
1828,1832,-1.09882171619892
1828,1833,1.24800641520593
1828,1834,-0.314476614450149
1828,1836,0.381999984008838
1828,1996,-0.448616072732368
1828,2002,1.01536578352735
1828,2061,0.163660558259384
1828,2097,-0.462238297694292
1828,2498,-0.805597533389498
1828,2898,-0.885038391314102
1828,2990,1.21896928688134
1828,3117,-0.685848385802088
1828,3403,-0.136491354168907
1828,3980,-0.629651010640325
1829,1831,0.0159218820119261
1829,1834,-1.44348896312257
1829,1835,-1.05421562088236
1829,1839,-0.548737737402772
1829,1840,-1.30819702368226
1829,2313,-2.56613421729931
1829,2686,-2.17623435191756
1829,2759,-1.3729326371745
1829,2794,-1.42888611553946
1829,2820,-1.03861253421955
1829,2901,-1.63102787357186
1829,3159,-0.709211442553394
1829,3295,-1.01070270880491
1829,3789,-1.32605390221867
1830,1832,-2.13744821940621
1830,1837,-2.47332863581631
1830,2070,-1.04985459750881
1830,2099,-0.50310227316415
1830,3015,-2.15519347880729
1830,3091,-0.929781569352264
1830,3142,-0.607974898948136
1830,3194,-2.31496232427968
1830,3449,-0.886466234361968
1830,3683,-1.36723773923532
1830,3736,-1.26330907144283
1831,1832,-2.24375594688327
1831,1833,0.103072184521584
1831,1834,-1.4594108451345
1831,1835,-1.07013750289429
1831,1838,-0.833222852444548
1831,1841,-1.79898410019911
1831,1842,-1.78041609484256
1831,1891,-1.63301758052639
1831,1915,-2.11389805106284
1831,2033,-0.376347531447894
1831,2294,-0.526001824680608
1831,2444,-2.0923773346393
1831,2608,-2.3235773559861
1831,2667,-0.197608579603561
1831,2783,-1.66571738384132
1831,2823,-1.54792634229873
1831,3184,-1.38084100515449
1831,3461,-2.05576355285487
1831,3555,-0.757455703992604
1831,3932,-1.94234493668754
1832,1833,2.34682813140486
1832,1997,1.470067274954
1832,2282,0.495216721201618
1832,2627,-0.23486684102369
1832,2733,1.42857921063099
1832,2754,0.756032312557133
1832,2834,0.983153255595121
1832,3047,0.515176431720915
1832,3553,1.08535513975216
1832,3853,-0.38322071225097
1833,1838,-0.936295036966131
1833,1844,-1.76084551696492
1833,1940,-0.934410829937636
1833,2335,-1.44283347627447
1833,2428,0.202947305815572
1833,2461,-1.35890921867703
1833,2641,-3.19442374858052
1833,2678,-1.94974439189176
1833,2835,-1.23468672970443
1833,3044,-1.9941670564508
1834,1835,0.389273342240206
1834,1836,0.696476598458987
1834,1841,-0.339573255064614
1834,1842,-0.321005249708068
1834,1844,-0.19836248730884
1834,1913,0.462730454596953
1834,2107,-0.075138842023771
1834,2381,0.752784891985529
1834,2719,-0.35989128802333
1834,2773,1.48058160614427
1834,2815,-0.442905327259926
1834,2914,0.306113125791258
1834,3388,-0.618998950274605
1834,3538,-1.56461349489376
1834,3883,-0.307577373371232
1835,1839,0.505477883479593
1835,1841,-0.72884659730482
1835,1854,0.43560706436287
1835,1918,0.33336463464966
1835,1927,-0.931201246601751
1835,1943,-0.521194476059715
1835,1957,-1.47730440692821
1835,2123,-0.794229054288491
1835,2156,-0.528993816763559
1835,2324,-0.0255734069265536
1835,2351,-0.600031592928094
1835,2557,0.862649227317837
1835,2781,-1.36235260050813
1835,2977,-0.230976531927578
1835,3066,-0.689719508209665
1835,3093,-1.58487787510078
1835,3672,-0.744274079836554
1835,3679,-1.00641354678895
1835,3735,-0.700735881174489
1835,3790,0.806458424186317
1835,3937,-0.9560084408697
1836,1838,-0.0702886057690386
1836,1839,0.198274627260812
1836,1842,-1.01748184816706
1836,1843,-0.964966357384613
1836,1846,-0.0717430685507466
1836,1877,-1.08164852731676
1836,2016,-0.158763433608552
1836,2152,-1.79933145073821
1836,2246,-0.88026900152553
1836,2279,-1.48121900470672
1836,2439,0.572578242216984
1836,2650,-1.40317548418718
1836,2700,-1.37605481940612
1836,3028,-0.581487266268972
1836,3339,-0.0303860590235228
1836,3727,-0.46172332029302
1836,3765,-0.293694256365142
1836,3793,0.0096996613210129
1837,1838,1.74641351084883
1837,1839,2.01497674387868
1837,1841,0.780652263094265
1837,1844,0.921863030850039
1837,1848,0.0391872082944504
1837,1849,1.94060793384566
1837,1850,1.41178490615937
1837,2178,1.46637934828048
1837,2567,2.08019177301802
1837,2679,1.49680317556248
1837,2714,0.109637712479177
1837,3176,1.50702832097414
1837,3911,2.37538476763688
1838,1844,-0.824550479998788
1838,1847,0.0761062604891449
1838,1850,-0.334628604689457
1838,2117,0.590194272026233
1838,2582,-0.602184446598004
1838,2660,-1.33639488518956
1838,2741,-0.6961777365067
1838,3073,-1.94646698067774
1838,3135,-0.623137381976055
1838,3315,0.0939843687906002
1838,3431,-0.953332214414334
1838,3980,-0.941362388880124
1839,1841,-1.23432448078441
1839,1843,-1.16324098464543
1839,1845,0.238394581593132
1839,1846,-0.270017695811558
1839,1852,-1.31333731736484
1839,2010,-1.3950345791027
1839,2180,-0.27207810821415
1839,2217,-0.477167657940798
1839,2405,-0.992572374951244
1839,2442,-0.928035229424077
1839,2481,-1.14697907863457
1839,2585,-0.623053274133244
1839,3441,-0.551307972785936
1839,3945,-1.15143882619303
1840,1844,-0.333654426749147
1840,1848,-1.21633024930474
1840,1852,-0.553878031085345
1840,1853,-0.324381304338369
1840,2495,-0.384721411904168
1840,2567,0.824674315418835
1840,2651,0.275007473756415
1840,3209,-0.241969357029131
1840,3578,-0.311983051155138
1840,3632,-1.0928697080186
1841,1842,0.0185680053565457
1841,1848,-0.741465054799815
1841,1891,0.165966519672725
1841,1985,0.702162838431622
1841,2050,-0.403156791935681
1841,2068,0.0242211328749175
1841,2367,0.795551956964023
1841,2634,-0.206012470877653
1841,3359,-0.907134215247881
1841,3728,-0.101599738230883
1841,3741,0.555853468825674
1841,3848,1.92784209749876
1841,3853,-0.827992558935132
1842,1847,1.02329950288716
1842,1852,-0.0975808419369696
1842,1853,0.131915884810007
1842,2391,-0.578935316207893
1842,2645,0.778141983345931
1842,2703,-0.0678875489391601
1842,2998,0.0049835756844707
1842,3513,0.0064041008773096
1842,3823,0.350730083641009
1842,3837,1.0615565505005
1842,3939,0.746871767574376
1842,3990,-1.17796916554737
1843,1845,1.40163556623856
1843,1938,-1.04327776574366
1843,2199,1.24671070706907
1843,2230,-0.212187276450849
1843,2240,0.549550568339425
1843,2252,0.315757372940775
1843,2314,0.18869523844238
1843,2585,0.540187710512181
1843,3172,-0.390450728361415
1843,3179,0.435905414219997
1843,3199,0.0369341343117229
1843,3448,-0.0174053342450931
1843,3508,0.0295970548158981
1843,3533,-0.0141368247438907
1843,3726,0.396746352943265
1843,3932,-0.214444332627414
1844,1851,1.29995352650196
1844,1854,1.02324289391192
1844,1856,0.0805506974093076
1844,1857,-1.32367673236033
1844,2260,0.222969720104644
1844,2277,-0.509867331049295
1844,2655,0.768630837255387
1844,2685,1.22159813776564
1844,2732,0.283721990716193
1844,2913,0.0210582622653159
1844,3374,-0.638955993443431
1844,3758,0.793909620920035
1845,1847,-0.430851554133837
1845,1848,-2.21418411717736
1845,1852,-1.55173189895797
1845,1853,-1.32223517221099
1845,2010,-1.63342916069583
1845,2067,-0.879039463486182
1845,2120,-1.71575216524886
1845,2325,-1.42165416408646
1845,2355,-0.181200005307145
1845,2365,-1.79822801506694
1845,2490,0.854271086908347
1845,2500,-0.693940696275942
1845,2632,-0.236041636667136
1845,2853,-1.12747775102236
1845,3013,-1.09597831224253
1845,3202,-1.30976895953217
1845,3249,-0.318549569629815
1845,3451,-2.37886381732542
1845,3457,-1.01679430213946
1845,3768,-1.2403057061819
1845,3811,-0.609015722630164
1845,3836,-2.54792153260854
1846,1849,0.19564888577854
1846,1854,0.200146876694836
1846,2115,-0.578448841792078
1846,2466,0.191042986995466
1846,2476,-0.435221468340199
1846,2479,-1.18169179242307
1846,2613,-0.673466501590111
1846,2755,-0.44518888183476
1846,2942,0.0290361274696077
1846,3228,-0.780064490106066
1846,3469,-0.917780869480425
1846,3633,-0.340244668675021
1846,3785,-0.912705040595478
1846,3822,-0.571103569016895
1846,3965,-0.258583261219318
1847,1853,-0.891383618077155
1847,1854,0.122586153423983
1847,1858,-0.779744282693665
1847,1957,-1.7903253178671
1847,2280,0.857085282675923
1847,2320,-0.788318040611698
1847,2490,1.28512264104218
1847,2614,0.092172891576505
1847,2680,-1.72086160050446
1847,2777,-0.752098333062335
1847,3268,-0.837521863565423
1847,3389,-1.63669093632091
1847,3397,0.0337410750377062
1847,3568,-1.74030698736908
1847,3767,-0.649459054410054
1848,1849,1.90142072555121
1848,1850,1.37259769786492
1848,1851,2.18262934905755
1848,1852,0.662452218219391
1848,1856,0.963226519964896
1848,1858,1.00358828034986
1848,1861,1.14195729487177
1848,1921,1.50513745600687
1848,2369,1.26878011095291
1848,2628,1.79108436217031
1848,2798,2.49663179163155
1848,3222,1.25792491230304
1848,3545,0.822527028783627
1848,3773,1.44416226978212
1849,1852,-1.23896850733182
1849,1853,-1.00947178058484
1849,1854,0.0044979909162963
1849,1856,-0.938194205586312
1849,1860,-1.04121327817438
1849,1952,-0.11454965705012
1849,2307,-0.766443222380986
1849,2525,-0.456866649535089
1849,2555,0.346440056110098
1849,2717,0.581331065296134
1849,2766,-0.302085808530672
1849,2865,-1.10448054592349
1849,3265,0.434812394075427
1849,3586,-1.09466442060089
1849,3611,-2.79315586172681
1849,3821,-0.447975707569661
1849,3835,-1.13259751875049
1850,1853,-0.480648752898552
1850,1858,-0.369009417515063
1850,1993,-0.673617396532358
1850,2566,-0.900723264412967
1850,2635,-0.121459350830735
1850,2648,-0.494162351409208
1850,2667,0.970242877530444
1850,2899,-0.372380905279182
1850,2920,-1.04913556106589
1850,3021,-0.280487345217987
1850,3634,0.546125724635915
1850,3711,0.305503198960704
1850,3841,-0.630917172694618
1850,3946,-1.34342249951578
1851,1852,-1.52017713083816
1851,1854,-0.276710632590047
1851,1855,-1.59674179989836
1851,1862,-0.953687785136895
1851,1864,-0.883717795667095
1851,1952,-0.395758280556463
1851,2199,-0.123370091049681
1851,2250,-0.4865446485271
1851,2386,-0.375374184689696
1851,2479,-1.65854930170795
1851,2676,-0.78486119009793
1851,2979,-0.819138552356685
1851,3285,-1.64100587033035
1851,3429,-1.92139771863998
1851,3642,-0.802810296912412
1851,3689,0.531157739434422
1852,1855,-0.0765646690601976
1852,1859,-0.849761581924401
1852,1864,0.636459335171067
1852,1865,1.9036123998038
1852,1945,0.738638341754161
1852,2273,1.18698269733543
1852,2789,1.14393495663647
1852,2881,1.74626955500167
1852,3090,1.45033640821355
1852,3706,0.507147854415044
1852,3716,-0.09327058649266
1852,3828,-0.252048021278869
1852,3875,1.10453429975089
1853,1856,0.071277574998529
1853,1857,-1.33294985477111
1853,1862,0.33699261895429
1853,1863,-0.862995539342843
1853,1864,0.40696260842409
1853,1866,0.787793786009521
1853,2195,-0.0435990403518163
1853,2272,0.236387787198935
1853,2531,0.260850525081013
1853,2859,0.466847760383902
1853,2902,0.526084997135431
1853,2957,-1.24682494351963
1853,3159,0.923366885467237
1853,3907,0.896780784662325
1853,3925,1.71663991907019
1854,1856,-0.942692196502609
1854,1859,-2.09322808017252
1854,1864,-0.607007163077047
1854,1866,-0.226175985491617
1854,1867,-0.44884738747082
1854,1899,-0.406143950960335
1854,2269,0.241147588909133
1854,2431,-0.386353705271212
1854,2488,0.0715520787324895
1854,2590,-1.040886162384
1854,2608,-1.68904691745468
1854,2900,-2.11849406876449
1854,3230,-0.970755152270434
1854,3802,-2.11342874729266
1855,1856,0.377338970805703
1855,1859,-0.773196912864203
1855,1864,0.713024004231265
1855,1867,0.871183779837492
1855,1902,0.0871346806992277
1855,2007,1.79616321190406
1855,2195,0.262462355455358
1855,2670,-0.184158959372077
1855,2940,-0.278029167729785
1855,3158,2.0721079848714
1855,3381,0.471089916491968
1855,3461,-0.101201947015141
1855,3792,0.438376286813889
1855,3816,-0.352074588772323
1856,1857,-1.40422742976964
1856,1859,-1.15053588366991
1856,1860,-0.103019072588068
1856,1863,-0.934273114341372
1856,1864,0.335685033425561
1856,1865,1.60283809805829
1856,2229,0.786503079997592
1856,2450,0.400710614374464
1856,2454,-0.754626249080638
1856,2486,0.179356067584625
1856,2597,0.807961906261717
1856,2723,-0.639193632616727
1856,2770,-0.0120070625452315
1856,2950,-0.177484581788068
1856,3678,0.916131284663507
1856,3692,1.00645644474621
1856,3694,0.588068636029685
1857,1858,1.4445891901546
1857,1859,0.253691546099736
1857,1860,1.30120835718157
1857,1862,1.6699424737254
1857,1864,1.7399124631952
1857,1868,1.00211467869362
1857,1869,0.998452102807394
1857,2209,0.565734101529283
1857,2771,2.24123351112783
1857,2983,1.86546461921312
1857,3471,2.51480668805596
1857,3831,2.34690199164377
1858,1861,0.138369014521914
1858,1863,-0.974634874726333
1858,1865,1.56247633767333
1858,1867,0.453483048646829
1858,1870,-0.793593684810756
1858,1871,-0.8623101970916
1858,1904,0.229961232318313
1858,1988,-0.69108444889838
1858,2206,-0.0430668950728318
1858,2452,-0.660139386172275
1858,2596,-0.471682357235882
1858,2986,-0.809902976552029
1858,3377,-0.171240199153876
1858,3484,-0.766403058215729
1858,3500,-0.650443792837019
1858,3881,-0.467802989061876
1859,1866,1.8670520946809
1859,2958,1.93856934176137
1859,2980,0.672459867401387
1859,3225,1.86382498300018
1859,3279,1.17286604625949
1859,3439,0.508328121672892
1859,3568,0.230334939379448
1859,3696,0.133932216947478
1859,3986,2.14062081365928
1859,3990,-0.230626741685997
1860,1861,0.281749847494943
1860,1866,0.81953528359906
1860,1868,-0.299093678487951
1860,1872,-0.565457009011578
1860,1873,0.48504913333047
1860,2785,0.591889268674434
1860,2835,0.548627162439246
1860,3144,0.485315919025182
1860,3160,-0.76278347067332
1860,3207,-0.873133175570448
1860,3480,-0.106792927081589
1860,3981,0.84615649023221
1861,1870,-0.93196269933267
1861,1873,0.203299285835528
1861,2400,-0.0723766790739596
1861,2421,-0.424252203978512
1861,2562,0.452838253715856
1861,2858,-0.210342150501962
1861,3247,-0.675874520821546
1861,3269,-0.59732829034707
1861,3503,-0.569681111080761
1861,3947,0.197383606688763
1862,1864,0.0699699894698006
1862,1865,1.33712305410253
1862,1867,0.228129765076028
1862,1868,-0.66782779503178
1862,1872,-0.934191125555407
1862,1984,1.16645604679576
1862,2088,-0.353343451298486
1862,2369,0.0398385470322496
1862,2472,0.455301671634407
1862,2700,-0.827481475003361
1862,3134,0.792596939555695
1862,3178,-0.278926600869429
1862,3886,-0.971344367513815
1863,1864,1.26995814776693
1863,1865,2.53711121239966
1863,1866,1.65078932535236
1863,1869,0.528497787379124
1863,1873,1.31630317508377
1863,1876,1.21871668101462
1863,2083,0.416637191947414
1863,2643,0.693745954253312
1863,2777,1.00228082435766
1863,3171,1.2980911516773
1863,3636,0.605440434568445
1863,3810,1.78380012272033
1863,3852,1.22618447389654
1864,1868,-0.73779778450158
1864,1876,-0.0512414667523092
1864,1877,-0.6030451723838
1864,2107,-0.2930120855498
1864,2244,-0.271472038970203
1864,3043,-0.492305375542834
1864,3792,-0.274647717417376
1864,3838,-0.378949648675662
1865,1867,-1.1089932890265
1865,1877,-1.87019823701653
1865,1878,-1.36017360831417
1865,2032,-0.640442008105968
1865,2221,-0.858886911299457
1865,2263,-1.52163845404934
1865,2560,-1.80324199577088
1865,2976,-0.441320814699072
1865,3163,-2.61628761333293
1865,3800,-1.85180558368023
1866,1867,-0.222671401979202
1866,1868,-1.11862896208701
1866,1872,-1.38499229261064
1866,1874,-0.935413866364054
1866,1875,-1.38326424798796
1866,1878,-0.473851721266871
1866,2015,-1.92971632540579
1866,2109,-1.07434859737899
1866,2450,-0.315805596636528
1866,2642,0.50994375276635
1866,2648,-0.801307384520176
1866,3611,-2.57147786715149
1866,3912,-0.736651065046072
1867,1870,-1.24707673345758
1867,1873,-0.111814748289387
1867,1875,-1.16059284600876
1867,1879,0.490433201123219
1867,2682,-0.537051959974893
1867,2916,-0.558636378466523
1867,2941,-0.249195569590329
1867,2966,0.989453060256427
1867,3227,-0.255959352244384
1867,3268,-0.511260629518586
1867,3331,-0.992919871505669
1867,3889,-0.0140322062099226
1868,1869,-0.0036625758862293
1868,1873,0.784142811818421
1868,1875,-0.264635285900954
1868,1876,0.686556317749271
1868,1877,0.13475261211778
1868,1880,-0.192413100172755
1868,1986,0.419137955300446
1868,2619,0.352943772953835
1868,2684,0.975927795601301
1868,2733,1.16415864985777
1868,3152,1.66974227592496
1868,3324,0.59482902207828
1868,3390,2.29503090328325
1868,3522,0.719153079509941
1868,3562,1.06676797141565
1868,3796,1.06442295017494
1869,1870,-0.347456597463547
1869,1874,0.186877671609186
1869,1877,0.13841518800401
1869,1879,1.39005333711726
1869,2206,0.403070192274377
1869,2330,0.20880975740137
1869,2657,-0.0315194096091986
1869,3573,1.36527717161477
1869,3660,0.372358211345203
1869,3721,0.83030827740033
1870,1875,0.0864838874488223
1870,1879,1.7375099345808
1870,2386,1.59726056882876
1870,2412,0.717076120374702
1870,2635,1.04114375149508
1870,3523,0.551285569594895
1870,3534,0.613636463638428
1870,3987,1.39187642484875
1871,1873,1.20397849744904
1871,1874,0.603050781353577
1871,1877,0.554588297748401
1871,1883,1.21268752749047
1871,1884,1.32508363511369
1871,2082,1.80099632507531
1871,2170,0.521337675985482
1871,2245,-0.0737094912465388
1871,2319,1.63239380599999
1871,2492,1.11332612103961
1871,2594,-0.21840071418079
1871,2782,0.692467862149377
1871,3151,-0.478487129354724
1871,3162,0.207174050412272
1871,3244,1.18415709757291
1871,3472,0.913394203925055
1871,3694,1.41001707273632
1871,3724,-0.248117109049131
1871,3793,1.64593648638617
1871,3809,1.09918226213008
1872,1873,1.05050614234205
1872,1874,0.449578426246584
1872,1875,0.0017280446226733
1872,1876,0.952919648272899
1872,1877,0.401115942641408
1872,1883,1.05921517238347
1872,1884,1.1716112800067
1872,1885,1.63763263756173
1872,2247,0.589237573219247
1872,2396,-0.255629116716229
1872,2494,2.10144759301051
1872,2510,-0.626981489007909
1872,3642,1.08506861377989
1872,3742,0.804146138948299
1873,1878,-0.139365570998282
1873,1879,0.602247949412606
1873,1880,-0.976555911991176
1873,1884,0.12110513766465
1873,2093,0.942177078348789
1873,2138,0.466926529785431
1873,2152,-1.36707312312209
1873,2339,-0.101050994524821
1873,2603,-0.14130577512486
1873,3051,0.28231500533682
1873,3147,-0.0459192343232827
1873,3518,0.0982311254467566
1873,3582,0.79122670173924
1873,3971,-0.704455808194841
1874,1878,0.461562145097183
1874,1880,-0.375628195895711
1874,1884,0.722032853760115
1874,1885,1.18805421131515
1874,1886,0.738528773671146
1874,2023,1.86381050124625
1874,2260,0.361316678048399
1874,3633,0.621198306485814
1874,3677,1.27972635308428
1875,1876,0.951191603650225
1875,1877,0.399387898018734
1875,1880,0.0722221857281993
1875,1884,1.16988323538403
1875,1891,0.610953091484616
1875,2201,0.0940647700553509
1875,2272,0.831858249177378
1875,2669,1.47831900586179
1875,2952,1.69142715912729
1875,3027,1.36229740115932
1875,3348,1.19650274034455
1875,3355,0.717764024520251
1875,3528,0.930456801047743
1875,3560,1.54212069375505
1875,3574,1.82478751512239
1875,3863,0.352872540099551
1876,1879,0.699834443481755
1876,1880,-0.878969417922026
1876,1883,0.106295524110575
1876,1884,0.2186916317338
1876,1885,0.684712989288831
1876,1886,0.235187551644831
1876,1917,-0.706996592924023
1876,2152,-1.26948662905294
1876,2212,0.289201051603764
1876,2417,0.201556709143069
1876,2425,1.20431280773352
1876,2726,-1.53968882975467
1876,2756,0.574594701675572
1876,3616,-0.524700992085133
1877,1881,0.83507971084818
1877,1883,0.658099229742066
1877,1888,-0.12485347856909
1877,2315,-0.665913237970961
1877,3222,0.562058531296382
1877,3569,0.0353890295404721
1877,3630,0.0131247519453533
1878,1888,-0.634878107271449
1878,1891,-0.298459435236478
1878,1907,0.96748088751871
1878,2068,-0.440204822034285
1878,2895,0.639383014560573
1878,3046,-1.72563185072985
1878,3077,-0.0879163446044717
1878,3920,0.413663794435691
1879,1882,-1.67344812255527
1879,1883,-0.59353891937118
1879,1884,-0.481142811747955
1879,1891,-1.04007295564736
1879,2464,-1.53225274554956
1879,2485,0.541310738817997
1879,2504,-0.419810891452982
1879,2606,0.0230561197754206
1879,3511,-0.193513772753381
1879,3632,-1.82404398883376
1879,3722,-1.26414327328025
1879,3832,-0.553286581427754
1879,3984,-0.153384579918128
1880,1881,1.16224542313871
1880,1883,0.985264942032601
1880,1884,1.09766104965583
1880,1885,1.56368240721086
1880,1887,-0.787488074222526
1880,1889,0.306534848727112
1880,1893,0.415125849629141
1880,2023,2.23943869714196
1880,2187,0.639911118695508
1880,2202,1.23234307953685
1880,2537,0.341411982502524
1880,2820,1.11721407005133
1880,3648,0.68578700998209
1881,1883,-0.176980481106114
1881,1884,-0.064584373482889
1881,1886,-0.0480884535718581
1881,1887,-1.94973349736124
1881,1888,-0.95993318941727
1881,1892,-0.731505892680249
1881,1893,-0.747119573509573
1881,2430,-0.896709331123767
1881,2524,-0.628867900107471
1881,2543,-0.109896079882736
1881,2811,-1.14265177056351
1881,3048,0.198898463202257
1881,3517,-1.31826879125461
1882,1883,1.07990920318409
1882,1884,1.19230531080732
1882,1888,0.296956494872938
1882,1889,0.401179109878605
1882,1892,0.525383791609959
1882,1895,0.744835976618973
1882,1941,0.702496542088965
1882,2010,0.3066985489169
1882,2560,0.488766214687676
1882,2931,1.09157393512673
1882,3514,0.468556484597019
1882,3535,1.70031928575525
1882,3894,0.793670300234241
1883,1885,0.578417465178256
1883,1886,0.128892027534256
1883,1888,-0.782952708311156
1883,1891,-0.446534036276185
1883,1892,-0.554525411574135
1883,1927,-0.814855205245841
1883,2162,0.0353440187314141
1883,2187,-0.345353823337093
1883,2568,-0.645037347950599
1883,2815,-0.715832628144221
1883,3322,-0.222680920385939
1883,3481,-0.497928067880573
1884,1888,-0.895348815934381
1884,1889,-0.791126200928714
1884,1896,0.860917882852422
1884,1898,-0.0658924223754041
1884,2148,0.219066283551618
1884,2412,-0.539291002458145
1884,2716,-1.08865861594993
1884,2768,-0.505311744004195
1884,3003,-0.26641734509222
1884,3062,-0.822795949980305
1884,3280,-1.12444645816843
1884,3594,-0.274658099547299
1884,3718,-0.370638262671276
1884,3867,-0.566846454924983
1885,1889,-1.25714755848375
1885,1893,-1.14855655758172
1885,1894,-0.357619670778509
1885,1896,0.394896525297391
1885,1897,-1.20498742201833
1885,2255,0.485122268156033
1885,2340,-1.02883592251874
1885,2844,-0.0731408641311201
1885,3193,-1.21472545682528
1885,3497,-1.16349039302239
1885,3673,-0.065507062795715
1885,3818,-0.947495018508245
1886,1888,-0.911844735845412
1886,1889,-0.807622120839744
1886,1895,-0.463965254099377
1886,1902,-0.809835408424558
1886,2058,0.472672254894221
1886,2278,-0.560791888346086
1886,2454,-1.27425736739872
1886,2495,-0.651248800882412
1886,2538,0.876668272565044
1886,2986,-1.28917233448515
1886,3453,-1.33825139903862
1886,3745,-0.905736306556724
1886,3875,0.284128879687301
1887,1888,0.989800307943971
1887,1890,2.4383941182707
1887,1894,1.99355081065487
1887,1899,1.91856217101357
1887,2106,1.25809052364289
1887,2178,1.84597954549244
1887,2200,0.0840975998256005
1887,2591,1.61734581979623
1887,2764,2.05135410346525
1887,3126,0.511849805037028
1887,3376,2.89387595091096
1888,1890,1.44859381032673
1888,1894,1.0037505027109
1888,1901,0.513539049633548
1888,2091,-0.600917795372708
1888,2543,0.850037109534534
1888,2794,0.524628255009971
1888,3066,0.209579241457402
1888,3153,-0.13613680591008
1888,3246,1.07401840633381
1888,3718,0.524710553263105
1889,1896,1.65204408378114
1889,2034,-1.08962184667877
1889,2385,0.0384763570047667
1889,2662,1.26912454837319
1889,2952,1.31267012467198
1889,3016,0.469271272692266
1889,3289,0.644895898574452
1889,3312,-0.091008783763613
1889,3394,0.619794921182352
1890,1900,-2.11856236706508
1890,2015,-2.2695803071942
1890,2024,-1.3809723875261
1890,2109,-1.4142125791674
1890,2178,-0.592414572778266
1890,2331,-2.6509423248923
1890,2869,-0.283832032773243
1890,3101,-1.67254479678823
1890,3372,0.541274862286439
1890,3446,-1.77552956712285
1890,3483,-0.499648541976657
1890,3484,-1.78242149063017
1890,3840,0.515721499377139
1890,3873,-1.09131027476931
1890,3883,-1.2461457762711
1890,3935,-1.8069481952229
1891,1895,0.111460809711064
1891,2003,0.21771097605516
1891,2699,-0.140047796536027
1891,2716,-0.529728472050523
1891,2757,1.42064835365406
1891,2981,0.725298818943568
1891,3138,0.654491263051223
1891,3161,0.373706022054533
1891,3312,-0.323204840792917
1891,3369,1.3617107325357
1891,3428,0.285525501674255
1891,3440,0.112768784690061
1891,3728,-0.267566257903608
1891,3744,0.234057341248548
1891,3916,1.05259407084077
1891,3939,0.599473253258197
1892,1894,0.775323205973882
1892,1897,-0.0720445452659388
1892,1900,-0.898395853475371
1892,1902,-0.126417969316168
1892,1904,0.43410931349358
1892,1905,0.0176764270942101
1892,1991,0.266316906194195
1892,2115,0.327882798806002
1892,2449,0.177414086810287
1892,2548,-0.559289515615354
1892,2984,-1.05119033135424
1892,3429,-0.538208568757015
1892,3565,-0.132291622962483
1892,3669,0.77483764169739
1892,3852,0.455697680345477
1893,1894,0.790936886803207
1893,1902,-0.110804288486843
1893,1957,-0.790819273168839
1893,2241,0.429341875251652
1893,2796,0.82930905694069
1893,3141,1.22399339342466
1893,3403,0.475197051800406
1893,3448,0.011316698348445
1893,3535,1.19054917497462
1893,3839,0.16829389271363
1893,3940,-0.294713811837579
1894,1895,-0.555871020964868
1894,1897,-0.84736775123982
1894,1898,-0.174294109151926
1894,1901,-0.490211453077355
1894,1904,-0.341213892480301
1894,1906,0.0497497631422996
1894,1990,-0.513380449663495
1894,2210,-0.236061168501126
1894,2345,0.309362183767142
1894,2501,-0.0754767713220699
1894,2824,1.02967175371074
1894,3278,-0.0093545038231015
1894,3603,-0.11369005019873
1895,1900,-1.11784803848438
1895,1903,-0.0962446120288969
1895,1916,-1.37467211891351
1895,1921,0.486245071823271
1895,2234,0.634520991277893
1895,2651,0.472445338877548
1895,2945,0.274352198552532
1895,3187,0.525534724981359
1895,3642,0.360926667961538
1895,3644,0.0469499651010773
1895,3677,1.00516283351251
1895,3714,-0.52553359709334
1895,3933,-0.48222599442226
1895,3961,-0.253509094251593
1896,1900,-2.42623525552515
1896,1902,-1.65425737136595
1896,1908,-0.121141307345626
1896,1967,-0.985409390118443
1896,2340,-1.42373244781613
1896,2562,-0.732484052636744
1896,2638,-1.15979602779347
1896,2871,-1.01030842583297
1896,3048,-0.597435046167276
1896,3509,-1.13605867097142
1896,3627,-2.71608953240545
1896,3662,-1.14430535064667
1897,1903,0.195252118246056
1897,1906,0.89711751438212
1897,1907,1.44597624331908
1897,1909,0.33456448613152
1897,2494,1.66880237746711
1897,2629,0.913264978551069
1897,3263,0.634147222519077
1897,3359,-0.893064814356717
1897,3616,-0.0044265593556341
1897,3628,1.24086778098512
1898,1902,-0.727447066138124
1898,1906,0.224043872294226
1898,1907,0.772902601231182
1898,2404,0.149564508150365
1898,2418,-0.697374598123907
1898,3161,-0.119331699469473
1898,3315,0.400741375348433
1898,3363,-1.43368945198976
1898,3441,0.0240122668017466
1898,3734,0.199256670101757
1898,3965,0.046719282556806
1899,1902,-0.826752535648749
1899,1903,-0.577126993352464
1899,1905,-0.682658139238371
1899,1907,0.673597131720557
1899,1908,0.706363528371575
1899,1911,-0.521751316714874
1899,1912,-1.21923856072021
1899,2791,0.155979600817816
1899,2829,-1.13118480459859
1899,2968,-1.83940050676838
1899,3493,-0.815803752641335
1899,3709,0.165140199232125
1899,3757,-0.478581078303592
1900,1988,0.411459485752259
1900,2206,1.05947703957781
1900,2215,0.613623223602384
1900,2314,1.10019944368196
1900,2543,1.52000566627288
1900,3076,1.65329586521922
1900,3197,2.00976678279155
1900,3204,1.17879444933046
1900,3285,0.64057913302798
1900,3362,1.84044641982352
1900,3854,1.97212354652567
1901,1902,-0.411529722212694
1901,1907,1.08881994515661
1901,1908,1.12158634180763
1901,1913,0.459216812390267
1901,1914,-0.332817301455104
1901,2073,0.550377229487631
1901,2554,0.0648929021636513
1901,2830,0.656521433391386
1901,2976,1.040191851253
1901,3017,-0.249660015023551
1901,3210,2.43719096944742
1901,3239,0.187151447654707
1901,3591,1.14463544736486
1901,3821,0.368893065910433
1902,1905,0.144094396410378
1902,1906,0.951490938432349
1902,1908,1.53311606402032
1902,1911,0.305001218933876
1902,1912,-0.392486025071464
1902,2040,0.106111573019672
1902,2227,0.36218547492539
1902,2457,-0.156341753076421
1902,2527,-0.245436005254442
1902,2735,-0.40452011065537
1902,3554,0.364048035276712
1902,3996,0.339384844938344
1903,1904,0.310901740513463
1903,1905,-0.105531145885907
1903,1908,1.28349052172404
1903,1913,0.621120992306676
1903,1915,-0.496096668218621
1903,2077,-0.240402093148613
1903,2190,-1.21675408067466
1903,2319,0.851024117103539
1903,2821,0.354981192457813
1903,2850,-0.0049938245356275
1903,2858,0.0089673722151023
1903,3002,1.51929925479148
1903,3095,1.6826802980439
1903,3613,0.400999496969593
1904,1910,-0.799083385109604
1904,1914,-0.481814862052158
1904,1917,-0.692876018954043
1904,2472,0.450693722886895
1904,2666,-0.422255307793123
1904,2742,1.13366408088709
1904,2864,-0.972801039681039
1904,2946,-0.0229604600409638
1904,3196,-0.714275649731645
1904,3277,0.224413207785234
1904,3305,0.348124631502684
1904,3873,-0.305253074673184
1905,1906,0.807396542021971
1905,1914,-0.0653819756527882
1905,1918,0.986559660485496
1905,2015,-1.0670902206987
1905,2463,-0.251909369641098
1905,2530,0.528720809873208
1905,2733,0.908155792477846
1905,2777,0.214117603712388
1905,2801,-0.551674961299598
1905,2884,0.333885366157729
1905,2925,-0.728086533990364
1905,3041,0.0916542786913258
1905,3357,0.460924941815929
1905,3643,0.136562793614985
1905,3851,0.774950831347952
1905,3927,0.396064716300514
1906,1908,0.581625125587975
1906,1909,-0.5625530282506
1906,1912,-1.34397696350381
1906,1913,-0.080744403829388
1906,1916,-1.98029290302068
1906,1947,-1.77863610072363
1906,2155,-0.918844362550678
1906,2472,0.0597300672642943
1906,2561,-0.254755850521037
1906,2729,-0.221982000957181
1906,2779,-0.763499439171594
1906,2850,-0.706859220671692
1906,3198,-0.169538018479411
1906,3716,-1.05533153656404
1906,3781,0.365636617692448
1906,3858,-0.56792947276569
1907,1917,-1.6326984035136
1907,1918,-0.369695610473431
1907,2178,-0.746179757241694
1907,2521,-1.00640477712081
1907,2574,-1.69855500877481
1907,2576,-0.422807770678465
1907,2861,-1.75166598805858
1907,2998,-1.4083552613869
1907,3529,-0.64348791665298
1908,1913,-0.662369529417363
1908,1916,-2.56191802860865
1908,1919,0.0063754230894592
1908,1920,-0.326150577098141
1908,2182,-0.802417183210281
1908,2344,-1.94701341166866
1908,2457,-1.68945781709674
1908,2539,-0.740951257290411
1908,2668,-1.8864705631295
1908,2814,-1.57557674302498
1908,2870,-2.02863348534997
1908,2879,-1.64074994277745
1908,2933,-1.11465083998505
1909,1916,-1.41773987477008
1909,1917,-0.521286646326044
1909,1922,1.46198271006191
1909,2024,-0.423325814801975
1909,2164,0.619028825621378
1909,2240,0.300138979238058
1909,2254,-0.435643099120621
1909,2387,-0.906098741363114
1909,2740,0.333090817952411
1909,3529,0.467923840534577
1909,3594,0.12974347878448
1909,3614,2.04228048496743
1909,3729,-0.145867912127908
1910,1912,-0.153929922771608
1910,1915,-0.0079150236224801
1910,1916,-0.790245862288472
1910,1917,0.106207366155561
1910,1922,2.08947672254351
1910,2499,0.260919614784143
1910,2688,0.490853291017381
1910,2771,1.36576647376451
1910,2906,-0.51488957450597
1910,3311,1.23209711074737
1910,3320,1.88568476812142
1910,3716,0.134715504168166
1910,3853,-0.520993631693882
1911,1912,-0.697487244005339
1911,1913,0.565745315669086
1911,1915,-0.551472344856212
1911,1921,0.527114007214577
1911,2131,0.551804725691241
1911,2502,0.0604317618522279
1911,2662,0.966336617024131
1911,3145,-0.351303720324073
1911,3239,0.293679950933526
1911,3614,2.1262171762153
1911,3686,0.347818075761658
1912,1915,0.146014899149128
1912,1916,-0.636315939516864
1912,1921,1.22460125121992
1912,1922,2.24340664531512
1912,2132,-0.620813718729113
1912,2142,0.858567677312577
1912,2253,1.92438102104782
1912,2491,0.332460450252697
1912,2755,0.980046753150951
1912,2851,0.0090905592427767
1912,2950,0.505205733389871
1912,3452,0.142256620929828
1912,3823,0.830226939010413
1912,3887,2.94678932728972
1912,3930,1.04868235852571
1912,3971,0.360264567725501
1913,1917,-1.00309527074726
1913,1919,0.668744952506822
1913,1920,0.336218952319222
1913,1922,0.980174085640694
1913,1924,0.023179143048385
1913,1925,-1.56863468590074
1913,2011,0.30876509878938
1913,2033,0.620332859089649
1913,2242,-0.836612614257115
1913,2410,0.400886628358942
1913,2523,0.313774453379179
1913,2620,-0.940796715879588
1913,3199,-0.694286079210857
1913,3268,-0.597958064983283
1913,3434,-0.62521130632454
1913,3464,0.355427172781479
1913,3631,0.13519408866668
1914,1919,1.46077906635219
1914,1920,1.12825306616459
1914,1924,0.815213256893756
1914,1951,1.21422579277924
1914,1958,1.63265712206876
1914,2138,1.06044845987672
1914,2339,0.492470935566467
1914,2492,0.502869553681855
1914,2693,0.894579302927803
1914,2818,-0.486318307550368
1914,3042,-0.560619888303497
1914,3454,0.667469061781769
1914,3784,-0.76874985946828
1915,1919,1.78596261303212
1915,1926,0.421890835543777
1915,2078,-0.0044062666660025
1915,2439,1.92354204660431
1915,2607,1.15943485998317
1915,2723,-0.102518216587916
1915,2977,0.812784016240972
1915,2991,-0.405310322580529
1915,3000,1.77121483543185
1915,3198,1.02842404587527
1915,3484,-0.189365881801957
1915,3717,0.80242809493722
1915,3803,1.74612806408998
1915,3861,0.783127177709516
1916,1917,0.896453228444033
1916,1918,2.1594560214842
1916,1919,2.56829345169811
1916,1922,2.87972258483198
1916,1924,1.92272764223967
1916,2031,1.8742085212459
1916,2559,1.5597299023761
1916,2606,2.32634038462523
1916,2654,1.47518016389238
1916,2791,2.01153410105489
1916,2871,1.67275091012131
1916,3029,2.19018865010221
1916,3380,2.31336040989763
1916,3579,0.960854691372778
1917,1923,0.486805588093046
1917,1925,-0.565539415153482
1917,1929,1.44317471670446
1917,1930,-0.194405402103041
1917,2477,1.96492875667731
1917,2633,0.777921824717562
1917,2930,1.5720408021354
1917,3013,0.577532311220704
1917,3082,1.10227105880327
1917,3474,-0.473983620314408
1918,1920,0.0763114300263088
1918,1925,-1.82854220819365
1918,2007,0.578374474308961
1918,2035,-0.87295494166033
1918,2537,-1.09356363553565
1918,3253,-0.258083209752306
1918,3396,-1.99206251938732
1918,3682,-0.564972710095298
1918,3956,-1.13663889631264
1919,1921,-0.70737626096133
1919,1924,-0.645565809458437
1919,1925,-2.23737963840756
1919,1927,-1.67340331146532
1919,1931,-2.0805275965696
1919,1932,-2.21166889099075
1919,2302,-0.469398595353343
1919,2308,-2.11661912950227
1919,2470,-0.746622097308874
1919,2498,-1.62259632604312
1919,2775,-1.13673799542459
1919,2972,-1.59827745259173
1919,3212,-1.21089916397918
1919,3428,-1.01955664082141
1920,1922,0.643955133321472
1920,1924,-0.313039809270837
1920,1926,-1.03154577730074
1920,2285,-0.692750134802515
1920,2589,-1.76076131239095
1920,2728,-0.947772657909012
1920,2868,-0.745555053862934
1920,2912,-0.933452996154944
1920,2948,1.19684394585287
1920,3178,-0.929972753729376
1920,3473,-0.762233386785484
1920,3606,-1.04303698172987
1920,3953,-0.333361207993832
1921,1922,1.0188053940952
1921,1923,-0.477658374199702
1921,1929,0.47871075441171
1921,1930,-1.15886936439579
1921,2130,0.514164226007242
1921,2496,-0.0226922043645299
1921,2560,-0.742314833754568
1921,2607,0.0808485079123817
1921,2899,-0.504920663421137
1921,2938,-0.930590749154754
1921,3749,-2.15865707954431
1921,3920,0.114417348137834
1922,1924,-0.956994942592309
1922,1925,-2.54880877154143
1922,1926,-1.67550091062221
1922,1927,-1.98483244459919
1922,1928,-1.67276606101763
1922,1932,-2.52309802412462
1922,1973,-2.01287746555382
1922,2898,-2.0134663171016
1922,2953,-0.260906411292931
1922,3139,-1.59409096318786
1922,3171,-1.19689829280125
1922,3369,-0.254800543093835
1922,3436,-1.81773801874294
1922,3944,-0.637939967459953
1923,2067,0.307665571884005
1923,2292,-0.0956508427887692
1923,2942,0.707328885435105
1923,2997,0.930163428574785
1923,3029,0.806929833565132
1923,3182,-0.157751740373837
1923,3648,0.0270085968910416
1923,3694,0.523816074187409
1923,3825,0.73637060521632
1923,3980,-0.261615168132919
1924,1926,-0.718505968029905
1924,1927,-1.02783750200688
1924,1935,-1.48667139554401
1924,2127,-0.523719047389747
1924,2499,-0.871562165167059
1924,2501,-0.0676612736833664
1924,2667,0.775892667885597
1924,2837,-1.50780347600365
1924,3017,-0.732055970462202
1924,3263,-0.20540503108204
1924,3290,0.134523999263162
1924,3317,-1.13182244644547
1924,3390,1.28919676466236
1924,3573,0.355780457107656
1924,3876,-0.655018394815565
1924,3959,0.0799975667925742
1925,1927,0.563976326942239
1925,2012,1.40891283401024
1925,2051,0.443495142109766
1925,2138,1.83704903193209
1925,2289,0.438248808755275
1925,2453,1.58403829972894
1925,2993,0.653356196186888
1925,2995,0.777407171996488
1925,3757,1.04605960864293
1925,3808,2.66196766400284
1926,1933,1.16760934996508
1926,1934,0.71653311366729
1926,1937,-0.395038168686073
1926,1955,1.4791396468995
1926,2072,0.0723177800615442
1926,3134,1.17309656399649
1926,3150,-0.115279350195404
1926,3842,0.0467340556866942
1926,3860,-0.381641254018088
1926,3864,-0.492740530901007
1927,1929,1.4447378049157
1927,1932,-0.538265579525427
1927,1940,1.17000010407999
1927,2075,0.593579854789459
1927,2109,0.0662837280940162
1927,3034,1.56527028196177
1927,3196,-0.0198365425663591
1927,3201,-0.720293098738106
1927,3771,0.751216243235219
1927,3936,1.26448497164062
1928,1929,1.13267142133414
1928,1931,-0.719190668685837
1928,1934,0.713798264062707
1928,1935,-0.770900277118693
1928,1937,-0.397773018290656
1928,2733,0.874095629662199
1928,3000,1.34658915028349
1928,3223,0.228525062111748
1928,3393,0.293216753287301
1928,3824,0.49010082360638
1929,1939,-0.237689051644036
1929,1941,-1.00729526076499
1929,2001,-1.31814302878977
1929,2004,-0.399309472320967
1929,2093,0.303585448637504
1929,2273,-0.134413294863761
1929,3113,-0.646050479308054
1929,3178,-1.03383324736736
1929,3384,-0.995006711488116
1929,3567,-1.89948121151323
1929,3897,0.0602086510164013
1929,3998,0.159526796511782
1930,1935,-0.265991579645332
1930,1941,0.63028485804251
1930,1943,0.602849084433835
1930,2098,0.0354036465121776
1930,2349,0.87580255205751
1930,2485,2.14254717732682
1930,3000,1.85149784775685
1930,3259,1.58189406915525
1930,3268,0.599542607867014
1930,3367,1.10891382288169
1930,3460,1.70960160788502
1930,3628,1.62199534328269
1930,3714,0.147090695479178
1930,3766,1.30321338002287
1930,3953,1.20035841717569
1931,1936,1.55997501413996
1931,1938,-0.362715335203469
1931,1939,1.61417303837594
1931,2232,1.37158651048636
1931,2485,2.35682914853929
1931,2607,1.45399984352065
1931,3013,0.986219684536221
1931,3224,1.31801384104388
1931,3536,0.427957368072427
1932,1933,2.01520646346749
1932,1936,1.69111630856111
1932,1937,0.452558944816333
1932,1938,-0.231574040782316
1932,1939,1.74531433279709
1932,1941,0.975708123676139
1932,1943,0.948272350067464
1932,1944,0.777264827513361
1932,2042,0.0482163185843596
1932,2160,1.29812581010513
1932,2380,0.581675949799518
1932,2395,0.883901505039151
1932,3002,2.44110220096873
1932,3208,0.386348453341086
1932,3532,1.33545191200662
1932,3536,0.559098662493579
1932,3637,1.38205489997194
1932,3700,0.731445114843625
1932,3838,0.919117078737339
1932,3958,0.569728037008193
1932,3992,1.37229181766884
1933,1934,-0.451076236297794
1933,1938,-2.24678050424981
1933,1941,-1.03949833979135
1933,2705,-0.588616083492716
1933,2787,0.488605604920492
1933,2881,0.392670483776118
1933,2957,-2.37092728799821
1933,2964,-1.65683542813115
1933,3176,-0.548210176765257
1933,3325,-0.232252583815577
1933,3337,-0.627610547383564
1933,3459,-0.616479486575379
1933,3855,-2.04992533035541
1934,1939,0.181184105627395
1934,1943,-0.615857877102233
1934,1946,-0.905624573490605
1934,1947,-1.71909798558002
1934,2277,-1.19216656164086
1934,2360,0.326177016553364
1934,2503,-0.830320148920323
1934,2601,0.810910595299686
1934,3148,-0.227981130264372
1934,3641,-0.493344278816665
1934,3734,0.0347509129511488
1935,1939,1.6658826468088
1935,1943,0.868840664079167
1935,1944,0.697833141525065
1935,1945,1.3208140480078
1935,1948,1.15736857463941
1935,2720,1.30848701144515
1935,3119,1.87593177662863
1935,3453,0.0643297272786052
1935,3529,1.44960746860899
1935,3568,-0.0372509362913152
1935,3715,0.484872955100278
1935,3833,0.537153712451397
1935,3896,1.30893048405012
1936,1941,-0.715408184884976
1936,1943,-0.742843958493651
1936,1946,-1.03261065488202
1936,1947,-1.84608406697143
1936,1952,0.0949099339625179
1936,2086,0.168762851312837
1936,2757,0.636118793588031
1936,3020,0.614839119336888
1936,3217,-1.48861642423413
1936,3389,-1.54531950781596
1936,3646,-0.254121040725236
1936,3702,-1.08598616481347
1936,3991,-0.450735752151323
1937,1939,1.29275538798076
1937,1940,1.25570673878908
1937,1942,1.46823510768193
1937,1946,0.205946708862758
1937,1948,0.784241315811376
1937,2115,0.673919227186802
1937,2329,-0.162843509379438
1937,2354,0.745137757890202
1937,2767,0.0882260051048033
1937,2983,0.971059938614584
1937,3338,-0.575204541937026
1937,3667,-0.344485974272844
1938,1944,1.00883886829568
1938,1984,2.62612682552128
1938,2340,1.1342763682131
1938,2765,1.3917866673974
1938,2944,0.637919129723042
1938,3002,2.67267624175105
1938,3178,1.18074417785609
1938,3773,1.67489148458698
1938,3790,2.50749929109581
1938,3809,1.47118956019319
1938,3907,2.01945894443355
1938,3918,1.09414017694271
1939,1940,-0.0370486491916752
1939,1946,-1.086808679118
1939,1951,0.219801284620703
1939,1952,0.0407119097265416
1939,1991,-0.680402053405763
1939,2025,-1.75829412076213
1939,2359,-1.0940031652948
1939,2541,-1.30973665977091
1939,2758,-0.661230163433572
1939,2858,-0.814544014404739
1939,3018,-0.482812499476347
1939,3034,0.358221528690104
1939,3060,-1.3007494948307
1939,3068,-2.41527866976905
1939,3229,-1.13957398453596
1939,3615,-0.994963714481236
1939,3951,-2.04897299134355
1940,1941,-0.732557559929277
1940,1943,-0.759993333537952
1940,1946,-1.04976002992632
1940,1948,-0.471465422977707
1940,1950,-0.683440767581121
1940,2299,0.230112228568362
1940,2306,-1.40899335174035
1940,2326,-0.187286519533403
1940,3080,1.25314368541489
1940,3317,-1.27398504851858
1940,3391,0.407032229046958
1940,3583,0.551831001543877
1940,3813,-0.958751138597371
1941,1943,-0.027435773608675
1941,1944,-0.198443296162778
1941,1945,0.424537610319957
1941,1951,0.989407493741655
1941,1952,0.810318118847494
1941,1953,0.985786851756111
1941,2178,0.450639190332438
1941,2408,0.66801863660769
1941,2534,-0.546774019804683
1941,2641,-1.52745535871361
1941,2700,-0.575092860736299
1941,3257,0.104257121957792
1941,3269,-0.431923945128895
1941,3828,-0.566148752713073
1941,3876,-0.0646234369593932
1942,1944,-1.1435292249849
1942,1947,-2.07576181090858
1942,1955,0.405942707903645
1942,2337,0.214872238856677
1942,2491,-1.30864222343607
1942,2829,-1.55304891756714
1942,3134,0.0998996250006311
1942,3195,-1.14984365927225
1942,3241,-0.531237274508308
1942,3869,-1.26300212771593
1942,3943,0.784164407044228
1942,3987,-0.319767858087872
1943,1947,-1.10324010847778
1943,1954,-0.539967447230582
1943,2313,-0.99072412035723
1943,2317,0.944422637415651
1943,2407,1.00943971130439
1943,2409,1.43312052926993
1943,2468,0.89985274712016
1943,2747,0.633820151363121
1943,2764,0.683449521913924
1943,2967,-1.21559034960493
1943,3576,0.665244785721146
1943,3747,-0.716651217551079
1943,3815,0.0427524453950128
1944,1949,0.597954141478652
1944,1951,1.18785078990443
1944,1953,1.18423014791889
1944,1954,-0.368959924676479
1944,2029,-0.278165575583124
1944,2174,-0.652217119688752
1944,2394,-0.293293289355876
1944,2608,-0.561237854477994
1944,3320,1.54204124218916
1944,3344,0.805263118681494
1944,3395,1.12560018458506
1944,3626,1.42440912510288
1944,3701,-0.089390046772444
1944,3864,-0.422408244911962
1944,3955,0.812769825393352
1945,1947,-1.55521349240642
1945,1948,-0.163445473368387
1945,1952,0.385780508527537
1945,1957,-1.40808331479713
1945,2458,0.132972268814406
1945,2516,0.957537567330645
1945,3296,0.545333895281887
1945,3339,0.346038289326341
1945,3382,0.0243489165685977
1945,3437,-0.0116389995771493
1945,3505,0.47865766175981
1945,3556,1.29717212719411
1946,1948,0.578294606948618
1946,1954,-0.25020075084221
1946,1957,-0.666343234480123
1946,1958,1.72504129302822
1946,2363,2.35485692647408
1946,2700,-0.257890390739252
1946,2946,0.551238572970658
1946,3087,0.290524845524671
1946,3227,0.541761497095754
1947,1951,2.12008337582811
1947,1952,1.94099400093395
1947,1957,0.147130177609288
1947,2070,1.53840976244591
1947,2180,1.85783435980294
1947,2275,2.43524122345756
1947,2843,1.87426999986104
1947,3209,1.12848382470847
1947,3546,0.192973749417926
1947,3615,0.905318376726174
1947,3751,2.10854930933864
1948,1950,-0.211975344603415
1948,2540,-0.625446887055398
1948,2836,0.162911826182814
1948,3168,-0.959663869054003
1948,3422,-0.532473111399708
1948,3539,0.440618467244476
1948,3604,-0.649133018214809
1948,3678,0.641712718023238
1948,3839,-0.285524675546271
1948,3923,-0.185261945893516
1949,1951,0.58989664842578
1949,1956,0.146166706341525
1949,1960,0.471547337111553
1949,2311,-1.15579293141939
1949,2741,-0.365015228921793
1949,2848,-0.585363846401525
1949,3155,-0.414807243052548
1949,3416,-0.981051908794307
1949,3679,-0.912165689653789
1949,3821,0.0773812230120781
1950,1954,-0.616520013187413
1950,1958,1.35872203068302
1950,2058,0.92986015117545
1950,2212,0.511201396240162
1950,2276,-0.637240469673006
1950,2562,0.569125806585876
1950,2672,0.460426834681292
1950,2726,-1.31768848511827
1950,2877,-1.38454677947055
1950,3302,1.90731373812449
1950,3453,-0.881063502757393
1950,3607,-0.766604414520438
1950,3628,0.942593692892024
1951,1954,-1.55681071458091
1951,1955,0.361621142984116
1951,1956,-0.443729942084256
1951,1961,-0.908118514628219
1951,1962,-1.38170470157026
1951,1964,-1.16855777815719
1951,2005,-0.72744634899222
1951,2247,-1.08197243181075
1951,2969,-0.266463907306598
1951,3017,-1.13106850634769
1951,3782,-0.874274185814613
1952,1958,0.597520704183683
1952,1960,0.0607400635799334
1952,1964,-0.989468403263031
1952,2031,-0.268442281985092
1952,2073,-0.151941886942343
1952,2436,-1.56199253709083
1952,2527,-1.35928484389711
1952,2738,-0.697825114786715
1952,2766,-0.187536151480552
1952,2772,-1.31696250716423
1952,3104,-0.632127361814356
1952,3186,-0.389829738432671
1952,3287,-0.314957642546774
1952,3351,-0.651354637869934
1952,3660,-0.857061664153238
1952,3997,-0.871805576812186
1953,1956,-0.440109300098712
1953,1965,-1.06399212130213
1953,2319,-0.188667912151462
1953,2328,-1.51439559687928
1953,2362,-1.09232252547341
1953,2508,-1.04178258658572
1953,2612,-1.12060759756991
1953,2975,-1.6416582022572
1953,3050,-1.11607085390001
1953,3411,-0.755291738820534
1953,3499,0.204726072562977
1953,3716,-1.39315816968298
1953,3949,-0.881541917663683
1954,1956,1.11308077249666
1954,1959,1.53720884327803
1954,1960,1.43846140326668
1954,1967,0.93272048229159
1954,2139,-0.454689636857118
1954,2405,0.574067431818645
1954,2734,1.22431420534405
1954,2966,2.03737466043877
1954,3172,0.0129480937630495
1954,3460,1.64671997068177
1954,3565,0.257998847397768
1954,3627,-0.797959659995422
1955,1956,-0.805351085068372
1955,1959,-0.381223014286994
1955,1961,-1.26973965761234
1955,1962,-1.74332584455438
1955,1963,-1.86918775121294
1955,1964,-1.53017892114131
1955,1965,-1.42923390627179
1955,2158,-1.25049869753183
1955,2850,-1.40992763876029
1955,2918,-1.19556589281306
1955,3334,-0.375864080606408
1955,3757,-1.30638789917579
1955,3879,-1.56317815271396
1956,1957,-1.52922325613457
1956,1958,0.862161271373777
1956,1962,-0.937974759486006
1956,1965,-0.623882821203414
1956,1967,-0.180360290205066
1956,2081,-0.261276406859921
1956,2375,0.915957760000043
1956,2798,0.974401290320557
1956,2903,0.191931440233449
1956,2916,-0.623795550780831
1956,3213,-1.54128774730856
1956,3746,-1.05902135530385
1956,3790,0.754539574979958
1957,1960,1.8546038869046
1957,1963,0.465386589990004
1957,1965,0.905340434931155
1957,1970,0.494326161346781
1957,2092,1.7655998427563
1957,2281,1.12166475646464
1957,2476,1.27754312625604
1957,2788,2.46643718813849
1957,2878,0.726630323066817
1957,2996,1.06753644084121
1957,3469,0.794983725115818
1957,3847,1.67665444755755
1958,1963,-1.92599793751834
1958,1964,-1.58698910744671
1958,1965,-1.48604409257719
1958,1968,-1.60284573475315
1958,1970,-1.89705836616157
1958,1971,-1.00527394007185
1958,2505,-1.02134602879389
1958,3288,-1.18296124236254
1958,3356,-0.918739736733868
1958,3552,-1.01541830977922
1958,3616,-1.66142267813176
1958,3719,-0.478775979977416
1958,3923,-1.33200863197312
1959,1960,-0.0987474400113498
1959,1962,-1.36210283026738
1959,1963,-1.48796473692594
1959,1968,-1.16481253416075
1959,1969,-0.336661082290098
1959,2010,-1.36560361561084
1959,2274,-0.861919225699412
1959,2277,-1.57355008058608
1959,2344,-1.68723368988229
1959,2535,-1.19997401661807
1959,3279,-0.960801889537892
1959,3634,-0.0276351495915375
1959,3697,1.33035722445544
1959,3740,-0.557521667977549
1960,1963,-1.38921729691459
1960,1964,-1.05020846684296
1960,1970,-1.36027772555782
1960,1971,-0.468493299468101
1960,1973,-1.33654574753276
1960,2521,-0.680644011974106
1960,2681,-0.265369992054435
1960,2884,-0.696609139654495
1960,2916,-0.94917618155086
1960,3784,-1.86462634093329
1960,3843,-1.30316743435146
1961,1962,-0.473586186942043
1961,1968,-0.276295890835411
1961,1969,0.551855561035243
1961,1972,-0.271833452536792
1961,2082,0.884432479566537
1961,2271,0.644306102948022
1961,2489,0.0411034861796573
1961,2500,0.462401492134387
1961,2819,0.134862941613652
1961,3025,0.324384550625355
1961,3134,0.963696574709321
1961,3152,1.1730141160468
1961,3507,1.6531680135261
1961,3707,-1.42691011654495
1962,1963,-0.125861906658559
1962,1965,0.314091938282592
1962,1967,0.75761446928094
1962,1968,0.197290296106632
1962,1972,0.201752734405251
1962,1973,-0.0731903572767269
1962,1975,1.60898432409491
1962,2049,0.520664646447244
1962,2691,0.533034481377564
1962,2777,0.446978488156199
1962,3045,0.223891783318241
1962,3103,0.825534245135118
1962,3343,0.0566280402545323
1962,3368,1.24483606397516
1962,3370,1.18008143511555
1962,3426,0.215083754145093
1962,3432,-0.0549281787115249
1962,3799,0.283991349565144
1963,1965,0.439953844941151
1963,1966,0.140416093718043
1963,1970,0.0289395713567775
1963,1976,0.0328825836785678
1963,2240,0.903705284111799
1963,2648,0.420041511289284
1963,2780,0.373120632685198
1963,2891,1.05356212172599
1963,3954,0.799857550839528
1964,1969,0.812294824564216
1964,1972,-0.0113941890078198
1964,1974,0.210020871628857
1964,1975,1.39583740068184
1964,1977,0.097686574519269
1964,2622,0.750888061987428
1964,3013,0.320803139696772
1964,3021,0.294707687408874
1964,3046,-1.31714350625889
1964,3067,0.0975049907519865
1964,3070,-0.131289391813768
1964,3077,0.320571999866487
1964,3152,1.43345337957578
1964,3906,-0.448286414280867
1964,3993,0.21462971113202
1965,1966,-0.299537751223108
1965,1974,0.109075856759335
1965,1976,-0.407071261262584
1965,2031,0.620081106408417
1965,2059,0.202856799374341
1965,2534,-0.468568750258668
1965,2649,0.87660241789802
1965,2857,0.361431145333465
1965,2859,0.460449025242689
1965,2871,0.418623495283818
1965,2902,0.519686261994218
1965,3076,0.65599253081086
1965,3191,1.02515907116545
1965,3269,-0.35371867558288
1965,3699,0.817540452514466
1965,3731,-0.342861803084388
1965,3911,1.43784987923485
1965,3949,0.182450203638443
1966,1970,-0.111476522361266
1966,1975,1.59443013703542
1966,1976,-0.107533510039476
1966,1977,0.296279310872855
1966,2052,1.1630215015114
1966,2092,1.15979715904825
1966,2278,0.323255821052422
1966,2381,1.23501327296549
1966,2787,1.90584696548097
1966,2975,-0.278128329731966
1966,3085,-0.805223897608311
1966,3810,1.21394359945938
1966,3932,-0.0007057105730838
1967,1969,0.267827278696346
1967,1972,-0.555861734875689
1967,1975,0.851369854813966
1967,1979,-0.126177635920124
1967,2055,-0.54628951990933
1967,2096,-0.411511892093233
1967,2569,-0.829109816647299
1967,2612,-0.500138007266131
1967,2671,0.469295711542628
1967,2930,0.770844084743593
1967,3076,0.212469999812512
1967,3103,0.0679197758541782
1967,3122,-0.420738910679086
1967,3191,0.5816365401671
1967,3247,-0.875787437055703
1967,3271,0.212448337546444
1967,3598,0.323106270493251
1968,1978,0.392700466522125
1968,2078,-0.359401200661537
1968,2175,0.524032486122067
1968,2217,0.71707583971181
1968,2267,1.4066060045564
1968,2517,0.39791356870361
1968,2717,1.70120575291572
1968,3102,0.763869840080574
1968,3226,1.49469553512057
1968,3354,0.898492883903814
1968,3637,0.601353688017775
1968,3766,0.86793543370234
1968,3783,-0.490453061273023
1968,3794,-0.102348661195061
1969,1972,-0.823689013572036
1969,1973,-1.09863210525401
1969,1976,-1.11842107095728
1969,1988,-1.2971936583508
1969,2204,-1.40271505310568
1969,2376,0.312707438850148
1969,2413,0.0906972235764775
1969,2988,-0.192351739733433
1969,3312,-1.02547075612265
1969,3441,-0.185215927003983
1969,3451,-1.77437718995034
1969,3548,0.375249548816471
1969,3699,0.106190642819772
1970,1980,1.97041958478513
1970,1981,0.408501477513126
1970,2110,0.326803905716238
1970,2150,1.90425873879774
1970,2192,2.07230705798448
1970,2355,1.54565070534701
1970,2508,0.433223808300777
1970,2590,0.377699147560297
1970,2922,1.22722531075248
1970,3053,0.0047348269405432
1970,3630,0.221657726428805
1970,3730,1.9450447875919
1970,3791,0.278128221620311
1971,1975,0.814122233306972
1971,1976,-0.887841413767925
1971,1978,-0.204871328159177
1971,1980,1.07863515869542
1971,2100,0.499406972423647
1971,2319,0.394554056645323
1971,2382,0.500242169794297
1971,2398,-0.340221371498632
1971,2491,-0.766121177573267
1971,2648,-0.500682486157209
1971,2671,0.432048090035634
1971,2781,-1.27115878101642
1971,2807,0.258114398862591
1971,3131,-0.457674732515764
1971,3209,-0.404756940337316
1971,3842,-0.483941837446365
1972,1973,-0.274943091681977
1972,1976,-0.294732057385242
1972,1977,0.109080763527089
1972,1979,0.429684098955566
1972,1981,0.109826407806094
1972,1983,-0.647589864313778
1972,1984,1.60938913448618
1972,2640,-0.371533616164283
1972,2747,0.796928851177803
1972,2838,0.665825587704388
1972,2973,-0.445174997484301
1972,3066,-0.0054163323352689
1972,3113,0.551789254880291
1972,3544,1.1763763140915
1972,3997,0.129057015458664
1973,1977,0.384023855209066
1973,1978,0.663181119905484
1973,1980,1.94668760676008
1973,1983,-0.372646772631801
1973,1984,1.88433222616816
1973,2184,0.571798717258222
1973,2709,0.238964973949745
1973,2729,0.891465782785328
1974,1977,-0.112334297109588
1974,1978,0.16682296758683
1974,1981,-0.111588652830583
1974,2001,-0.341718355238097
1974,2169,-0.0017790171874773
1974,2355,1.0255605750033
1974,2466,0.88939128990122
1974,2534,-0.577644607018003
1974,3098,0.478743126374002
1974,3145,-0.380703808398692
1974,3582,1.12905974557962
1974,3749,-1.66094316040436
1974,3804,0.920860313903473
1975,1981,-1.29740518188356
1975,1986,-1.21298834173057
1975,2275,0.0878782251048021
1975,3117,-1.4835735274074
1975,3292,-0.0523722354856932
1975,3302,0.739743414206347
1975,3349,-0.699749454363835
1975,3504,-2.13748542596573
1975,3530,-2.50238493349038
1975,3686,-0.867398541365939
1975,3730,0.239138128195207
1975,3850,-0.605763999005691
1976,1977,0.403812820912331
1976,1982,1.70061185751311
1976,1983,-0.352857806928536
1976,1986,0.488975305344327
1976,2104,1.11816296559646
1976,2116,0.0422969762234637
1976,2234,1.1621369566165
1976,2773,2.0703434971637
1976,2963,1.35827417500885
1976,3022,-0.178596234590246
1976,3139,0.438575468069217
1976,3178,0.458738544206232
1976,3384,0.497565080085472
1976,3416,-0.0962645326698335
1976,3527,1.74510488691585
1976,3557,0.27126300676168
1976,3580,0.753053889376578
1976,3638,0.342025037716859
1976,3752,1.22806592636816
1977,1978,0.279157264696417
1977,1980,1.56266375155101
1977,1982,1.29679903660078
1977,1987,-0.0915355058561869
1977,2362,-0.0250719638210305
1977,2543,0.525960772214774
1977,2601,1.48079640868951
1977,2606,1.075471410138
1977,2971,0.382734281158797
1977,3264,-0.3165137703765
1977,3354,0.784949682078107
1977,3442,0.0692690546224267
1977,3958,-0.324516376771678
1978,1980,1.28350648685459
1978,1984,1.22115110626268
1978,1987,-0.370692770552604
1978,1988,-0.861742673002268
1978,1991,-0.10848939908496
1978,2498,-0.584329113528665
1978,2646,-0.564411721769807
1978,3410,0.111871084205461
1978,3630,-0.465255371501733
1978,3656,0.494702165983053
1978,3700,-0.441956563632664
1979,1980,1.24206041612253
1979,1981,-0.319857691149472
1979,1982,0.976195701172305
1979,1985,0.227935318045633
1979,1988,-0.903188743734327
1979,1990,-0.154309619700829
1979,1992,-1.49731696735927
1979,2196,1.17643876307746
1979,2614,0.659812879434223
1979,2770,-0.264473117766139
1979,2794,-0.120051417738265
1979,2839,0.784663815577261
1979,3292,0.925175255248396
1979,3865,1.02371083658276
1980,1987,-1.6541992574072
1980,1988,-2.14524915985686
1980,1993,-1.75877268997577
1980,2205,-2.22378187900483
1980,2282,-1.66584306199107
1980,2406,-1.51440142394672
1980,2425,-0.0057700969366731
1980,2741,-1.44670442526066
1980,2894,0.0881081282686449
1980,2963,-0.608202397454488
1980,2974,-1.93201942326325
1980,3080,0.504501203689426
1980,3227,-1.25664101455604
1980,3243,-0.502359096804069
1980,3249,-0.562118443760792
1980,3255,-0.598789172253246
1980,3475,-2.23736031055759
1980,3592,-1.09559880320277
1980,3595,0.0528891566601946
1980,3959,-0.810807517005996
1981,1983,-0.757416272119872
1981,1985,0.547793009195105
1981,1989,0.69732285334966
1981,1990,0.165548071448643
1981,1992,-1.1774592762098
1981,1993,-0.19685458270377
1981,1994,-0.178979536943968
1981,2087,1.43862386565243
1981,2558,-0.592459802458909
1981,2922,0.818723833239355
1981,3288,0.305595646285895
1981,3536,-0.335891395565297
1981,3821,0.557610133945216
1982,1983,-2.05346966444165
1982,1988,-1.87938444490663
1982,1989,-0.598730538972117
1982,1995,-0.406760668840005
1982,2244,-1.16444876193785
1982,2500,-0.671644855456692
1982,2563,-0.112451415810114
1982,2611,-1.50224217477045
1982,2636,-1.16207792590555
1982,2992,-1.17264970193672
1982,3044,-1.5425339932884
1982,3056,-1.51313244774274
1982,3124,-1.34045965061857
1982,3309,-0.53299278688608
1982,3595,0.318753871610422
1982,3859,-0.29016008990953
1983,1984,2.25697899879996
1983,1985,1.30520928131498
1983,1990,0.922964343568515
1983,1994,0.578436735175904
1983,1995,1.64670899560164
1983,1996,0.808480239665749
1983,2176,-0.171217262160976
1983,2290,1.54384250840553
1983,2407,1.82013827543285
1983,2940,0.169439769512948
1983,2994,1.56040296177924
1983,3081,1.50530133488842
1983,3146,2.54548822860788
1983,3375,1.70172175476628
1983,3515,-0.238954246408358
1983,3979,1.12574541651962
1984,1987,-1.59184387681528
1984,1989,-0.802239873330428
1984,1993,-1.69641730938386
1984,2019,-0.92489001721024
1984,2069,-1.61919472711438
1984,2207,-2.55501277033531
1984,2680,-2.33292664817735
1984,2927,-1.7664492906737
1984,3001,0.039462670523169
1984,3125,-1.89074558803394
1984,3132,-0.597884976672048
1984,3236,-0.617317837158195
1984,3827,-1.02087067037053
1984,3891,-0.337669274744729
1985,1987,-0.640074159330296
1985,1988,-1.13112406177996
1985,1989,0.149529844154555
1985,1991,-0.377870787862652
1985,1992,-1.7252522854049
1985,1994,-0.726772546139073
1985,1995,0.341499714286668
1985,2276,-1.05519862090269
1985,2372,-0.769168577003275
1985,2476,-0.173077521798967
1985,2732,-0.277230079959655
1985,3153,-1.00875179670395
1985,3374,-1.19990806411928
1985,3446,-1.19955074758999
1985,3594,-0.251924274406787
1985,3873,-0.515331455236451
1986,1987,-0.176697990288183
1986,1990,0.0811312312956518
1986,1992,-1.26187611636279
1986,1996,-0.0333528726071144
1986,2298,0.447147472397351
1986,2302,0.762863397425538
1986,2458,0.553811104598635
1986,2907,0.559790702193637
1986,3039,-0.16439926788917
1986,3072,0.0856023360272847
1986,3093,-1.09481794718547
1986,3159,0.835064106244281
1986,3297,0.507018811000181
1986,3528,0.246683559846342
1986,3925,1.62833713984724
1986,3930,0.348966839123347
1987,1988,-0.491049902449663
1987,1994,-0.0866983868087765
1987,1995,0.981573873616964
1987,1996,0.143345117681069
1987,1997,0.963206749168509
1987,1998,0.623521145910965
1987,2044,-0.22364375561057
1987,2406,0.139797833460475
1987,2416,1.37536917234105
1987,2506,0.388752716916923
1987,3011,0.251770218656063
1987,3049,0.633697615947651
1987,3117,-0.0938871953886507
1987,3126,-0.710491334370516
1987,3154,-0.256668965293949
1987,3647,0.256845776777842
1987,3838,0.116408170813655
1987,3859,1.09817445254744
1988,1990,0.748879124033498
1988,1993,0.386476469881085
1988,1996,0.634395020130732
1988,1998,1.11457104836063
1988,2180,1.3912075959186
1988,2618,2.29322981812327
1988,2701,0.322175799893364
1988,3027,1.34627205269577
1988,3241,1.07789777251594
1988,3290,1.38896807532145
1988,3341,0.560696158260323
1988,3390,2.54364084072065
1988,3582,1.82397945099506
1988,3705,0.707370541454411
1989,1990,-0.531774781901017
1989,1991,-0.527400632017208
1989,1993,-0.89417743605343
1989,1997,0.173602745683657
1989,1998,-0.166082857573887
1989,1999,0.746696958087475
1989,2000,0.256693560121841
1989,2001,-0.927452555757175
1989,2013,-0.405954590063916
1989,2060,0.300838679696469
1989,2458,-0.0590949085980339
1989,2770,-0.641938279966327
1989,3072,-0.527303677169384
1989,3295,-0.0793331732039024
1989,3573,0.329570627231431
1989,3692,0.376525227325115
1990,1991,0.0043741498838089
1990,1993,-0.362402654152413
1990,1994,-0.344527608392611
1990,1997,0.705377527584674
1990,2003,0.0637595950427235
1990,2412,-0.134312239571172
1990,2444,-0.613311135125347
1990,3087,-0.111507630303757
1990,3263,0.300159920942751
1990,3659,0.149125751791948
1990,3831,0.844518126354049
1990,3876,-0.149453442790774
1991,1993,-0.366776804036222
1991,1994,-0.348901758276421
1991,2001,-0.400051923739967
1991,2004,0.518781632728832
1991,2258,1.52089791945512
1991,3350,-0.132082743719432
1991,3478,0.814971378610323
1991,3505,0.813991116364578
1991,3532,0.270539632615296
1991,3836,-1.39949452079997
1991,3985,0.140435264406859
1992,1995,2.06675199969157
1992,1997,2.04838487524312
1992,2000,2.1314756896813
1992,2141,0.62190269456152
1992,2220,1.61222079119152
1992,2246,1.17887029897135
1992,2265,1.88634865759915
1992,2546,0.755671519314003
1992,2635,1.53276273920765
1992,2767,0.82325416807206
1992,3133,2.09721401117116
1992,3245,1.49423716019843
1992,3419,1.42970393487126
1992,3450,0.66364416224249
1992,3645,1.35477266245249
1992,3706,1.4512244648079
1992,3920,1.90117919631818
1993,2000,1.15087099617527
1993,2001,-0.0332751197037449
1993,2002,1.71190040650937
1993,2005,0.539533793070468
1993,2120,-0.200548349404066
1993,2488,1.27849049386743
1993,2661,1.50192076326504
1993,2733,1.02629211741408
1993,2764,0.933586396626282
1993,2816,0.0213305052741883
1993,3054,-0.495963097478985
1993,3109,-1.13336279422286
1993,3111,1.2573867844428
1993,3541,0.235103931534499
1994,1995,1.06827226042574
1994,1996,0.230043504489845
1994,2003,0.408287203435335
1994,2004,0.867683391005253
1994,2006,0.341977475562544
1994,2007,1.66519541397089
1994,2262,0.510610784217788
1994,2803,0.131320148006159
1994,2885,1.2591969471985
1994,2890,-0.405090508884872
1994,3142,1.10931118148136
1994,3465,0.841627245139266
1995,2000,0.0647236899897284
1995,2004,-0.200588869420488
1995,2037,-0.276562961557896
1995,2078,-1.36298277024802
1995,2704,-0.945616091465443
1995,2735,-1.51662548831505
1995,2763,0.251439825419935
1995,2954,-0.725064047447845
1995,3013,-0.666921802583275
1995,3032,0.0384341615999371
1995,3254,-0.817021023830456
1995,3278,-0.219718706192736
1995,3281,-0.391984123425042
1995,3330,0.0384697409860678
1995,3396,-1.97351384015113
1995,3451,-1.94980730766617
1995,3457,-0.587737792480204
1995,3675,0.615389603674804
1995,3699,-0.0692394748960583
1995,3923,-0.732744466806455
1996,1998,0.480176028229896
1996,2008,-0.291378891606856
1996,2125,0.939943701730944
1996,2219,0.752523891459167
1996,2563,1.13253800896579
1996,2766,0.652436065438328
1996,3042,-0.755784089269695
1996,3165,-0.262062909731897
1996,3199,-0.0974161663316841
1996,3419,0.201180691115584
1996,3968,-2.43267450547807
1997,2003,-0.641617932541951
1997,2007,0.615290277993606
1997,2009,-0.45688699185892
1997,2023,0.841378882788433
1997,2350,0.0767139782521871
1997,2464,-1.3515086984993
1997,2482,-1.17707195125734
1997,2928,0.363242115420667
1997,3250,-0.723155130961589
1997,3626,0.435758295524052
1997,3649,-0.538012993429526
1997,3832,-0.372542534377499
1997,3936,0.0368348940738489
1997,3948,0.0250938940496893
1998,2000,0.422776417695728
1998,2004,0.157463858285511
1998,2005,-0.188560785409075
1998,2006,-0.368242057157198
1998,2199,0.632184378195766
1998,2583,-0.650891393437128
1998,2636,-0.397264529359541
1998,3214,0.989198586354754
1998,3314,-0.741578394258248
1998,3375,0.413065486870632
1998,3953,0.119551628974666
1999,2004,-0.755315957375851
1999,2005,-1.10134060107044
1999,2006,-1.28102187281856
1999,2008,-1.68433473549811
1999,2010,-1.75909973899194
1999,2074,-1.26735645390234
1999,2124,-2.47691282618354
1999,2186,-0.85524915930716
1999,2853,-1.25314832931847
1999,2860,-1.50409772585349
1999,3028,-1.14382705341902
1999,3233,-1.30121491286395
1999,3282,-1.77093043534202
1999,3432,-1.81052713236
1999,3536,-1.77991120700243
1999,3603,-0.878781340523727
1999,3662,-1.15688044489576
1999,3690,-1.52658308844848
2000,2008,-1.19433133753248
2000,2009,-0.539977806297104
2000,2121,-1.98079980769198
2000,2126,-1.23102847449421
2000,2154,-0.848909630305311
2000,2212,-0.31298015926592
2000,2543,-0.428801285535732
2000,3212,-0.848236744518814
2000,3686,-0.524009772953879
2001,2006,0.39312764102609
2001,2007,1.71634557943444
2001,2010,-0.0849502251472873
2001,2011,1.18682868162195
2001,2014,0.752353933492218
2001,2208,-0.267600960542323
2001,2263,0.378720982345033
2001,2871,0.651265993762581
2001,2994,1.03311639206689
2001,3181,0.102827989490442
2001,3211,0.154315518126655
2001,3270,0.988209107312254
2002,2006,-1.35204788518702
2002,2010,-1.8301257513604
2002,2011,-0.558346844591166
2002,2012,-1.02683379527104
2002,2164,-0.729891742180381
2002,2364,-0.553480466141288
2002,2378,-0.858629844348873
2002,2707,-1.54995968699409
2002,3033,-2.02920004290066
2002,3267,-1.68134712661
2002,3306,-0.103553929684934
2002,3491,-0.416009788131898
2002,3511,-0.656889950475406
2002,3613,-1.08723343871763
2003,2007,1.25690821053556
2003,2009,0.184730940683031
2003,2015,-1.3751161449576
2003,2178,0.302049589458334
2003,2447,1.11479219583025
2003,2826,-1.08479567458476
2003,3400,-0.830053196281385
2003,3475,-0.904749869776952
2003,3484,-0.887957328393571
2003,3601,0.653216654349351
2004,2005,-0.346024643694587
2004,2010,-1.00378378161609
2004,2012,-0.200491825526729
2004,2013,-0.39733559077554
2004,2232,-0.0809661072126509
2004,2568,-0.875610475299491
2004,2633,-0.265943419665929
2004,2653,-0.628544051458396
2004,2710,-0.0289551713778344
2004,2886,0.198676232680047
2004,2904,-0.122791758679771
2004,3452,-1.16174591238083
2005,2006,-0.179681271748123
2005,2010,-0.6577591379215
2005,2013,-0.0513109470809537
2005,2017,-0.732649539541763
2005,2018,0.242134944950781
2005,2124,-1.3755722251131
2005,2753,0.506337462357124
2005,3116,0.539699833212681
2005,3140,-0.180958349546091
2005,3276,0.214121476866654
2005,3459,0.161057708466538
2005,3836,-1.57225150983421
2006,2008,-0.403312862679555
2006,2011,0.793701040595855
2006,2013,0.128370324667169
2006,2014,0.359226292466128
2006,2017,-0.55296826779364
2006,2050,-0.720524559790773
2006,2151,0.0277827693901369
2006,2359,-0.406676829175162
2006,2491,-0.445836167615253
2006,2559,0.14511734499129
2006,2612,-0.21710061881511
2006,2692,-0.0586487062441302
2006,3039,-0.242980366354754
2006,3189,0.175519232642914
2006,3611,-1.95056795883051
2007,2015,-2.63202435549316
2007,2017,-1.87618620620199
2007,2024,-1.74341643582506
2007,2207,-2.54166592068215
2007,2685,-0.277776800742022
2007,2828,-0.382870645415943
2007,2854,-0.736768845193251
2007,3340,-1.09025967840383
2007,3803,-0.209371593037189
2007,3964,-1.55601764077342
2008,2010,-0.0747650034938225
2008,2012,0.728526952595535
2008,2014,0.762539155145683
2008,2015,-0.905493554405257
2008,2376,1.26688496867707
2008,2491,-0.0425233049356984
2008,2525,0.789034116040767
2008,2662,1.28884010584108
2008,3098,0.830646703265564
2008,3119,1.30068832861903
2008,3657,-0.155733801694056
2008,3700,0.076769980845728
2008,3899,-0.729415361181612
2009,2016,0.308877983504135
2009,2017,-0.804008936349462
2009,2019,0.16063410229545
2009,2022,0.207614118754381
2009,2239,0.463587397983022
2009,3161,-0.0287358946836575
2009,3690,-0.496601884185741
2009,3957,0.768696163896757
2010,2011,1.27177890676923
2010,2015,-0.830728550911435
2010,2023,2.02738440937655
2010,2109,0.0246391771153693
2010,2269,1.56631134889511
2010,2584,-0.120611146577522
2010,2625,-0.318660102616699
2010,2830,1.16031842898097
2010,3151,-0.917964002577997
2010,3689,2.13303213201044
2010,3737,0.122133178673239
2010,3801,1.05596942192883
2011,2012,-0.468486950679875
2011,2013,-0.665330715928686
2011,2017,-1.3466693083895
2011,2019,-0.382026269744583
2011,2021,1.09561400896848
2011,2022,-0.335046253285652
2011,2113,-1.40062944533135
2011,2161,0.386938665643308
2011,2522,-0.0936744185088305
2011,2581,-0.898125629313161
2011,3158,0.805461670779827
2011,3596,-0.344274746861728
2011,3789,-0.654060492482435
2012,2013,-0.196843765248811
2012,2015,-1.63402050700079
2012,2020,-0.15168403098447
2012,2023,1.2240924532872
2012,2026,-0.531402431093413
2012,2030,-0.37253824919135
2012,2251,1.05075485398494
2012,2506,-0.191740461752824
2012,2524,-0.48196872082352
2012,2743,-0.179030367646502
2012,2750,-0.769263039653116
2012,2874,-0.260748981079075
2012,3131,-0.46260381247373
2012,3149,-0.302025197346067
2012,3566,0.105925006295693
2012,3767,-0.250173403937419
2012,3973,0.258532576342566
2013,2014,0.23085596779896
2013,2017,-0.681338592460809
2013,2019,0.283304446184103
2013,2020,0.0451597342643408
2013,2021,1.76094472489717
2013,2022,0.330284462643034
2013,2025,-1.19933810930966
2013,2162,0.202106482158062
2013,2165,0.97115204242498
2013,2290,0.495057972999916
2013,2892,0.765240552024725
2013,2934,-0.0996091246908556
2013,2996,-0.126659461304437
2013,3374,-0.943483318209919
2013,3736,-0.0163707912430468
2014,2016,0.200692359593828
2014,2017,-0.912194560259769
2014,2018,0.0625899242327747
2014,2019,0.052448478385144
2014,2023,1.19008025073705
2014,2026,-0.565414633643562
2014,2095,-0.69406888750327
2014,2181,-1.0221894947578
2014,2517,-0.238599508485806
2014,2520,-1.2420479951084
2014,2992,-0.398820540699644
2014,3173,-1.23752692496237
2014,3718,-0.322335659420364
2014,3724,-1.52489814091191
2015,2016,1.86872506914477
2015,2018,1.73062263378371
2015,2022,1.76746120439501
2015,2025,0.237838632442323
2015,2027,1.84457021464917
2015,2028,1.47018014603667
2015,2621,1.28663880362479
2015,2667,2.59281416982527
2015,2950,1.03571553260673
2015,3343,0.890857376509425
2015,3872,1.15769228157414
2016,2019,-0.148243881208684
2016,2167,-0.645597479604053
2016,2236,-1.68128042197395
2016,2451,0.558455213364686
2016,2461,-0.334139353871389
2016,2557,0.714209404707607
2016,2820,-0.132836735947415
2016,2937,-1.82584517430496
2016,2969,0.0807450613737885
2016,3018,-0.355404815416664
2016,3270,0.035162814226207
2016,3602,0.651906806200942
2017,2018,0.974784484492544
2017,2019,0.964643038644913
2017,2020,0.72649832672515
2017,2436,-0.280986023451009
2017,2834,0.773981908849507
2017,2949,0.541278394104584
2017,3212,0.495749998127753
2017,3259,1.42229760590507
2017,3330,1.31773279364291
2017,3345,0.512901410530314
2017,3448,0.289278661832442
2017,3601,1.27249465001578
2017,3606,0.33108618018947
2017,3888,-0.0595393238095626
2018,2020,-0.248286157767393
2018,2021,1.46749883286544
2018,2023,1.12749032650427
2018,2026,-0.628004557876336
2018,2038,-0.392277826407843
2018,2460,-0.895928517085535
2018,2559,-0.276698871707613
2018,2655,0.170657620457165
2018,2766,0.118685877666726
2018,2809,0.0538147295587033
2018,2827,-1.74159329633669
2018,2950,-0.694907101176982
2018,3101,-1.13358712337774
2018,3487,-0.369416885273339
2018,3898,0.200536705696838
2019,2020,-0.238144711919763
2019,2021,1.47764027871307
2019,2023,1.1376317723519
2019,2026,-0.617863112028706
2019,2029,-0.970563515598486
2019,2030,-0.458998930126643
2019,2032,0.455115016411041
2019,2060,0.423488823576281
2019,2437,0.100408940577727
2019,2949,-0.423364644540329
2019,3134,0.551030909970172
2019,3309,0.18838789596585
2019,3358,0.6186268627029
2019,3507,1.24050234878695
2019,3635,-1.37804945270045
2019,3913,-0.182737426186392
2020,2021,1.71578499063283
2020,2023,1.37577648427167
2020,2025,-1.244497843574
2020,2026,-0.379718400108943
2020,2029,-0.732418803678724
2020,2288,0.1874198657893
2020,2472,0.451880353968647
2020,2851,-0.942736117556683
2020,2876,-0.835440847670887
2020,2965,-0.275793573655335
2020,3801,0.404361496823947
2020,3914,0.601653057479118
2021,2023,-0.340008506361163
2021,2033,-0.784046248668215
2021,2034,-3.36253420145478
2021,2095,-2.22415764460148
2021,2242,-2.24099172201498
2021,2394,-2.4633315080843
2021,2709,-2.19811751372124
2021,2868,-1.81371520930158
2021,2967,-3.21462104577926
2021,3070,-2.28203459879496
2021,3074,-1.76442200172985
2021,3363,-2.98136802821246
2021,3439,-2.62712911425136
2021,3934,-1.43984644248299
2022,2024,-0.878853284726915
2022,2025,-1.52962257195269
2022,2029,-1.01754353205742
2022,2034,-1.93187393920065
2022,2035,-0.586766264871145
2022,2176,-1.55028626020963
2022,2286,-1.17019635000594
2022,2716,-1.13978450754309
2022,2852,-0.602099389394913
2022,3001,0.917372671274479
2022,3012,-0.365602943552679
2022,3287,-0.0455741840107945
2022,3519,-1.00361106232042
2022,3603,-0.0564142550153692
2022,3682,-0.278784033306113
2022,3724,-1.62432663575598
2022,3811,0.0876807845820855
2022,3933,-0.980821220203767
2023,2028,-1.38793281425131
2023,2034,-3.02252569509362
2023,2219,-0.908716622816707
2023,2490,0.460315838227623
2023,2495,-1.77653052845752
2023,2626,-0.154102469440226
2023,2682,-1.68811999683629
2023,2723,-2.28410647850991
2023,2979,-1.24464856915722
2023,3399,-1.09326042842369
2023,3571,-0.776898895219898
2023,3750,-1.57523202240262
2024,2700,-0.237174236320899
2024,2714,-0.568183821053468
2024,3028,0.557393316816249
2024,3166,0.665111785405648
2024,3340,0.653156757421236
2024,3450,-0.256614555169171
2024,3571,1.19260614539999
2025,2028,1.23234151359435
2025,2030,1.02364362536712
2025,2038,1.10050617493355
2025,2135,1.36872719441908
2025,2185,1.11418572141869
2025,2321,1.45042391463367
2025,2360,1.9032870316881
2025,2620,0.615107010569376
2025,2621,1.04880017118247
2025,2991,0.0333757433431375
2025,3211,0.832155661743055
2025,3243,1.96752885649185
2025,3447,1.47036427005249
2025,3701,0.700854568705955
2025,3927,1.2253163045569
2025,3960,1.19427849414897
2026,2032,1.07297812843975
2026,2034,-1.26703081071301
2026,2085,0.220072291688613
2026,2225,0.532545700424371
2026,2277,-0.479835989971181
2026,2312,1.0145279139582
2026,2316,-1.39568371376275
2026,2362,0.0173727944588226
2026,2382,1.02671552092974
2026,2616,0.346746772905829
2026,2643,-0.129945121600638
2026,2837,-0.793500049971357
2026,3196,-0.33337061854095
2026,3287,0.619268944476841
2026,3789,0.345828889290853
2027,2029,-1.09465254231157
2027,2031,-0.0761678337032699
2027,2033,0.569505003331764
2027,2036,-0.777826897892759
2027,2037,-0.0860319742590586
2027,2039,-0.0524367590884537
2027,2085,-0.52187984705318
2027,2208,-1.19649239913277
2027,2412,-0.667525904305464
2027,2712,-0.902538813012025
2027,3139,-0.664744733305053
2027,3189,-0.360244564921446
2027,3445,-1.72383161513656
2027,3956,-0.927559229777612
2028,2029,-0.720262473699074
2028,2031,0.29822223490923
2028,2032,0.705416058310453
2028,2033,0.943895071944263
2028,2035,-0.289485206512803
2028,2036,-0.403436829280259
2028,2040,-0.441072748728674
2028,2061,0.338968930967193
2028,2064,0.427005225256879
2028,2466,0.676608275161367
2028,2809,0.314257217305746
2028,2834,0.0596399121040063
2028,2994,0.478615022088936
2028,3140,-0.162650806749828
2028,3242,-0.144320506211245
2028,3289,0.0999248644109194
2028,3339,0.526922297693125
2028,3639,-0.780133229496684
2028,3882,1.69518469354724
2028,3897,0.823850309828217
2029,2036,0.316825644418815
2029,2038,0.588427135038274
2029,2261,1.04499884655653
2029,2312,1.36722831752798
2029,2471,0.115480053379466
2029,2862,1.72278276559646
2029,3017,0.334947859139871
2029,3046,-1.01968491892853
2029,3233,0.538695704701824
2029,3403,0.759079492237977
2029,3626,1.70257470068601
2029,3932,0.0981601404036948
2029,3994,0.498873680489754
2030,2034,-1.42589499261507
2030,2035,-0.0807873182855723
2030,2037,0.497055982580672
2030,2038,0.0768625495664308
2030,2042,-0.962447518817721
2030,2185,0.0905420960515664
2030,2294,1.00293866693878
2030,2956,0.617351012285433
2030,3270,0.642405625561534
2030,3391,1.10463407525029
2030,3531,-0.506217105338298
2031,2032,0.407193823401223
2031,2034,-1.93281511575153
2031,2038,-0.430057573570029
2031,2073,0.116500395042748
2031,2933,-0.426941332622298
2031,3052,-0.501846991937823
2031,3178,-0.568413823464769
2031,3345,-0.499662821124416
2031,3429,-1.25719715609842
2031,3440,-0.498228427353397
2031,3799,-0.650181695125866
2031,3875,0.248557731454283
2031,3921,-0.0727702226661588
2031,3967,-0.190690064132518
2032,2036,-1.10885288759071
2032,2044,-1.34571263162665
2032,2419,-1.14756993116547
2032,2538,0.433903300930803
2032,2714,-1.85517210573249
2032,3109,-2.36000510280751
2032,3177,-0.316261698797265
2032,3237,-1.49267512215068
2032,3265,0.410610509709415
2032,3267,-1.19608902868529
2032,3375,-0.0854822432344833
2032,3391,0.19052012871261
2032,3414,-1.0360110982784
2032,3461,-1.44093700777317
2032,3667,-1.81670481339627
2032,3718,-0.829899154216548
2032,3940,-1.43650990340954
2033,2037,-0.655536977590822
2033,2040,-1.38496782067294
2033,2044,-1.58419164526046
2033,2045,-1.28003203941069
2033,2158,-1.08701873470349
2033,2417,-0.714874827769813
2033,2876,-1.7671795896355
2033,2980,-1.67895111985465
2033,3100,-0.990956023676543
2033,3104,-1.0093579168643
2033,3222,-0.906176711247991
2033,3708,-0.798747480853485
2033,3833,-1.54667139913388
2034,2039,1.95654619036635
2034,2041,0.403723930427856
2034,2045,1.29845591337588
2034,2184,1.49725043104202
2034,2212,1.95125746747745
2034,2266,0.411181295038938
2034,2284,1.84014415870402
2034,2715,2.34565342513479
2034,2772,0.884294890572399
2034,3238,2.40761057003488
2034,3418,1.99074285222817
2034,3447,1.87261563730045
2034,3742,1.51328290654908
2034,3842,1.30956232440209
2035,2037,0.577843300866244
2035,2038,0.157649867852003
2035,2040,-0.151587542215871
2035,2042,-0.881660200532149
2035,2043,0.627352730561483
2035,2122,-0.266781494550587
2035,2945,0.36252323764217
2035,3525,-0.154278362101
2035,3544,1.03166344522778
2035,3591,1.29846605434201
2035,3648,0.123766333604248
2036,2040,-0.0376359194484153
2036,2041,-0.827432121134189
2036,2043,0.741304353328939
2036,2046,-1.10748480142659
2036,2047,0.42464665106498
2036,2049,0.288150665945723
2036,2076,0.890951487041536
2036,2122,-0.152829871783131
2036,2803,0.0314057727720147
2036,3315,0.984440949018469
2036,3706,0.352830350307927
2036,3799,0.051477369063623
2036,3926,0.910696614468892
2037,2038,-0.420193433014241
2037,2040,-0.729430843082115
2037,2041,-1.51922704476789
2037,2047,-0.26714827256872
2037,2235,0.0408979144606258
2037,2248,0.294805178562042
2037,2279,-1.21226874234352
2037,2558,-1.20518956438279
2037,2873,-0.0252793229588374
2037,2924,0.439201866450315
2037,3148,-0.171570723077428
2037,3193,-0.790907026858513
2037,3227,-0.307452669207907
2037,3705,-0.488690273054321
2038,2043,0.46970286270948
2038,2047,0.15304516044552
2038,2051,-0.669741992275558
2038,2175,0.217207311107719
2038,2641,-1.63927362200598
2038,3293,0.72205553598868
2038,3486,0.903477104678889
2039,2041,-1.55282225993849
2039,2046,-1.83287494023089
2039,2047,-0.300743487739325
2039,2048,-1.25665889194049
2039,2051,-1.1235306404604
2039,2350,0.301314600191023
2039,2354,-0.343618332446822
2039,2368,-0.968473316708259
2039,2711,0.877525894175509
2039,2731,0.269397966257853
2039,2773,1.01946005487788
2039,2873,-0.0588745381294423
2039,3152,0.68869618368302
2039,3180,0.277819024780814
2039,3342,-0.243601915351547
2040,2044,-0.199223824587523
2040,2048,-0.493632833687769
2040,2049,0.325786585394139
2040,2053,0.678313408762128
2040,2088,0.0964643097440783
2040,2526,0.917779702147265
2040,2673,-0.732965419094236
2040,2829,-0.410543841969512
2040,2878,-0.0594962346348514
2040,3162,-0.430681669207564
2040,3200,-0.0446191632412919
2040,3392,1.02544505993805
2041,2048,0.296163367998005
2041,2050,0.348970661671815
2041,2051,0.42929161947809
2041,2052,1.77249382920355
2041,2053,1.4681096104479
2041,2088,0.886260511429852
2041,2205,0.244633511111188
2041,2558,0.314037480385104
2041,2617,1.96490097415091
2041,2680,0.0731333613467463
2041,2682,0.930681767829472
2041,2961,0.0499359216052605
2041,3010,0.268569601305122
2041,3885,1.29379462337328
2041,3932,0.608766617119069
2042,2044,0.530848833728755
2042,2048,0.236439824628508
2042,2051,0.369568076108594
2042,2054,-0.165792051060632
2042,2272,1.07927558760349
2042,2275,2.23205714646288
2042,2648,0.829374201893896
2042,2776,1.61003407602075
2042,2861,0.372644764607334
2042,3105,3.3390077867791
2042,3201,-0.230243837797039
2042,3373,2.12697961420267
2042,3374,0.194658684550342
2042,3443,1.53150151572261
2042,3855,-0.0829351854722789
2043,2051,-1.13944485498504
2043,2053,-0.100626864015226
2043,2054,-1.67480498215426
2043,2056,0.254126203473308
2043,2564,-1.4324441958028
2043,2566,-1.08619964220349
2043,2662,0.386285990160981
2043,3019,-0.012435519315751
2043,3227,-0.356962098903146
2043,3316,-0.837783724480808
2043,3367,-0.10289216116267
2043,3596,-0.0498149592664134
2043,3621,-0.649058306562656
2043,3948,0.233780301463891
2044,2046,-0.870625057390651
2044,2052,1.1819214521053
2044,2108,0.252842289279371
2044,2352,-0.476017719846713
2044,2533,1.43913554756864
2044,2816,0.14040082831618
2044,2991,-0.558669196935015
2044,3000,1.61785596107736
2044,3011,0.475413974266632
2044,3211,0.240110721464902
2044,3252,1.78047002849781
2044,3316,0.140380372884069
2044,3471,1.49389579996065
2044,3747,-0.347444019796729
2044,3861,0.62976830335503
2045,2047,0.357346789251144
2045,2048,-0.59856861495002
2045,2051,-0.465440363469934
2045,2055,-0.0884888929437462
2045,2057,0.516032353955694
2045,2116,-0.350496189071884
2045,2479,-0.359989536790746
2045,2565,1.32928388317989
2045,2847,-0.24759121692386
2045,2973,-0.543236105394407
2045,2995,-0.131528333583212
2045,3523,-0.122789419006348
2045,3632,-0.760609042854205
2045,3968,-2.3698452380362
2046,2047,1.53213145249157
2046,2048,0.576216048290405
2046,2051,0.709344299770491
2046,2057,1.69081701719612
2046,2059,1.391919558582
2046,2065,1.27116365720075
2046,2179,0.316010199682569
2046,2470,1.75660669875941
2046,2538,2.6502409899481
2046,2645,1.82889012260237
2046,3344,1.87408785127239
2046,3357,1.56875664718481
2046,3501,0.762848908963702
2046,3588,1.57880555216599
2047,2049,-0.136495985119256
2047,2052,0.520415057004382
2047,2053,0.216030838248733
2047,2054,-1.3581472798903
2047,2057,0.15868556470455
2047,2168,0.0290386921494224
2047,2197,0.0752659244784041
2047,2632,0.736726107118735
2047,2748,-0.286621367100569
2047,3484,-1.00423115125736
2047,3875,0.525570144578792
2047,3901,0.735849246540047
2048,2052,1.47633046120555
2048,2054,-0.402231875689141
2048,2057,1.11460096890571
2048,2059,0.815703510291597
2048,2072,0.635258750351082
2048,2174,-0.159608435388258
2048,2443,0.672036102541107
2048,2862,1.93722587431383
2048,3258,1.90662217657855
2048,3303,1.11986146838274
2048,3324,0.870441821776833
2048,3583,1.97544054193643
2048,3909,2.68350926536453
2049,2050,-0.766612125408098
2049,2057,0.295181549823807
2049,2059,-0.0037159087903107
2049,2319,0.668751500986013
2049,2468,0.744049534892848
2049,2631,0.571683728743055
2049,2867,-0.976825222125555
2049,3556,1.59334229889544
2049,3557,-0.342380962665556
2049,3570,1.23496777526871
2049,3719,0.800695404435123
2049,3795,0.288882789132934
2050,2054,-0.455039169362951
2050,2062,0.783042529495226
2050,2073,1.29662091869461
2050,2153,1.69500780990619
2050,2535,0.408076292610171
2050,2974,0.187425305180951
2050,3046,-0.858049103884968
2050,3503,0.233967920926876
2050,3689,2.37547882562784
2050,3973,1.30427122604932
2051,2055,0.376951470526188
2051,2056,1.39357105845835
2051,2062,0.70272157168895
2051,2063,0.475362509018502
2051,2246,0.478616686127476
2051,2568,0.290299042127716
2051,2730,1.72692567157925
2051,2849,2.33286943094715
2051,3051,1.20894236537371
2051,3101,-0.0715673046943408
2051,3126,-0.325566821139785
2051,3628,1.54963421422337
2051,3684,-0.0327165408214007
2051,3894,0.649097487128461
2052,2053,-0.304384218755649
2052,2054,-1.87856233689469
2052,2056,0.0503688487328848
2052,2057,-0.361729492299832
2052,2060,0.13216498668659
2052,2348,-1.18996758208307
2052,3109,-2.19621392328616
2052,3441,-0.337349867597579
2052,3685,-2.14084996609627
2052,3904,-1.21587034045352
2053,2055,-0.661866520443623
2053,2058,0.498082681536979
2053,2059,-0.3562427321583
2053,2066,-0.0982158751330436
2053,2561,-0.0876898938704885
2053,2727,-0.334512749690338
2053,2736,-0.397669428707892
2053,3571,0.373793258997964
2053,3808,1.17965453092326
2053,3810,0.355306316703636
2054,2055,0.912311597695414
2054,2060,2.01072732358128
2054,2064,1.76394268336246
2054,2148,1.80215890842238
2054,2189,2.02442349299371
2054,2321,1.5550198591449
2054,2482,0.706419438311123
2054,2631,1.7933350235141
2054,2896,1.51646797843644
2054,3463,-0.279816269364909
2054,3482,1.6913916361902
2054,3737,0.819619041653586
2055,2064,0.851631085667049
2055,2066,0.56365064531058
2055,2068,-0.0298945035218659
2055,2179,-0.77028557061411
2055,2278,0.126485058740296
2055,3043,0.0110254866510257
2055,3156,0.981782653079005
2055,3281,0.597562792896465
2055,3302,2.13740278892964
2055,3306,1.5117460869604
2055,3317,-0.360455230132304
2055,3435,0.532817672158385
2055,3538,-1.27915587622593
2055,3806,0.520038609202668
2056,2059,-0.710995799646834
2056,2063,-0.918208549439843
2056,2066,-0.452968942621578
2056,2436,-1.5873217477185
2056,2571,-0.516501773692717
2056,2660,-1.44136886176393
2056,2778,0.898230259235397
2056,2925,-1.72317018685032
2056,3076,-0.257860068210315
2056,3095,0.793127791069853
2056,3187,-0.267773169963793
2056,3735,-1.04262450819861
2056,3913,-0.524430111808967
2057,2058,0.555427955081162
2057,2062,-0.278751145736679
2057,2063,-0.506110208407127
2057,2064,0.247109838767608
2057,2070,-0.0158151080829922
2057,2479,-0.87602189074644
2057,3204,-0.320263143066357
2057,3459,-0.0005301352264704
2057,3712,0.216378360461212
2058,2060,-0.0615334760947398
2058,2064,-0.308318116313554
2058,2068,-1.18984370550247
2058,2159,-0.886926851737339
2058,2382,-0.0761698907699817
2058,2669,-0.180732404327491
2058,3203,0.227240733173123
2058,3402,-2.08645004472538
2058,3869,-1.29689314241741
2058,3975,-1.27953624827503
2059,2060,0.79279193760054
2059,2063,-0.207212749793009
2059,2067,0.233940174209256
2059,2137,1.62531858378978
2059,2234,0.552208895979575
2059,2314,-0.0999606901007388
2059,2596,-0.569298556367947
2059,2956,0.527655196183049
2059,3384,-0.112362980551453
2059,3739,-0.299168871396306
2059,3803,1.07147468854415
2060,2069,-1.11779353348042
2060,2241,-0.680828023485544
2060,2888,0.112158434076975
2060,3066,-1.11340427318749
2060,3129,-0.331316681989877
2060,3202,-0.989581259437269
2060,3273,-1.55664081037223
2060,3397,-0.0769227790012325
2060,3646,-0.456156323269125
2060,3791,-1.12853478893894
2060,3983,-1.27496140437264
2061,2063,-0.665183752885049
2061,2071,-0.559056894791548
2061,2086,0.301548503277447
2061,2142,-0.420071600474427
2061,2355,0.473808629296253
2061,2596,-1.02726955945999
2061,2686,-1.21088256150453
2061,3513,-0.792738321540291
2062,2068,-0.355664604684628
2062,2070,0.262936037653687
2062,2071,-0.121232204576947
2062,2074,-0.0488525507882301
2062,2211,-1.57175323020491
2062,2314,-0.120107002978177
2062,2468,0.72761913080572
2062,2617,0.832887782983873
2062,2959,-1.18127809343812
2062,3005,-0.646959460917143
2062,3674,-0.372716425392203
2063,2065,0.0864568484117584
2063,2066,0.465239606818266
2063,2067,0.441152924002265
2063,2069,-0.117788846086875
2063,2070,0.490295100324135
2063,2071,0.106126858093501
2063,2076,0.813729479679133
2063,2192,1.66564873481878
2063,2798,1.60264006194264
2063,2875,0.371897614081457
2063,2882,-0.394577179053002
2063,3041,0.0147791752712131
2063,3635,-0.801533588883185
2064,2068,-0.881525589188915
2064,2069,-0.87100889326161
2064,2072,-0.72645205732224
2064,2073,-0.0122825953049012
2064,2075,-0.514521516571305
2064,2077,-0.964966097857554
2064,2079,-1.48869635352679
2064,2089,-0.122798797711791
2064,2480,-0.467951482345026
2064,2813,-0.271193237686361
2064,3038,1.13152996741289
2064,3126,-1.55414937733302
2064,3718,-0.551488321162975
2064,3773,-0.203049507081526
2064,3800,-0.932952742520686
2064,3835,-0.878388570062924
2065,2066,0.378782758406507
2065,2068,-0.214762390425938
2065,2071,0.0196700096817429
2065,2077,-0.298202899094577
2065,2170,-0.317832818856932
2065,2388,0.517525892470833
2065,2447,1.25948616825728
2065,2649,0.79450151990493
2065,2677,-0.859567561606711
2065,2735,-0.711946458897619
2065,3055,-0.170561429874195
2065,3926,0.74701775869473
2066,2068,-0.593545148832445
2066,2070,0.0250554935058689
2066,2073,0.275697845051568
2066,2075,-0.226541076214835
2066,2182,0.0444897741612864
2066,2228,-1.8162698473438
2066,2719,-0.638084314666079
2066,2768,-0.398181362139424
2066,2870,-1.18172652797841
2066,2976,0.765512466816938
2066,3139,-0.429379449592964
2066,3142,0.466935192066545
2066,3558,0.0182421373396953
2066,3737,-0.656343201352408
2067,2071,-0.335026065908764
2067,2079,-1.17662923035432
2067,2249,-0.471373038116471
2067,2466,0.561670173076958
2067,2579,-0.44349789176926
2067,2658,1.56969585980367
2067,2938,-0.760597946839056
2067,2947,-0.144901128866643
2067,3141,0.67267525807875
2067,3189,-0.100792598393355
2067,3297,0.152125881498328
2067,3736,-0.164312297612147
2068,2074,0.306812053896397
2068,2076,0.942035021693312
2068,2080,1.29243398140607
2068,2222,-0.33540063366857
2068,2337,1.37082492965767
2068,2412,0.161384528239071
2068,2509,0.467906895750639
2068,2601,1.61019946077211
2068,2673,-0.719517803890875
2068,2980,-0.280535683978355
2068,3738,0.688817145047263
2068,3806,0.549933112724534
2068,3931,1.18065456860012
2069,2074,0.296295357969093
2069,2261,0.768740040862183
2069,2491,-0.163206228562382
2069,3221,0.643168614486651
2069,3621,0.132812885490755
2069,3648,0.278284795096176
2069,3886,-0.518605687195194
2070,2073,0.250642351545699
2070,2074,-0.311788588441917
2070,2076,0.323434379354998
2070,2077,-0.702041151006953
2070,2078,-0.962141992742964
2070,2081,-0.123332735561973
2070,2082,0.557987578320521
2070,2105,-0.951595865411781
2070,2457,-0.867606353231046
2070,2676,0.0134813289465762
2070,2838,0.0675472339215802
2070,3147,-0.0849494836290307
2070,3388,-0.922247470423223
2070,3444,-1.09169881251504
2071,2078,-0.577973750512331
2071,2079,-0.841603164445553
2071,2085,0.072598185383674
2071,2122,-0.336178737239035
2071,2284,0.425639241686071
2071,2323,0.701211421485905
2071,2424,-1.29778354649638
2071,3313,-0.420107744210567
2071,3539,0.678144966067229
2071,3799,-0.131871496392282
2071,3815,-0.0082489663424803
2071,3951,-1.30293242035141
2072,2074,0.151738522029723
2072,2079,-0.762244296204547
2072,2080,1.1373604495394
2072,2082,1.02151468879216
2072,2085,0.15195705362468
2072,2456,0.424562347482197
2072,2589,-0.801533315151752
2072,2662,1.02360034627502
2073,2074,-0.562430939987616
2073,2077,-0.952683502552652
2073,2080,0.423190987522061
2073,2133,-0.362022896073195
2073,2166,0.881228369875491
2073,2481,-0.806118724609087
2073,2909,-0.0772676016202688
2073,3153,-1.20005308503126
2073,3236,0.14315059199948
2073,3366,-0.967229755082313
2073,3674,-0.886294814591589
2073,3692,0.334753783152362
2074,2080,0.985621927509677
2074,2084,0.229414221659134
2074,2085,0.0002185315949574
2074,2318,-0.452555858000199
2074,2344,-0.813373359361048
2074,2399,0.0081021248225819
2074,2539,0.392688795017204
2074,2687,0.176974230230526
2074,3266,0.504628393981703
2074,3950,1.1787084993146
2074,3968,-2.55827389546699
2075,2078,-0.71054542302226
2075,2081,0.128263834158731
2075,2329,-0.84212999887799
2075,2403,0.742593354026705
2075,2431,0.38687475090395
2075,2443,-0.175153188560911
2075,2741,-0.121641694244666
2075,2874,-0.0093923288005302
2075,2910,0.0401320641152628
2075,3346,-0.748926940679758
2075,3592,0.229463927813223
2075,3686,0.193151264261612
2075,3822,0.0019780104634318
2076,2082,0.234553198965523
2076,2083,-1.26213061179711
2076,2084,-0.405808746137781
2076,2177,-0.94996273101895
2076,2426,-0.301411274760324
2076,2469,-1.02491852757873
2076,2477,0.797881041023387
2076,2539,-0.242534172779711
2076,3773,-0.263558939585923
2076,3937,-1.19341799813311
2076,3993,-0.695688832997966
2077,2079,-0.523730255669233
2077,2081,0.57870841544498
2077,2086,1.17847830684531
2077,2087,1.65221307068267
2077,2088,0.193352433616078
2077,2090,1.11780408453148
2077,2109,-0.0768515454091939
2077,2514,2.28968648690396
2077,2914,0.704905756649594
2077,2966,1.76427871024702
2077,3012,0.469638987406337
2077,3236,1.09583409455213
2077,3247,-0.216162904955869
2077,3509,0.508975251246858
2077,3617,0.362862176131403
2077,3811,0.922922715541102
2077,3969,0.732359540076759
2078,2086,1.43857914858133
2078,2088,0.453453275352089
2078,2116,0.111428557798378
2078,2449,0.554709448714793
2078,2610,0.207271816972224
2078,3241,0.96825676669733
2078,3419,0.725934705427711
2078,3667,-0.313227040749136
2079,2081,1.10243867111421
2079,2082,1.78375898499671
2079,2083,0.287075174234078
2079,2085,0.914201349829227
2079,2088,0.717082689285311
2079,2155,0.547153382403232
2079,2679,1.29910054393117
2079,2822,-0.539810864404416
2079,3065,1.57586024389666
2079,3069,0.267254933110651
2079,3267,0.571018157895072
2079,3288,1.04291510698537
2079,3313,0.421495420234986
2079,3911,2.17768213600557
2080,2082,-0.115845760747238
2080,2089,-0.53370718992895
2080,2091,-2.08802506201595
2080,2449,-1.08126588309593
2080,2752,-1.62671185926803
2080,2911,-1.02756464852441
2080,3306,0.249206609076188
2080,3318,-0.777437472163499
2081,2085,-0.188237321284986
2081,2090,0.5390956690865
2081,2091,-1.29085898738621
2081,2092,0.497652993481653
2081,2549,-0.0660522903929199
2081,2693,0.38535985909274
2081,2836,0.139602818336906
2081,2956,0.367905581213897
2081,3434,-0.342396636314231
2081,3448,-0.465810877757364
2082,2083,-1.49668381076263
2082,2086,-0.0815504224821601
2082,2087,0.392184341355195
2082,2090,-0.142224644795994
2082,2093,0.34515925072252
2082,2094,-1.02776518810859
2082,2095,-1.2182841807158
2082,2767,-1.40064463243497
2082,3869,-1.28363765757378
2082,3894,-0.874547700534697
2082,3999,-0.504208275294505
2083,2085,0.627126175595149
2083,2086,1.41513338828047
2083,2087,1.88886815211782
2083,2088,0.430007515051234
2083,2089,1.07882238158092
2083,2094,0.468918622654041
2083,2095,0.278399630046828
2083,2096,0.484767721441757
2083,2180,1.25812082979914
2083,2938,0.128956109281182
2083,2991,-0.424349816215382
2083,3176,1.02225051510875
2083,3227,0.755521379181364
2083,3423,1.59216606770928
2083,3480,0.307823922724301
2083,3614,2.65865002743666
2084,2085,-0.229195690064177
2084,2087,1.0325462864585
2084,2088,-0.426314350608092
2084,2095,-0.577922235612498
2084,2096,-0.371554144217569
2084,2097,-0.368635836609978
2084,2258,1.28474256159364
2084,2272,-0.173575731064962
2084,2309,0.104815758768823
2084,2965,-0.345343155299182
2084,3392,0.50266639958588
2084,3575,-1.55795697082981
2084,3602,0.968745817685542
2085,2086,0.788007212685321
2085,2088,-0.197118660543915
2085,2091,-1.10262166610123
2085,2094,-0.158207552941109
2085,2097,-0.139440146545802
2085,2197,0.243965524703805
2085,2365,-0.656760671055668
2085,2555,1.17514400849522
2085,3084,0.117692591624328
2085,3393,0.0716767692056593
2085,3609,-0.224304301920804
2086,2087,0.473734763837355
2086,2088,-0.985125873229236
2086,2089,-0.336311006699552
2086,2092,-0.102116897918682
2086,2094,-0.946214765626429
2086,2096,-0.930365666838713
2086,2099,0.0703151685063009
2086,2154,-0.859782318648886
2086,2235,-0.311261425430573
2086,2434,-0.456084260552821
2086,3185,-0.720073961839326
2086,3354,-0.180685064015974
2086,3455,-0.510716602043108
2087,2088,-1.45886063706659
2087,2089,-0.810045770536907
2087,2090,-0.534408986151189
2087,2094,-1.41994952946378
2087,2095,-1.610468522071
2087,2599,-1.55337331792281
2087,2628,-0.543374387518455
2087,2637,-0.953938067237032
2087,2670,-1.93273015990165
2087,2969,-0.63496221360011
2087,3009,-3.33238849470497
2087,3706,-1.16485867705433
2087,3707,-2.70352693746668
2087,3727,-1.01866716165837
2088,2090,0.924451650915402
2088,2096,0.0547602063905232
2088,2099,1.05544104173554
2088,2278,0.0464676373147221
2088,2307,0.259379390548051
2088,2390,0.645907142364616
2088,2555,1.37226266903914
2088,3163,-0.925821107931909
2088,3263,0.485944763805555
2088,3333,0.470333254279607
2088,3913,0.412172054697616
2088,3920,0.743956691522537
2089,2095,-0.80042275153409
2089,2096,-0.594054660139161
2089,2099,0.406626175205853
2089,2352,-1.420520720708
2089,2629,0.116247653307864
2089,2758,-0.439483983810881
2089,2837,-1.46526854764574
2089,3068,-2.19353249014635
2089,3224,-0.0744130177093685
2089,3285,-0.982789500424658
2089,3414,-0.634801467513039
2089,3873,-0.59611654115687
2090,2100,0.0784750414989948
2090,2102,-0.406256608322669
2090,2602,-0.679016243278435
2090,2748,-0.845254757246655
2090,3004,-0.70701411713354
2090,3120,-0.723757414673189
2090,3223,-0.72034791234138
2090,3407,1.06647779741183
2090,3433,-1.40937242790504
2091,2097,0.963181519555426
2091,2100,1.90842969797171
2091,2102,1.42369804815005
2091,2136,1.42038638305988
2091,2155,0.735573698675232
2091,2406,0.973256460296756
2091,2443,0.987441964666572
2091,2444,0.477976713294769
2091,2832,1.85852789714058
2091,2890,0.341669731142632
2091,3099,1.47983433267
2091,3161,1.31104248946221
2091,3383,1.14126393882603
2091,3899,-0.0439905082711186
2092,2095,-1.03461686031496
2092,2097,-0.825330461312441
2092,2098,-1.37693534980946
2092,2100,0.119917717103843
2092,2102,-0.364813932717821
2092,2103,-1.16841316866653
2092,2517,-0.579147481297497
2092,2901,-0.865107688517588
2092,3029,0.0758018274395773
2092,3073,-1.99784776605609
2092,3198,-0.303631938121367
2092,3258,0.433516057836147
2092,3344,-0.175234315760415
2092,3756,-0.665286304557176
2093,2098,-1.90576192093283
2093,2099,-0.356394504698379
2093,2101,-1.94846596763722
2093,2102,-0.893640503841183
2093,2104,-0.677994274614633
2093,2106,-1.4481305409196
2093,2216,-1.5159022309673
2093,2469,-1.60463097726678
2093,2694,-1.47494234119097
2093,2730,-0.14187876680643
2093,2735,-2.01893153985304
2093,2803,-1.43925816395756
2093,3005,-1.81304232761387
2093,3126,-2.19437125952546
2093,3203,-0.104663032705765
2093,3270,-0.633519370115017
2093,3316,-1.56714330788145
2093,3482,-0.712772929364708
2093,3668,-1.83493359973413
2093,3886,-2.02983646264925
2094,2095,-0.190518992607213
2094,2097,0.0187674063953069
2094,2099,1.01652993413273
2094,2100,0.96401558481159
2094,2101,-0.575541528806106
2094,2104,0.694930164216477
2094,2106,-0.0752061020884946
2094,2169,0.0911352994544589
2094,2840,-0.251279901707817
2094,2885,1.06154307406588
2094,3000,1.28325671914295
2094,3776,-0.718497563800998
2094,3824,0.426768392465847
2094,3914,0.919506718840557
2095,2098,-0.342318489494503
2095,2100,1.1545345774188
2095,2101,-0.385022536198893
2095,2102,0.669802927597139
2095,2105,-0.2912992630165
2095,2108,0.108762039952176
2095,2439,1.62610292292263
2095,2571,0.571708277818273
2095,2729,0.678540939715824
2095,3346,-0.340226908005181
2096,2097,0.0029183076075906
2096,2103,-0.340164399746501
2096,2104,0.679081065428761
2096,2107,0.0755411488279628
2096,2309,0.476369902986392
2096,2881,1.47836345420837
2096,2977,0.308976801164362
2096,3007,0.0696418178438699
2096,3112,0.090278339501166
2096,3974,-0.0841356346520811
2097,2098,-0.551604888497023
2097,2100,0.945248178416283
2097,2109,-0.327882493023386
2097,2217,0.565345251023144
2097,2230,-0.332915352132332
2097,2248,0.870093197901965
2097,2684,0.603764937869893
2097,2903,0.780885314924158
2097,3087,0.016598698560933
2097,3166,0.370469484023557
2097,3300,-0.555675949848239
2097,3496,0.35975263701737
2097,3657,-0.433490468338989
2097,3770,-0.549654883943228
2098,2101,-0.04270404670439
2098,2102,1.01212141709164
2098,2103,0.208522181142932
2098,2105,0.0510192264780028
2098,2106,0.457631380013222
2098,2107,0.624227729717395
2098,2201,0.0088715149200118
2098,2428,2.46479690721282
2098,3099,1.0682577016116
2098,3323,1.70795510859993
2098,3548,1.60327530049548
2098,3572,1.83513525281413
2098,3700,0.350618202697818
2098,3883,0.391789198369935
2098,3982,0.693448518779921
2099,2100,-0.05251434932114
2099,2103,-1.34084523509151
2099,2104,-0.321599769916253
2099,2109,-1.32564502076081
2099,2111,-1.21911154549785
2099,2112,0.459990756336304
2099,2241,-0.717870760760792
2099,2288,-0.511256406981991
2099,2398,-0.892142693243419
2099,2872,-1.2180398107222
2099,3486,0.0608091632671484
2099,3636,-1.29664531416574
2099,3991,-0.68981377197046
2100,2101,-1.5395571136177
2100,2104,-0.269085420595113
2100,2108,-1.04577253746663
2100,2110,-1.06438749279712
2100,2112,0.512505105657444
2100,2113,-1.42662038711715
2100,2730,0.267030087213089
2100,3156,-0.101161460760965
2100,3190,-1.00232524137757
2100,3317,-1.44339934397227
2100,3692,0.0911581596745389
2101,2102,1.05482546379603
2101,2106,0.500335426717612
2101,2111,0.372959917440989
2101,2113,0.112936726500543
2101,2421,0.378737399474386
2101,2478,0.376334561628282
2101,2667,2.00387288397649
2101,2671,1.47219823122968
2101,2717,2.14378409942847
2101,2815,0.299165291185631
2101,2897,0.649895458515186
2101,3388,0.123071668170952
2101,3447,1.11926161664604
2102,2105,-0.961102190613639
2102,2109,-0.788399021618005
2102,2114,-0.65627833060573
2102,2142,-0.254689273115371
2102,2242,-0.686637005010638
2102,2447,0.846141591143045
2102,2581,-0.439384921277303
2102,2948,1.68303850741857
2102,3333,-0.0478617883131262
2102,3591,0.835394244221066
2102,3910,0.943993983718261
2103,2106,0.24910919887029
2103,2109,0.0152002143307054
2103,2110,0.22394339297325
2103,2112,1.80083599142782
2103,2114,0.14732090534298
2103,2366,1.02310877293352
2103,2368,-0.0165073748436398
2103,2476,0.680356452166276
2103,2515,0.38539092417139
2103,2786,1.07477990780363
2103,2793,0.408248711740789
2103,2921,0.494082804373755
2103,2973,-0.249360440520257
2103,3573,1.33253444535123
2103,3932,0.0079102990451942
2103,3978,0.666951982874687
2104,2106,-0.770136266304971
2104,2107,-0.603539916600798
2104,2108,-0.776687116871514
2104,2111,-0.897511775581594
2104,2114,-0.871924559832281
2104,2115,-0.482116386460864
2104,2117,0.687981190139155
2104,2411,1.23337466003468
2104,2419,-0.831386705689705
2104,2451,0.567767303638094
2104,2462,0.336397433501206
2104,2701,-0.974759753096615
2104,2746,0.803084244105782
2104,2809,-0.0749756155289415
2104,3227,-0.408327407689154
2105,2107,0.573208503239392
2105,2116,0.100882430467195
2105,2118,1.17107885790542
2105,2126,0.186131858412362
2105,2710,1.12289260211852
2105,2989,1.48315272632331
2105,3050,0.413577982908429
2105,3366,0.235008461875167
2105,3528,0.794244319434401
2105,3598,1.23228551699791
2105,3602,1.83796731631454
2105,3932,0.165413253710123
2106,2107,0.166596349704174
2106,2112,1.55172679255753
2106,2113,-0.387398700217068
2106,2114,-0.10178829352731
2106,2115,0.288019879844107
2106,2122,-0.175363267593106
2106,2126,-0.220480295122856
2106,2398,0.199593342977806
2106,2487,0.390064858625127
2106,2604,-0.782365365609325
2106,2905,1.24355404486712
2106,2911,0.191252402419916
2106,3066,-0.0587109742415144
2106,3134,1.18223538533987
2106,3390,2.01684155403564
2106,3728,-0.199437801567552
2106,3860,-0.37250243267471
2106,3903,-0.398427118677643
2106,3930,0.489915445176187
2106,3937,-0.324999906901549
2107,2112,1.38513044285335
2107,2120,-0.507467515912161
2107,2146,0.944242140052603
2107,2277,-0.633090976334364
2107,2360,0.885252601859858
2107,2474,0.352940701695212
2107,2939,-0.671779955195259
2107,3323,1.08372737888253
2107,3517,-0.793222167240427
2107,3780,0.041076671132773
2107,3842,-0.110723472674101
2108,2110,-0.0186149553304976
2108,2112,1.55827764312407
2108,2114,-0.0952374429607674
2108,2118,0.771017554936746
2108,2927,-0.203803947527221
2108,3049,0.604499082278849
2108,3112,0.187884390943919
2109,2115,0.521928864383692
2109,2118,0.998375688909788
2109,2122,0.0585457169464784
2109,2208,-0.207289912510405
2109,2584,-0.145250323692892
2109,2618,2.00033951597784
2109,2826,-0.565047257653958
2109,3539,1.07286942025274
2109,3626,1.5971246449968
2109,3893,0.0960413595046964
2110,2111,-0.102209703379582
2110,2112,1.57689259845457
2110,2114,-0.0766224876302698
2110,2115,0.313185685741147
2110,2119,1.10195279865221
2110,2123,-0.1380547144233
2110,2228,-1.27117582307606
2110,2242,-0.106981162035177
2110,2399,0.266463054154268
2110,2416,1.36478559400274
2110,2997,1.14350519814251
2110,3048,0.915707242817651
2110,3823,0.296625831557926
2110,3900,-0.237414756181243
2111,2112,1.67910230183415
2111,2114,0.0255872157493126
2111,2115,0.41539538912073
2111,2121,-0.842876119044004
2111,2147,0.44790373972974
2111,2153,1.32138846391047
2111,2170,-0.0493118496161233
2111,2582,0.393114247096511
2111,2602,0.409105911399278
2111,2626,1.74210928755799
2111,3269,-0.167298604335161
2111,3338,-0.833728380003098
2111,3661,1.57458764098998
2112,2118,-0.787260088187325
2112,2261,-0.846086986229793
2112,2443,-1.43349283896258
2112,2663,-1.58841631914618
2112,2681,-0.808788770667425
2112,2789,-0.58464273583815
2112,2875,-1.12514056692364
2112,3114,-1.58305341593585
2112,3299,-0.518513485951942
2112,3468,-1.83141680958431
2112,3916,-0.431004265380704
2113,2114,0.285610406689758
2113,2116,0.0816689771490444
2113,2126,0.166918405094212
2113,2144,0.808450385162726
2113,2239,1.32155647127434
2113,2369,0.816875693033491
2113,2462,1.49393240002325
2113,2511,0.422024356795837
2113,2664,1.17412940251937
2113,2748,0.502890588371503
2113,2855,1.09017648430816
2113,2892,1.50053928142739
2113,3033,-0.0702237529781445
2113,3224,0.998095543523072
2113,3744,0.689584497801672
2113,3796,1.1736323011444
2114,2116,-0.203941429540714
2114,2119,1.17857528628248
2114,2121,-0.868463334793317
2114,2124,-0.874572955319247
2114,2125,1.14932772870398
2114,2126,-0.118692001595547
2114,2127,0.305714035510846
2114,2517,0.441944782026055
2114,2682,0.182504544412618
2114,2723,-0.413481937261005
2114,2800,1.55384761563395
2114,2894,1.80834629496781
2114,2942,0.997293142633103
2114,3022,-0.424834640354424
2114,3068,-1.40663433560367
2114,3735,0.032060946320971
2114,3753,0.406199975855311
2115,2120,-0.628891046052095
2115,2125,0.759519555332562
2115,2128,-0.129694304656436
2115,2213,-0.370163785577683
2115,2333,-1.28097291657459
2115,2462,0.81851381996207
2115,2823,-0.134800185280397
2115,2993,-0.49883272323306
2115,3287,0.344590427973724
2115,3573,0.795405366636832
2115,3981,0.579040939628446
2116,2122,0.130366455474918
2116,2123,0.142509202747684
2116,2253,1.67134383076632
2116,2382,1.34578660733876
2116,2757,1.79450653305814
2116,2880,0.676311848147349
2116,3177,1.0757875160515
2116,3298,0.606678205964428
2116,3342,0.764984550710806
2116,3597,0.483334238650586
2116,3900,0.043149160989741
2116,3907,1.25515633456023
2117,2119,-0.381330463688959
2117,2120,-1.79898862265211
2117,2127,-1.25419171446059
2117,2303,-0.383898176719503
2117,2318,-1.67747819100968
2117,2885,-0.321368280289748
2117,3039,-1.48156811828046
2117,3043,-1.49081439673299
2117,3837,-0.475830963923754
2117,3952,-0.389327083378143
2118,2119,0.312320288384963
2118,2120,-1.10533787057819
2118,2122,-0.93982997196331
2118,2124,-1.74082795321676
2118,2129,0.557247940792142
2118,2130,0.415531859507428
2118,2296,0.311591103310163
2118,2413,0.0966248908720639
2118,2524,-0.701691630759321
2118,2610,-0.974353168264381
2118,2688,-0.678450403930741
2118,3060,-1.15836015856284
2118,3226,0.672471750545503
2118,3657,-1.10398366422539
2118,3827,-0.229242882160794
2119,2121,-2.04703862107579
2119,2126,-1.29726728787802
2119,2128,-0.918461417567496
2119,2343,-0.089613226296946
2119,2560,-1.15326748863934
2119,3034,0.188290576573001
2119,3325,-0.132291405262281
2120,2123,0.177650645887648
2120,2382,1.38092805047872
2120,2425,1.95355094244317
2120,2621,0.53823325726639
2120,2743,0.706584592995889
2120,2871,0.818539223462902
2120,2917,0.430208555232275
2120,3210,3.02331096959004
2120,3287,0.973481474025819
2120,3436,0.207772879430639
2120,3589,0.723601072470536
2120,3813,0.251927419057005
2121,2123,0.807031108000287
2121,2124,-0.0061096205259298
2121,2126,0.74977133319777
2121,2128,1.1285772035083
2121,2129,2.29196627348297
2121,2132,-0.209329003758013
2121,2133,1.40385479566969
2121,2352,0.234840768628
2121,3083,1.77454470828744
2121,3163,0.0807255148744057
2121,3255,1.98991232923923
2121,3286,2.25913265232473
2121,3331,0.595099967675159
2121,3366,0.798647936660575
2122,2124,-0.80099798125345
2122,2127,0.379289009576643
2122,2132,-1.00421736448553
2122,2133,0.608966434942173
2122,2135,0.692652381888122
2122,2521,0.503027269563539
2122,2617,1.29029872479985
2122,3006,0.875800116509985
2122,3159,1.15137597989023
2122,3720,-0.163124667558559
2122,3880,-0.0043048201127624
2123,2125,1.21075995549701
2123,2126,-0.0572597748025163
2123,2127,0.367146262303876
2123,2128,0.321546095508011
2123,2130,1.34321908419797
2123,2297,-0.585410815929365
2123,2469,0.0067200839731661
2123,3041,0.232688307143981
2123,3288,0.525347932506083
2124,2127,1.18028699083009
2124,2133,1.40996441619562
2124,2137,2.86358119398177
2124,2256,1.11773873298594
2124,2740,1.53210908870265
2124,3321,1.74184728475006
2124,3380,2.0946388058778
2124,3419,1.28513767340787
2124,3601,1.91541733558712
2124,3710,1.7417696082932
2124,3923,1.18944127142172
2124,3934,1.64535956044633
2125,2127,-0.843613693193133
2125,2132,-2.22712006725531
2125,2138,-0.0746594428204238
2125,2454,-1.67824228242889
2125,2594,-1.96396518423569
2125,2631,-0.210238436297866
2125,2657,-1.3609107699197
2125,3123,-0.912134141986462
2125,3368,-0.0577507475130079
2125,3604,-1.2983304849228
2125,3831,0.0190585285258709
2126,2128,0.378805870310527
2126,2129,1.5421949402852
2126,2166,1.89733472842061
2126,2264,0.860801021232843
2126,2977,0.620512297163429
2126,3024,-0.251554455810018
2126,3715,-0.0536733559475966
2126,3998,1.52455218391674
2127,2128,-0.0456001667958655
2127,2136,0.347252630004721
2127,2137,1.68329420315168
2127,2215,-0.528561290818418
2127,2313,-1.08483580443233
2127,2562,0.551566688467606
2127,2947,0.147014664704513
2127,3055,-0.233341711893546
2127,3120,0.0330634887443646
2127,3155,-0.0819723082030986
2127,3161,0.237908736407052
2127,3218,0.525391274177154
2127,3347,0.424688658645814
2127,3356,0.422423175830884
2127,3501,-0.571095030256399
2127,3552,0.325744602785532
2127,3719,0.862386932587335
2127,3763,-1.076320584359
2128,2132,-1.33790620726631
2128,2136,0.392852796800587
2128,2141,-0.657350390936102
2128,2568,-0.288700430526029
2128,2834,0.282217770386619
2128,2872,-0.284629349688648
2128,3099,0.452300746410703
2128,3449,0.550046499835736
2128,3830,0.102885831995985
2129,2132,-2.50129527724099
2129,2139,-2.20655767134161
2129,2141,-1.82073946091078
2129,2265,-0.556293497873143
2129,2473,-1.32081343244599
2129,2647,-1.92322991676228
2129,2653,-1.20502307665961
2129,3060,-1.71560809935498
2129,3400,-1.86592840905252
2129,3584,-0.712768341041726
2129,3683,-1.09411407501229
2129,3747,-1.92855180480499
2129,3806,-0.845398462899563
2129,3845,-0.566453021884132
2130,2136,-0.628820191889374
2130,2137,0.707221381257583
2130,2140,0.850909210305999
2130,2142,-0.880197799914582
2130,2377,-1.00904157847334
2130,2381,-0.185478480164158
2130,2546,-1.54525455487358
2130,2745,-0.266140194744027
2130,2752,-1.58789337220134
2130,2992,-1.00006310759272
2130,3027,-0.360525797866869
2130,3351,-0.883785251382961
2130,3470,-0.433871478880366
2130,3775,-2.03239782043698
2131,2132,-1.87010568842569
2131,2135,-0.173235942052037
2131,2139,-1.57536808252632
2131,2140,1.34038271783658
2131,2304,-0.232903555895464
2131,2328,-1.08188396995311
2131,2586,-0.372401893516329
2131,2598,-0.620540605487925
2131,2604,-1.47289042195638
2131,2899,-0.5296113818978
2131,3037,-0.926301857280665
2131,3061,-0.0124725674694352
2131,3279,-0.544271491929056
2131,3354,0.150210747351897
2131,3781,0.460321611499681
2131,3803,0.64285099354253
2132,2136,1.7307590040669
2132,2138,2.15246062443489
2132,2141,0.680555816330209
2132,2145,1.59484482223716
2132,2894,2.88613863351914
2132,2995,1.09281876449929
2132,3317,0.77540297500645
2132,3385,2.01751508886915
2132,3918,1.20368847608001
2133,2139,-1.31844619352833
2133,2141,-0.932627983097497
2133,2142,-0.133802403386017
2133,2143,0.949555965391049
2133,2446,-1.04575798027752
2133,2502,-0.234451074841026
2133,2547,-0.0524853141367274
2133,2566,-0.801031852033597
2133,2754,-0.220180764812765
2133,3060,-0.827496621541698
2133,3424,0.183853209090885
2133,3802,-1.4804163163107
2134,2138,0.0717162230562385
2134,2141,-1.40018858504844
2134,2143,0.481995363440109
2134,2146,0.20967472045677
2134,2289,-1.32708400012057
2134,2376,0.181938041215931
2134,2593,1.23130739042976
2134,2992,-0.721228313015099
2134,3318,-0.459784190519183
2134,3403,-0.481443317290821
2134,3493,-1.05649587457066
2134,3505,0.139281334296871
2134,3881,-1.20468159614851
2135,2141,-1.01631393004345
2135,2144,-0.0962374293493578
2135,2145,-0.102024924136491
2135,2719,-0.635445210590401
2135,2824,1.24784292642771
2135,3126,-1.26352983290088
2135,3263,0.004950643996227
2135,3309,0.30230325704053
2135,3331,-0.892440774940483
2135,3804,0.571691618338888
2135,3994,-0.357774474034052
2136,2147,-0.23065014153514
2136,2148,0.294946511798825
2136,2405,-0.407264329491759
2136,2554,-0.241036635889975
2136,2629,0.250179142334978
2136,2835,0.0183531196913322
2136,3033,-1.00880082518347
2136,3069,-0.964711133677231
2136,3188,-1.1005952902266
2136,3228,-0.464774140458138
2136,3348,0.102499733207733
2136,3506,-0.438818601754056
2136,3560,0.448117686618235
2136,3580,-0.146151181903167
2136,3631,0.28848136300332
2136,3931,0.555859266150115
2137,2138,-0.914339952778969
2137,2139,-2.77206297131448
2137,2140,0.143687829048416
2137,2142,-1.58741918117216
2137,2143,-0.504060812395098
2137,2146,-0.776381455378437
2137,2147,-1.5666917146821
2137,2148,-1.04109506134813
2137,2661,-0.525621998674101
2137,2699,-1.95913928533519
2137,2942,-0.991715096029422
2137,2972,-2.11228679889523
2137,3156,-0.949159718996095
2137,3565,-2.05937448705959
2137,3733,-1.88268959719046
2137,3936,-0.9229276861282
2137,3974,-1.88030037891108
2138,2143,0.410279140383871
2138,2145,-0.557615802197721
2138,2149,1.77990373393872
2138,2150,0.579409034828215
2138,2236,-1.87471205775182
2138,2272,-0.683846378327427
2138,2356,-1.33536604783428
2138,2422,-0.753642753076174
2138,2924,0.135583401917794
2138,3098,-0.326016447251813
2138,3147,-0.512845764108714
2138,3214,0.604090355674131
2138,3295,-0.29835854631064
2138,3409,-0.086030778872158
2138,3458,-0.594904920566264
2138,3556,0.886079576674938
2138,3711,-0.134082213667105
2138,3903,-1.37130711103389
2138,3970,0.0316762374365193
2139,2140,2.91575080036289
2139,2402,1.18973257251125
2139,2468,1.89450983120786
2139,2485,2.53435517698068
2139,2528,-0.0990116068573076
2139,2659,1.9572803115474
2139,2720,1.43430343145368
2139,2978,0.803041256559571
2139,3483,1.56549807883042
2139,3507,2.75654985033591
2139,3597,1.06244754176183
2140,2143,-0.647748641443515
2140,2146,-0.920069284426854
2140,2301,-1.34127017121779
2140,2567,-0.829206327596544
2140,2673,-2.82404250853626
2140,2697,-1.68192996391602
2140,2796,-1.25707531703416
2140,3079,-2.33149480304584
2140,3180,-1.05023200640849
2140,3193,-2.15255327321842
2140,3237,-2.43726340455357
2140,3381,-1.81323342666895
2140,3385,-1.19297331739312
2140,3638,-2.03690943575826
2140,3695,-1.05378640535364
2141,2154,0.660663364814469
2141,2329,-0.0497180409737013
2141,2501,1.15900833143835
2141,2665,1.58900477703197
2141,2710,1.21530526433173
2141,2849,2.4112203492295
2141,2864,-0.0795298294009225
2141,2944,0.0669116125301289
2141,3084,0.850131062402362
2141,3155,0.620978249528868
2141,3305,1.2413958417828
2141,3382,1.0851611741541
2141,3537,0.621012023256286
2141,3602,1.93037997852775
2141,3755,0.385964800700444
2141,3848,2.32902884991052
2141,3881,0.195506988899927
2141,3980,0.425585611286199
2142,2148,0.546324119824033
2142,2149,2.45298296233191
2142,2150,1.25248826322141
2142,2151,-0.0524882900544894
2142,2537,-0.428991230880887
2142,3251,1.41404470246979
2142,3653,-1.00239260839509
2142,3657,-0.639317723818237
2143,2144,-0.962107447794458
2143,2145,-0.967894942581592
2143,2149,1.36962459355485
2143,2153,-0.189146178106273
2143,2461,-0.937850130033125
2143,2474,-0.86362208134073
2143,2564,-2.09683237102396
2143,2664,-0.596428430437814
2143,2899,-1.22224545829086
2143,3347,-0.754544732110766
2144,2147,-0.10052345449254
2144,2152,-1.28217134549693
2144,2157,-2.05077799025996
2144,2234,0.393058572379354
2144,2262,-0.0328886717719899
2144,2457,-0.743674326300142
2144,2744,-0.671605305399275
2144,2825,-0.550109096272125
2144,2855,0.281726099145433
2144,2945,0.0328897796539934
2144,3010,-1.0024476005847
2144,3020,1.04644545079332
2144,3105,2.12771412825877
2144,3826,-0.224616966779827
2144,3976,-0.724065626025586
2145,2150,1.13702483702594
2145,2151,-0.167951716249964
2145,2152,-1.2763838507098
2145,2153,0.778748764475319
2145,2154,-0.253625641092486
2145,2158,-0.177484419447472
2145,2249,-0.390795692720302
2145,2679,0.203048658973017
2145,3031,0.243510936720209
2145,3435,0.0738310550599748
2145,3715,-0.689417841228977
2145,3824,0.0867103043958172
2146,2147,-0.79031025930366
2146,2148,-0.264713605969694
2146,2159,-0.881538566453399
2146,2324,-0.50540336271518
2146,2562,-0.355346059305634
2146,3150,-1.2169790186088
2146,3170,0.221316036347713
2146,3461,-1.46545600574921
2146,3545,-1.12761457910963
2146,3585,0.266902244677863
2146,3750,-0.917234264437797
2146,3849,-0.530906451390086
2146,3968,-3.43591726178912
2147,2152,-1.18164789100439
2147,2153,0.873484724180725
2147,2159,-0.0912283071497396
2147,2160,0.139139287492981
2147,2287,-0.15083145054362
2147,2348,-0.587967500276801
2147,2399,-0.0792309821958899
2147,2461,0.124780772253873
2147,2614,0.715674106030426
2147,3356,0.305820687361303
2147,3409,0.56632098303097
2147,3486,0.832016969035256
2147,3810,0.652922179754255
2148,2150,0.706164143397377
2148,2152,-1.70724454433836
2148,2153,0.34788807084676
2148,2156,-0.744110166582491
2148,2157,-2.47585118910138
2148,2182,-0.281706891255103
2148,2216,-0.913896573834775
2148,2472,-0.0011847663685023
2148,2478,-0.970125748876412
2148,3053,-1.19335976845982
2148,3353,0.227101975445935
2148,3642,-0.305608949778426
2148,3666,-0.633611104229338
2148,3732,-2.51782210397876
2148,3906,-1.33631175096638
2148,3950,0.565778738962164
2149,2152,-3.61390338684624
2149,2155,-2.88641803869135
2149,2375,-1.15389858312041
2149,2377,-2.58182674089067
2149,2674,-2.0421634031745
2149,2753,-1.84723528767129
2149,2810,-3.54520145408288
2149,2885,-1.61603455014058
2149,3048,-1.86224228937435
2149,3100,-2.41894124455696
2149,3318,-2.31140414751414
2149,3329,-1.94264086128438
2149,3422,-2.88691486922599
2149,3495,-1.58769724192809
2149,3724,-3.69892587022232
2149,3739,-2.79005123634583
2150,2159,-1.32298910388108
2150,2160,-1.09262150923836
2150,2178,-0.964400005334911
2150,2331,-3.02292775744895
2150,2723,-2.06755925797277
2150,3520,-2.20753428893062
2150,3807,-1.34943043462149
2151,2154,-0.0856739248425222
2151,2155,-0.380946786304952
2151,2158,-0.0095327031975077
2151,2160,0.212355044037538
2151,2161,1.15285693684903
2151,2162,0.302694037435094
2151,2406,-0.143264024683429
2151,2925,-0.997585499766609
2151,2971,0.19120792887108
2151,3045,-0.278468066901815
2151,3046,-1.60635643306588
2152,2153,2.05513261518512
2152,2160,1.32078717849738
2152,2161,2.26128907130886
2152,2162,1.41112617189493
2152,2164,1.70280550807634
2152,2165,2.18017173216185
2152,2229,1.77154614237728
2152,2512,1.242459584341
2152,2736,1.08159432534712
2152,2870,0.199321350943564
2152,2944,0.429006457332975
2152,3019,1.56745509875449
2152,3079,0.560532631689063
2152,3509,1.21303747266774
2152,3989,0.273631523144392
2153,2165,0.12503911697673
2153,2333,-2.18696599136432
2153,3072,-0.967462012553719
2153,3229,-1.42673089853174
2153,3298,-0.893064471737438
2153,3461,-1.54863047062627
2153,3772,-0.947885052991505
2153,3798,-1.20860657551329
2154,2159,0.0676613742373397
2154,2162,0.388367962277616
2154,2166,1.51521588423171
2154,2167,-0.0277876720917107
2154,2276,-0.612512394873777
2154,2363,2.01326573892811
2154,2466,0.895873159565612
2154,2587,0.496465657904344
2154,3214,1.41533179896434
2154,3265,1.33529145242411
2154,3323,1.08868517952067
2154,3326,-0.193364136567142
2154,3339,0.746187182097371
2154,3432,-0.471614104089059
2155,2159,0.36293423569977
2155,2161,1.53380372315398
2155,2168,0.564786259800818
2155,2267,1.48248323674792
2155,3099,0.744260633994765
2155,3197,1.20514232275068
2155,3412,1.47061348581148
2155,3452,-0.282875980023307
2155,3917,1.98623509304332
2155,3933,-0.16900241597875
2156,2158,0.135765053506461
2156,2159,0.127285206098786
2156,2160,0.357652800741507
2156,2161,1.29815469355299
2156,2165,1.21703735440598
2156,2166,1.57483971609316
2156,2221,0.765859871382656
2156,2773,1.62030208066762
2156,3004,0.151717811062958
2156,3092,-0.428342313364871
2156,3097,0.974430480519649
2156,3485,-0.0742218077375973
2156,3564,0.372586947665033
2156,3733,-0.0974843692598351
2157,2159,1.85902622861768
2157,2161,3.02989571607189
2157,2164,2.47141215283936
2157,2167,1.76357718228863
2157,2168,2.06087825271873
2157,2170,1.45303894642155
2157,2526,2.48733669220317
2157,2829,1.1590131480864
2157,2856,1.31049583671976
2157,3092,1.30339870915402
2157,3302,3.72340666730406
2157,4000,1.86663984411481
2158,2162,0.312226740632601
2158,2164,0.603906076814011
2158,2165,1.08127230089952
2158,2167,-0.103928893736725
2158,2175,0.22849563520615
2158,2410,0.867572503972788
2158,2517,0.102376717787693
2158,2887,0.691290744685959
2158,3337,0.311357853213846
2158,3357,0.200958679237191
2158,3627,-1.46589282002862
2158,3796,0.548453830216281
2159,2163,1.47138747611832
2159,2164,0.612385924221686
2159,2165,1.08975214830719
2159,2170,-0.405987282196124
2159,2171,0.147655291961674
2159,2329,-0.77804278002551
2159,2485,1.42021222749804
2159,2581,-0.114194807502261
2159,2622,0.479687685785624
2159,3171,0.258441515860965
2159,3312,-0.48437630776024
2159,3435,0.259795321915121
2159,3586,-0.261846736489542
2159,3748,0.392753437929413
2159,3905,0.47574048065613
2160,2166,1.21718691535165
2160,2167,-0.325816640971771
2160,2169,-0.293326116403145
2160,2170,-0.636354876838844
2160,2657,-0.773038852689133
2160,2996,-0.238426950064944
2160,3089,1.25489314524376
2160,3196,-0.779696773146058
2160,3317,-0.863845175018289
2160,3532,0.037326101901498
2160,3605,-0.0969455890063296
2160,3613,0.0246766330417162
2161,2166,0.276685022540166
2161,2167,-1.26631853378326
2161,2171,-1.02321419549254
2161,2172,-2.22742270470951
2161,2617,-0.285233953550839
2161,2927,-1.61052420885135
2161,3340,-0.94768144623464
2161,3432,-1.71014496578061
2161,3753,-1.09575772842959
2161,3921,-0.793813965044232
2162,2163,1.15068088807804
2162,2165,0.769045560266919
2162,2171,-0.173051296078603
2162,2173,1.19260739615184
2162,2174,-1.26341709567807
2162,2439,0.960783521060262
2162,2592,-0.119915786073189
2162,2709,-0.639279270982132
2162,3043,-0.582703451632514
2162,3360,0.344738186331564
2162,3919,0.0433134170846112
2163,2166,-0.0238329661239406
2163,2168,-1.26953545201727
2163,2175,-1.23441199350449
2163,2176,-2.57278916780269
2163,2298,-1.1125913209715
2163,2371,-2.23247501481677
2163,2501,-1.04070388373178
2163,2544,-1.56664411867516
2163,2895,-0.694716493288588
2163,3039,-1.72413806125802
2163,3186,-1.14294918748976
2163,3243,-0.584596623053909
2163,3557,-1.7774510919515
2163,3697,0.73672527898963
2163,3791,-1.77452888941466
2163,3924,-1.66196135378163
2163,3925,0.0685983464783815
2164,2165,0.477366224085509
2164,2170,-1.01837320641781
2164,2174,-1.55509643185948
2164,2175,-0.375410441607861
2164,2354,-0.482447436977556
2164,2486,-0.538406378112027
2164,2504,-0.153295326994625
2164,2590,-0.815956411578044
2164,3041,-0.772218060701423
2164,3227,-0.479876988909246
2164,3300,-1.3033882888895
2164,3428,-0.488031889514753
2164,3554,-0.643918700526415
2164,3896,-0.291781969645678
2165,2172,-2.1463053655625
2165,2173,0.423561835884921
2165,2174,-2.03246265594499
2165,2175,-0.85277666569337
2165,2397,-1.00874197245396
2165,2422,-1.0998148323305
2165,2679,-0.700739222479032
2165,2702,-1.2633255419558
2165,3080,0.803899005250706
2166,2173,0.0657594741977414
2166,2174,-2.39026501763217
2166,2177,-1.75839907308514
2166,2368,-1.94247100701168
2166,2523,-0.658614333593675
2166,2744,-1.92740805375137
2166,3059,-2.20051515885322
2166,3418,-0.939801028441604
2166,3998,-0.372782544503871
2167,2168,0.297301070430099
2167,2170,-0.310538235867073
2167,2174,-0.847261461308746
2167,2175,0.332424528942875
2167,2176,-1.00595264535533
2167,2177,-0.215395516761717
2167,2198,0.255230879340931
2167,2238,0.500642683353672
2167,2282,-0.181244065793541
2167,2327,-0.623119322184129
2167,2570,0.0587718233393488
2167,3040,-0.493521626610621
2167,3327,1.34697392478925
2167,3405,1.09997020390765
2167,3432,-0.443826431997348
2167,3670,-1.00336921225364
2167,3739,-0.171118387025197
2167,3761,-0.323902685508358
2167,3999,0.464912137928251
2168,2173,1.31146196009107
2168,2177,-0.512696587191816
2168,2178,0.156737074445122
2168,2179,-1.24515994495842
2168,2180,0.433256361829166
2168,2218,0.323833463802011
2168,2415,-0.513478573511965
2168,2510,-1.60268611618357
2168,2521,-0.103487945433994
2168,2875,-0.0045657217705419
2168,3865,0.968948346227658
2168,3921,0.175203498308928
2169,2171,0.210613813722098
2169,2176,-1.03844316992395
2169,2181,-0.609774899316198
2169,2249,-0.141872904104732
2169,2264,0.473979324567034
2169,2346,-1.23757918569852
2169,2734,0.627819414478947
2169,2742,1.36156907387582
2169,2747,0.577292807728604
2169,2929,-0.023862038115817
2169,2971,0.272179001236687
2169,3046,-1.52538536070027
2169,3318,0.27503817723787
2169,3615,-0.254449075386126
2170,2178,0.764576380742295
2170,2180,1.04109566812634
2170,2794,0.433025398203801
2170,2856,-0.142543109701795
2170,2859,0.696180946106531
2170,2939,-0.328496246598339
2170,3019,0.883022797095958
2170,3300,-0.285015082471692
2170,3580,0.581714548977836
2170,3604,-0.0741036908533816
2170,3699,1.05327237337831
2171,2172,-1.20420850921698
2171,2176,-1.24905698364605
2171,2177,-0.458499855052441
2171,2178,0.210933806584498
2171,2182,0.187462777266929
2171,2183,-0.956735469357064
2171,2649,0.558691764604065
2171,2994,0.482563240294168
2171,3139,-0.286406446487322
2171,3442,-0.251900039021781
2171,3517,-1.0035810328013
2171,3518,0.22722937275252
2171,3879,-0.451854899736133
2172,2174,0.113842709617506
2172,2175,1.29352869986913
2172,2176,-0.044848474429076
2172,2178,1.41514231580147
2172,2180,1.69166160318552
2172,2184,1.07081427762192
2172,2677,0.108831192309399
2172,2865,0.78489035544316
2172,3170,2.15940782005641
2172,3192,1.31175675242055
2172,3434,0.906507633952283
2172,3601,1.76630938069249
2173,2174,-2.45602449182991
2173,2175,-1.27633850157829
2173,2176,-2.61471567587649
2173,2177,-1.82415854728288
2173,2182,-1.17819591496351
2173,2486,-1.43933443808246
2173,2694,-1.76942570776686
2173,2706,-1.79413561387766
2173,2769,-0.983664511791835
2173,3333,-1.2359856587302
2173,3348,-1.0889358022995
2173,3628,-0.613653590738203
2173,3871,-0.844861064463644
2173,3875,-0.814930507661698
2173,3878,-1.88582178322313
2174,2176,-0.158691184046582
2174,2180,1.57781889356801
2174,2183,0.133630330242406
2174,2579,0.765754228119851
2174,2677,-0.0050115173081064
2174,3163,-0.176115529111803
2174,3351,1.00962389682909
2174,3444,0.166695483695944
2174,3468,0.433720567307633
2174,3963,2.34219316840643
2175,2177,-0.547820045704592
2175,2181,-0.909708903690447
2175,2182,0.0981425866147773
2175,2183,-1.04605566000922
2175,2185,-0.203527764622583
2175,3719,0.600037268653668
2175,3757,-0.284384836850109
2176,2179,0.0580937708270045
2176,2180,1.73651007761459
2176,2182,1.43651976091298
2176,2184,1.115662752051
2176,2185,1.13484940967562
2176,2186,1.51740418641082
2176,2686,0.38109157131395
2176,3236,1.81087842380274
2176,3323,2.12242549696771
2176,3638,0.866100106806372
2176,3711,1.71089954707014
2176,3847,1.70246034297849
2176,3857,0.930771901466495
2177,2179,-0.732463357766606
2177,2182,0.64596263231937
2177,2187,0.250853309062537
2177,2188,0.541043798901096
2177,2189,1.1499341081458
2177,2190,-1.05186478686905
2177,2243,-0.432225621214704
2177,2378,0.794492385143961
2177,2655,0.893548181461881
2177,2660,-0.386927060984273
2177,2757,1.57032144977751
2177,3180,1.06222040756253
2177,3477,0.385722624294653
2177,3755,-0.0315153752605975
2177,3829,1.56888232429425
2177,3847,0.911903214384878
2177,3853,-0.844285982484411
2177,3874,0.92646935282157
2178,2183,-1.16766927594156
2178,2188,-0.128389862735843
2178,2196,0.964939198277227
2178,2432,-0.320288244494558
2178,2492,-0.172587935688167
2178,2727,-0.30425767803615
2178,3250,-0.383586787877973
2178,3410,-0.141074551326828
2178,3643,-0.473512720102249
2178,3644,-0.361349790701353
2178,3766,0.222289331647927
2178,3946,-1.39801694163689
2179,2183,0.234227743461983
2179,2187,0.983316666829143
2179,2189,1.88239746591241
2179,2191,1.39150220631348
2179,2807,1.61193711089302
2179,2821,1.25233384403003
2179,3017,0.809596816465076
2179,3060,0.420114543361364
2179,3121,0.457416498706737
2179,3232,0.954905406949016
2179,3258,2.16682802518638
2179,3395,1.87841471749339
2179,3632,0.0981654207036511
2180,2190,-1.99781773589003
2180,2192,0.855929037137613
2180,2932,0.362623491113271
2180,3050,-0.857442479860383
2180,3108,-1.31957035140641
2180,3171,-0.37666687006925
2180,3387,-0.990713984886895
2180,3986,0.24960002258419
2181,2191,1.02092770653273
2181,2243,-0.0703367632288493
2181,2400,0.673710995434571
2181,2607,1.19011634355602
2181,2635,0.855268726670945
2181,2862,1.82685722314091
2181,3147,0.903467726020776
2181,3473,0.721884709631881
2181,3594,0.79583399846141
2181,3717,0.833109578510065
2182,2186,0.0808844254978434
2182,2188,-0.104918833418274
2182,2194,-0.160260402001483
2182,2215,-0.889053541366862
2182,2251,1.03108065588736
2182,2262,-0.176254979358312
2182,2338,0.42506607573414
2182,2415,-0.646744618639519
2182,2450,-0.0397839763291041
2182,2576,0.346843015880798
2182,3008,-0.45736360652523
2182,3746,-0.940511964661318
2183,2184,0.823341237762011
2183,2185,0.842527895386632
2183,2186,1.22508267212184
2183,2193,1.14529693559349
2183,2196,2.13260847421879
2183,2799,1.85128284257146
2183,2977,0.979812256132585
2183,3150,0.473639725239987
2183,3256,1.68858823299936
2183,3384,0.729318634885997
2183,3541,0.67456136882259
2183,3641,0.812107910286016
2183,3831,1.64637821779455
2184,2186,0.401741434359825
2184,2187,-0.0742523143948518
2184,2191,0.333933225089485
2184,2192,1.47677636270121
2184,2324,0.361874143371598
2184,2860,-0.247107132186505
2184,2864,-0.822115628819352
2184,2905,0.999993061197118
2184,3104,0.0718796048802506
2184,3243,0.872529792697785
2184,3727,0.232927486223913
2184,3781,0.907285684176735
2184,3798,-0.258154604549444
2184,3892,0.503529648589565
2185,2188,0.196751517819087
2185,2190,-1.39615706795106
2185,2191,0.314746567464865
2185,2196,1.29008057883216
2185,2197,0.214631538438789
2185,2520,-0.926039639418467
2185,2527,-0.674464534827125
2185,2612,-0.260318555591306
2185,3428,0.0909063167156905
2185,3538,-1.58562594446043
2185,3761,-0.45279944982865
2186,2190,-1.77871184468627
2186,2191,-0.0678082092703393
2186,2205,-1.2506344238628
2186,2343,0.341871348428397
2186,2379,-0.365641303088467
2186,2439,0.865487614374092
2186,2521,-0.317638416059391
2186,2758,-0.399676540825332
2186,3064,0.45443321640953
2186,3245,-0.27199276814134
2186,3267,-0.755071954934375
2186,3305,0.0970686080045455
2186,3356,-0.0189535002154035
2186,3782,-0.392919278585671
2186,3866,0.441571502024578
2187,2193,0.396208012226326
2187,2227,0.0265959173721801
2187,2442,0.0391425187485187
2187,3072,0.0572422728049771
2187,3244,0.316823393419534
2187,3320,1.31153910826835
2187,3769,0.261451591076476
2187,3795,0.385191389993535
2187,3956,-0.341574396969976
2187,3996,0.0037952873851333
2188,2190,-1.59290858577015
2188,2191,0.117995049645778
2188,2192,1.2608381872575
2188,2199,0.760456980757682
2188,2200,-1.63349208293099
2188,2737,-0.220927852123199
2188,2794,-0.203161119802651
2188,3625,0.457910351626352
2188,3743,0.834005888797551
2189,2191,-0.490895259598929
2189,2192,0.651947878012792
2189,2198,-0.679307712043155
2189,2200,-2.2423823921757
2189,2262,-0.680226455184745
2189,3180,-0.0877137005832701
2189,3240,-0.920197673161119
2189,3248,-1.26761105583693
2189,3258,0.284430559273975
2189,3395,-0.0039827484190189
2189,3855,-1.94156662740536
2190,2191,1.71090363541593
2190,2194,1.53756701718694
2190,2195,1.14245621313451
2190,2197,1.61078860638985
2190,2199,2.35336556652783
2190,2201,0.684649561563232
2190,2203,-0.13815232330334
2190,2271,1.99625434023501
2190,2649,2.06905640652556
2190,2754,1.34683182919274
2190,2808,1.37499594683918
2190,2853,1.38081267467496
2191,2194,-0.173336618228988
2191,2196,0.975334011367291
2191,2198,-0.188412452444225
2191,2200,-1.75148713257677
2191,2202,0.184246421357009
2191,2203,-1.84905595871927
2191,2446,-1.18964902168794
2191,2860,-0.58104035727599
2191,2992,-0.397558752474576
2191,3673,0.450078686235297
2192,2195,-1.71129055989314
2192,2200,-2.89433027018849
2192,2202,-0.958596716254712
2192,2203,-2.99189909633099
2192,2714,-2.48918996032296
2192,2927,-1.93069214446497
2192,3026,-1.92809860167778
2192,3354,-0.879601542672255
2192,3656,-0.890691794070891
2192,3942,-1.24990635325931
2193,2196,0.987311538625303
2193,2201,-1.01427654659468
2193,2203,-1.83707843146125
2193,2204,-1.19783736294136
2193,2310,0.127842597563073
2193,2728,-0.472604740766365
2193,2896,-0.0050827277003338
2193,2984,-1.65656993181761
2193,2999,-1.00878509817365
2193,3060,-0.959410135694105
2193,3103,0.0049701873221492
2193,3130,0.0386961719669259
2193,3311,0.261743438667983
2193,3363,-1.43803995563117
2193,3560,0.43377937710502
2193,3753,-0.261104999173472
2193,3896,-0.0156128036220878
2193,3914,0.429196139427578
2193,3967,-0.0770810772544776
2194,2195,-0.395110804052429
2194,2201,-0.852917455623706
2194,2250,0.452623991863472
2194,2572,-0.605824877298932
2194,3334,0.708256797105978
2194,3569,-0.512205298119851
2194,3619,0.883916285778514
2194,3664,-0.402154417902725
2194,3711,0.434640188158643
2194,3993,-0.231428332296902
2195,2200,-1.18303971029535
2195,2206,0.112171480662474
2195,2326,0.673474085434919
2195,2343,0.978126979980154
2195,2499,-0.152964162271843
2195,2612,-0.0066177007747538
2195,3145,-0.221630176146328
2195,3294,-0.876954535221974
2195,3479,0.859341687787013
2196,2199,-0.332872080255388
2196,2200,-2.72682114394406
2196,2202,-0.791087590010282
2196,2204,-2.18514890156666
2196,2818,-2.12671499519762
2196,3058,-0.609142022162521
2196,3570,-0.0522431747223203
2196,3721,-1.00437186786028
2196,3735,-1.62255556733311
2197,2198,-0.0882974234181497
2197,2200,-1.65137210355069
2197,2205,-1.08271118556639
2197,2210,0.0220199387774519
2197,2638,-0.149198724438995
2197,2681,0.265558842156695
2197,3044,-0.667328014800182
2197,3240,-0.329187384536114
2197,3793,0.470532271774536
2197,3852,-0.0615444183498267
2197,3934,0.191619131866363
2198,2200,-1.56307468013255
2198,2203,-1.66064350627504
2198,2207,-1.38800003407064
2198,2210,0.110317362195602
2198,2262,-0.0009187431415907
2198,2263,-0.183958710477892
2198,2503,-0.493729970224913
2198,3103,0.181405112508363
2198,3150,-0.495222285167284
2198,3444,-0.935796856953733
2198,3618,1.58141434426829
2198,3773,0.215777395330379
2199,2202,-0.458215509754894
2199,2203,-2.49151788983117
2199,2206,-1.09873787273085
2199,2208,-1.66115503692138
2199,2209,-1.93452606628333
2199,2344,-1.80013437579779
2199,2437,-0.488342723923965
2199,2619,-1.14520171616516
2199,3020,0.247540995867588
2199,3476,0.0226793545604359
2199,3566,-0.569287339141291
2199,3638,-1.22595780144602
2199,3763,-2.09235098224685
2199,3785,-1.26619245883068
2200,2206,1.29521119095783
2200,2207,0.175074646061908
2200,2209,0.459422997405339
2200,2258,2.9213448305047
2200,2617,2.28892838102403
2200,2693,1.98100375922462
2200,2761,2.00518476465222
2200,2860,1.17044677530078
2200,2960,1.52357986783685
2200,3159,2.15000563611441
2200,3299,2.20720623042287
2200,3379,0.729045038904556
2200,3432,0.864017368794266
2200,3575,0.0786452980812574
2201,2202,1.2105004952097
2201,2204,-0.183560816346678
2201,2209,-0.265810061318737
2201,2210,0.94815898360407
2201,2211,-0.840945690888826
2201,2213,0.366615959359634
2201,2225,0.994646928858571
2201,2297,-0.299871471156495
2201,2425,2.06143964132839
2201,2495,0.441065584357293
2201,2728,0.541671805828318
2201,2767,0.151086522855319
2201,3158,2.26745228098732
2201,3223,0.689158598152919
2201,3236,1.38753652051495
2201,3553,0.991505094824536
2201,3649,0.838204236596849
2201,3735,0.379032517886871
2201,3824,0.950734359647551
2202,2207,-1.76065890787187
2202,2209,-1.47631055652844
2202,2210,-0.262341511605633
2202,2212,-0.0641726100110647
2202,2213,-0.843884535850069
2202,2215,-1.08637617895137
2202,2275,0.680074542771719
2202,2929,-0.619261266689357
2202,3161,-0.319906151725906
2202,3169,-0.512920037387824
2202,3190,-0.724844184593975
2202,3336,-0.132186846889276
2203,2204,0.639241068519895
2203,2205,0.666229744126806
2203,2211,-0.0181438060222531
2203,2215,0.946926201124901
2203,2216,1.20379005991209
2203,2317,2.32579844528387
2203,2392,1.17026256027744
2203,2565,2.64561209914353
2203,2660,0.80309004918812
2203,2977,1.67159375200036
2203,3400,0.727347986069612
2203,3599,2.36965743650102
2203,3651,2.63295730351983
2203,3772,1.51768965160212
2203,3882,3.34764987697731
2204,2208,0.191121784389898
2204,2210,1.13171979995075
2204,2213,0.550176775706312
2204,2215,0.307685132605006
2204,2293,0.368340538926901
2204,2349,1.015088206972
2204,2396,-0.167861115047575
2204,2467,0.590329563357032
2204,2560,0.555840185555709
2204,2646,0.402852345987341
2204,2804,0.658855636073984
2204,2952,1.78092320541862
2204,3222,1.05094247560644
2204,3309,1.45191305277543
2205,2209,-0.10923792057897
2205,2210,1.10473112434384
2205,2211,-0.684373550149059
2205,2212,1.30290002593841
2205,2486,0.908611475246014
2205,2703,0.458174398913693
2205,2792,1.7382282185656
2205,2992,0.785267462117885
2205,2996,0.826572573714132
2205,3012,0.917913554108923
2205,3530,-0.54311597987399
2206,2209,-0.835788193552488
2206,2210,0.378180851370319
2206,2211,-1.41092382312258
2206,2213,-0.203362172874116
2206,2447,1.27941336108092
2206,2631,0.716082731738262
2206,2789,0.845865789578838
2206,3015,-0.681573436562459
2206,3423,1.07723528000319
2206,3498,-0.305347862172967
2206,3711,0.717579511548599
2207,2209,0.284348351343431
2207,2210,1.49831739626624
2207,2211,-0.290787278226657
2207,2213,0.916774372021803
2207,2214,1.81424011473879
2207,2218,1.75390368896182
2207,2452,0.503064053796477
2207,2701,0.794294790963735
2207,3125,0.664267182301374
2207,3389,0.306256786341509
2207,3399,1.67449409705329
2207,3427,2.06964629484257
2207,3803,2.33229432764496
2208,2210,0.940598015560849
2208,2220,0.932492177931554
2208,2722,-0.301571779467185
2208,2772,0.0718043402503683
2208,3255,1.4608595979686
2208,3270,1.25581006785458
2208,3334,1.55361328468646
2208,3542,0.517490717643328
2208,3780,0.648871917886936
2208,3851,1.19396323653026
2209,2210,1.21396904492281
2209,2211,-0.575135629570088
2209,2214,1.52989176339536
2209,2217,1.37388868591889
2209,2220,1.20586320729351
2209,2325,0.667796761366358
2209,2521,1.04223392838238
2209,2703,0.567412319492663
2209,2776,1.53436202885803
2209,3109,-0.559115684614831
2209,3228,0.800974157942066
2209,3337,1.26370755033685
2209,3502,0.730903098593132
2209,3748,1.33662328764474
2210,2212,0.198168901594569
2210,2215,-0.824034667345742
2210,2218,0.255586292695577
2210,2219,0.360720506394031
2210,2222,-0.908416682641182
2210,2256,-0.358021634371473
2210,2269,0.808364068729294
2210,2383,0.395763123283865
2210,2384,-0.767111800788646
2210,2571,-0.0430037312113056
2210,3265,0.997530882979291
2210,3707,-1.70777042442526
2210,3946,-1.30952703829821
2211,2212,1.98727357608746
2211,2215,0.965070007147154
2211,2216,1.22193386593434
2211,2217,1.94902431548898
2211,2219,2.14982518088693
2211,2222,0.880687991851714
2211,2583,1.22658592422053
2211,2928,2.58040503633587
2211,3113,1.78820016895608
2211,3343,1.09128621992507
2211,3563,0.370470222008951
2211,3786,1.0910193337732
2212,2217,-0.0382492605984831
2212,2221,0.170306568481819
2212,2857,-0.277092312800868
2212,3123,-0.562162726915221
2212,3155,-0.575614586324991
2212,3962,-1.08425149351504
2213,2214,0.897465742716987
2213,2216,0.0143722156858832
2213,2223,0.35397763979765
2213,2300,-0.655785866866418
2213,2768,0.203890761964845
2213,2900,-0.96973456469989
2213,2984,-1.00890934458256
2213,3059,-0.441516819821894
2213,3110,1.45724946237332
2213,3125,-0.252507189720429
2213,3459,0.64241259046666
2213,3657,-0.257373054121612
2213,3896,0.63204778361296
2214,2216,-0.883093527031104
2214,2217,-0.156003077476466
2214,2221,0.0525527516038355
2214,2224,-0.515068233441932
2214,2241,-0.44145656152298
2214,2811,-1.26633063382856
2214,2974,-1.12889138707481
2214,3013,-0.536419150185066
2214,3298,-0.514373354087007
2214,3330,0.168972393384277
2214,3439,-1.33360619715201
2215,2219,1.18475517373977
2215,2220,0.815928829716447
2215,2221,1.19251013742213
2215,2222,-0.0843820152954403
2215,2227,0.520540135482209
2215,2266,-0.5178726034982
2215,2875,0.751221774468766
2215,3072,0.551186490915006
2215,3226,1.76157400375059
2215,3346,-0.130904249689018
2215,3615,0.236527874991708
2215,3973,1.12791191961185
2215,3989,-0.262852588572003
2216,2217,0.727090449554638
2216,2219,0.927891314952584
2216,2222,-0.34124587408263
2216,2225,0.613658753813053
2216,2458,0.762531400699166
2216,2553,0.516939814169451
2216,2591,0.427026986201036
2216,2780,0.0599830397628351
2216,2949,0.275611520877059
2216,3129,0.791148307003792
2216,3131,0.149911672008366
2216,3460,1.28433827140731
2216,3532,0.564765309895289
2216,3642,0.608287624056349
2216,3868,0.50002358321819
2216,3985,0.434660941686852
2217,2435,-1.54688932459677
2217,2541,-1.06219937863979
2217,2759,-0.347027241830935
2217,2798,0.998009913988122
2217,3001,0.93623840359616
2217,3335,0.495474738352527
2217,3520,-1.3145640212531
2217,3669,0.075655963228549
2217,3997,-0.583556385954527
2218,2220,-0.263692130324872
2218,2222,-1.16400297533676
2218,2225,-0.209098347441076
2218,2226,-1.07408451360511
2218,2227,-0.55908082455911
2218,2228,-2.05132704017954
2218,2229,0.155441070619567
2218,2230,-0.993927254854968
2218,3340,-0.302497446683491
2218,3662,-0.411314278765217
2218,3740,-0.205451625228099
2219,2220,-0.368826344023326
2219,2226,-1.17921872730357
2219,2551,-0.359909315929172
2219,2584,-1.23927893313737
2219,3383,-0.588063697150484
2219,3399,-0.184543805606981
2219,3470,-0.113992539907626
2219,3685,-2.07844127874177
2219,3956,-1.03238535259972
2220,2221,0.376581307705682
2220,2222,-0.900310845011887
2220,2223,-0.219459546817491
2220,2228,-1.78763490985467
2220,2603,-0.126645593435611
2220,2818,-1.06518005595241
2220,3190,-0.454396835359046
2220,3664,-0.489290108253794
2220,3840,1.20473181312339
2220,3870,-0.602028119493256
2220,3927,-0.117415056448736
2221,2224,-0.567620985045767
2221,2226,-1.18697369098592
2221,2231,-0.241020662888251
2221,2232,-0.203605075838766
2221,2234,-0.0537643312622356
2221,2392,-0.969173778269589
2221,2445,-1.04189433502222
2221,2606,0.263382943171593
2221,2751,-0.806654067786423
2221,2768,-0.746127732355978
2221,2819,-0.514472836343049
2221,3291,0.12884495717016
2221,3355,-0.692935199215557
2221,3847,-0.0375160139897591
2222,2224,0.709271167671802
2222,2229,1.31944404595633
2222,2230,0.170075720481791
2222,2234,1.22312782145533
2222,2366,1.18301713819355
2222,2456,0.915036513017442
2222,2644,0.885126590098451
2222,3010,-0.17237835150872
2222,3115,0.410717257403059
2222,3150,0.302877035278296
2222,3649,0.798461935633961
2223,2225,0.274053329701287
2223,2226,-0.590932836462751
2223,2230,-0.510775577712605
2223,2235,0.438325708220276
2223,2342,0.551461519262403
2223,2850,-0.19348290458148
2223,3018,0.152209807097642
2223,3019,0.434501704139138
2223,3091,0.393223005969036
2223,3101,-0.764074936224489
2223,3352,-0.565292999604159
2223,3415,1.74973746446367
2223,3545,-0.288609823416931
2223,3681,0.608333547954119
2223,3728,-0.471271535631627
2223,3845,0.483427889214139
2223,3941,0.206664444896344
2224,2227,-0.104349016894153
2224,2228,-1.59659523251458
2224,2231,0.326600322157517
2224,2232,0.364015909207002
2224,2233,0.480019551199028
2224,2764,0.49300997628088
2224,3018,0.123789937620236
2224,3192,0.184249854927149
2224,3659,0.0709519855989592
2224,3910,1.1982304172552
2225,2238,0.0886064965626383
2225,2721,-1.06610312865174
2225,2725,-0.743598240461799
2225,2886,0.398024788875819
2225,3067,-0.4902825259118
2225,3334,0.566527323871113
2225,3562,0.242691558402681
2225,3995,-1.04259135288093
2226,2227,0.515003689046004
2226,2230,0.0801572587501459
2226,2237,0.551149886103583
2226,2504,1.00748962292912
2226,2508,0.400353199086176
2226,2555,1.7276567659235
2226,2614,1.35530143888222
2226,2655,1.13110264407317
2226,2977,0.71913110443925
2226,3023,0.0787086330633532
2226,3276,0.932431555531876
2226,3425,0.328408992658233
2226,3478,1.3605244682413
2226,3654,0.802418543077848
2226,3917,2.17169988304561
2227,2235,0.514254855637023
2227,2236,-1.0977366520429
2227,2239,0.73825318440994
2227,2264,0.44441613946266
2227,2337,1.10130341254859
2227,2360,0.855944364916705
2227,2367,0.501809306980027
2227,2551,0.304305722328392
2227,2575,-0.249504058206031
2227,3362,0.706283060738931
2227,3399,0.479671232650583
2227,3550,-0.135396432490877
2227,3885,0.247924519781793
2227,3909,1.93380252977104
2227,3945,-0.21085699539261
2228,2229,2.20676811079911
2228,2236,0.39450956357753
2228,2238,1.9308351893011
2228,2240,1.81913763011485
2228,2308,0.552933098302549
2228,2532,1.18427071384398
2228,3163,0.406815515526881
2228,3266,2.03416514638945
2228,3898,2.13822425588727
2229,2231,-0.283572556127008
2229,2240,-0.387630480684261
2229,2376,0.172675328689933
2229,2969,-0.0502330638738361
2229,2979,-0.386238803261621
2229,3003,-0.54978522668276
2229,3028,-0.553701957908045
2229,3112,-0.729092941448628
2229,3968,-3.23550525385835
2230,2233,1.01921499838904
2230,2235,0.949101285932881
2230,2238,0.87343540397653
2230,2239,1.1730996147058
2230,2304,0.696563344100119
2230,2354,0.598180254196038
2230,2395,0.284385056528654
2230,2558,-0.29698619291053
2230,3177,1.008999636632
2230,3203,1.58240935186237
2230,3410,0.685756314171252
2230,3501,-0.128227444624332
2230,3599,1.33703753018977
2230,3758,1.07622416898767
2230,3866,1.32581576370293
2231,2233,0.153419229041512
2231,2235,0.0833055165853537
2231,2239,0.30730384535827
2231,2241,-0.252988650238564
2231,2242,-0.759000893631213
2231,2243,-1.14062418670109
2231,2408,0.178414542425805
2231,2795,-1.58943591601757
2231,3097,0.449591272025244
2231,3313,-0.886146200263634
2231,3387,-0.753159601352299
2231,3403,-0.20713347368981
2232,2235,0.0458899295358687
2232,2236,-1.56610157814405
2232,2238,-0.0297759524204821
2232,2241,-0.290404237288049
2232,2245,-1.43600403887325
2232,2786,0.161401196184859
2232,2886,0.279642339892698
2232,3283,0.339397437645937
2232,3757,-0.482378943681388
2232,3871,0.233483330283368
2233,2244,-0.592136758456738
2233,2407,0.338980614472317
2233,2462,0.326260545065669
2233,2576,0.130987853672269
2233,2754,-0.566850752204207
2233,2761,0.0509186860944279
2233,2829,-1.25098631196841
2233,3052,-0.602994478298818
2233,3421,-1.17407506948664
2233,3466,-0.0791450640796138
2233,3588,-0.331485799811087
2233,3618,1.19022294584304
2233,3906,-1.2704600219198
2234,2245,-1.58584478344978
2234,2338,0.175373810941108
2234,2764,-0.0208466775026517
2234,2831,-0.338549771421402
2234,2852,-0.738025154891299
2234,3342,-0.35485542968223
2234,3466,-0.112982166664117
2235,2240,-0.187363441142607
2235,2246,-0.652216653622949
2235,2299,0.3897601777304
2235,2545,-0.413182812962722
2235,2998,-0.784445924580003
2235,3035,-0.316738355968714
2235,3350,-0.615788198771482
2235,3558,-0.171989086573962
2235,3637,-0.16656283447144
2235,3711,0.12863833640479
2235,3849,-0.130227403917659
2236,2240,1.42462806653732
2236,2241,1.275697340856
2236,2243,0.388061804393479
2236,2296,1.97788987307594
2236,2466,1.95934377402722
2236,2493,1.60749040624
2236,2563,2.14196580780708
2236,2694,0.87502026512421
2236,2929,1.04431142882271
2236,2949,1.10967189622494
2236,3092,0.575504469235294
2236,3273,0.39988455396932
2237,2239,0.702106987352361
2237,2241,0.141814491755526
2237,2245,-1.00378530982967
2237,2250,0.624730798689062
2237,2525,0.373200174174729
2237,2683,-0.416260539183508
2237,2744,-0.482604404158523
2237,2757,1.25672602628521
2237,2785,0.380742814209871
2237,2988,0.34599184822745
2237,3394,0.223676536784196
2237,3723,3.7269464403696e-05
2237,3737,-0.368465766686621
2237,3877,-0.30594391027094
2238,2239,0.299664210729268
2238,2240,-0.111697559186256
2238,2244,-0.446357164044229
2238,2372,-0.799337362236322
2238,2470,-0.0079050588051534
2238,2705,-0.0463614725122529
2238,3039,-0.65794422216433
2238,3054,-1.27077947461091
2238,3068,-2.14291618945898
2238,3146,1.21011016205986
2238,3273,-1.13644107175425
2238,3852,-0.218658798944418
2238,3887,1.75352885361219
2238,3910,0.863990460468682
2239,2241,-0.560292495596835
2239,2242,-1.06630473898948
2239,2243,-1.44792803205936
2239,2247,-0.889472877609254
2239,2251,0.661340877362075
2239,2395,-0.888714558177143
2239,2587,-0.276053564086885
2239,3026,-1.14191902636384
2239,3192,-0.449654312588638
2239,3464,0.12573504804911
2239,3569,-1.04220547864662
2239,3874,-0.0892330580230864
2240,2242,-0.65494296907396
2240,2246,-0.464853212480342
2240,2249,-0.498327503703522
2240,2251,1.0727026472776
2240,2596,-0.830193196164253
2240,2672,0.123997457404815
2240,2872,-0.649099775642721
2240,3277,0.0958636011751755
2240,3463,-1.75864629514195
2240,3496,-0.0690698556405719
2240,3601,0.416260085598823
2240,3628,0.606164315615547
2240,3877,-0.596689127707777
2240,3975,-0.686105474376054
2241,2243,-0.887635536462526
2241,2245,-1.1455998015852
2241,2250,0.482916306933536
2241,2254,-0.586851352677367
2241,2278,-0.291102643660023
2241,2883,0.644904833656635
2241,3266,0.363958241955916
2241,3267,-0.483634812364984
2241,3284,0.845463269485556
2242,2243,-0.381623293069877
2242,2245,-0.639587558192549
2242,2250,0.988928550326185
2242,2335,0.49353171304177
2242,2566,-0.235281716752314
2242,2718,0.626417137901593
2242,2909,0.85050542973421
2242,3371,1.4957391505865
2242,3542,0.208438788525556
2242,3740,0.681680753910556
2243,2249,0.538238758440315
2243,2251,2.10926890942144
2243,2254,0.300784183785159
2243,2255,2.09197248694862
2243,2385,0.388179017313611
2243,2680,-0.263061894595325
2243,2750,0.289251015783381
2243,2800,1.96582958310873
2243,2864,-0.0647843841472598
2243,3166,0.978213253509452
2243,3733,0.51830060894685
2243,3807,0.716628853565068
2243,3809,0.914927488253941
2243,3969,1.08907236194846
2244,2250,0.668645186110197
2244,2252,0.100866409459322
2244,2254,-0.401122473500706
2244,2516,1.33118861288394
2244,2551,0.312073912691948
2244,2797,0.529022070338822
2244,3007,-0.0274393775636902
2244,3060,-0.582029850476403
2244,3078,1.41337695502187
2244,3139,-0.097587627506041
2244,3296,0.918984940835185
2244,3490,0.0462830678357662
2244,3825,0.736410172603237
2244,3951,-1.33025334698925
2245,2252,1.06073733186786
2245,2256,0.913112010264154
2245,2258,2.51908643281218
2245,2280,2.57284925370773
2245,2465,1.68351283055557
2245,2495,0.76404024538885
2245,2630,0.396844736872552
2245,2863,0.30385521766701
2245,2885,1.90848370227914
2245,3074,1.11615727847768
2245,3485,0.799527435591761
2245,3632,0.0558919492744217
2246,2248,0.906123917724365
2246,2249,-0.0334742912231796
2246,2254,-0.270928865878336
2246,2255,1.52025943728513
2246,2257,0.497927508580722
2246,2317,0.996293906662686
2246,2953,1.36579053201126
2246,2980,-0.412095403101509
2246,2988,0.520099843270955
2246,3348,0.595735316534589
2246,3519,-0.3833693591532
2246,3856,-0.501218843955486
2246,3949,0.183551976948138
2247,2248,0.919381812937753
2247,2249,-0.0202163960097913
2247,2252,0.24431791229508
2247,2254,-0.257670970664948
2247,2256,0.0966925906913743
2247,2259,1.23375587340385
2247,2552,0.0513751753544108
2247,3263,0.477554864843229
2247,3564,0.429916771421611
2247,3731,-0.328502134561305
2248,2258,0.783285200301651
2248,2259,0.3143740604661
2248,2268,-0.562970677043716
2248,2340,-0.899822671114011
2248,2892,0.14907387482455
2248,3188,-1.51348362462411
2248,3279,-0.81781314196777
2248,3885,-0.520237599956647
2249,2251,1.57103015098112
2249,2253,1.34114561026007
2249,2254,-0.237454574655157
2249,2255,1.55373372850831
2249,2256,0.116908986701166
2249,2257,0.531401799803902
2249,2259,1.25397226941364
2249,3025,0.51845486381768
2249,3667,-0.75485381905376
2250,2257,-0.300911285151844
2250,2525,-0.251530624514332
2250,2990,0.918399510665467
2250,3286,0.43209944161014
2250,3302,1.23689877959579
2250,3362,0.0454060649922895
2250,3459,-0.296512897660884
2250,3500,-1.34294021301761
2250,3650,-0.952194780979887
2250,3967,-0.368345978146973
2251,2253,-0.229884540721049
2251,2255,-0.0172964224728138
2251,2256,-1.45412116427995
2251,2258,0.151853258268075
2251,2263,-1.39037560258198
2251,2753,-0.689950209795672
2251,2826,-2.39445489061288
2251,2857,-1.17502294111478
2251,2897,-1.44593861662177
2251,3346,-2.05103844694324
2251,3417,-2.06761961863487
2252,2254,-0.501988882960028
2252,2259,0.989437961108773
2252,2262,0.099160207430575
2252,2265,0.476418341546109
2252,2406,-0.184954356517961
2252,2880,0.0815793193362323
2252,2887,0.640067709653918
2252,2916,-0.229870973349414
2252,3201,-1.3094886171148
2252,3232,-0.148105396348072
2252,3398,-0.0266543260172999
2252,3426,-0.328966427909496
2252,3575,-1.38435043147912
2252,3677,0.895749293816536
2252,3815,-0.136436302439644
2252,3899,-1.20220132508584
2252,3953,0.418320584907195
2253,2254,-1.57860018491523
2253,2258,0.381737798989124
2253,2263,-1.16049106186093
2253,2264,-0.725293381588306
2253,2265,-0.600192960409091
2253,2382,-0.325557223427558
2253,2457,-1.68823674905278
2253,2728,-1.27270216696319
2253,2750,-1.59013335291701
2253,2819,-1.01221235545409
2253,3064,-0.26587847325894
2253,3139,-1.27506533892056
2253,3281,-0.811773741741714
2253,3843,-1.66047352810521
2253,3845,-0.61035248442008
2254,2258,1.96033798390435
2254,2259,1.4914268440688
2254,2260,0.479328501740683
2254,2263,0.418109123054302
2254,2290,1.05594407940244
2254,2577,0.71649471858625
2254,2616,0.573074213463754
2254,2771,1.17391556040353
2254,2789,1.18007013393631
2254,2908,0.385211863225784
2254,2964,-0.267101179605748
2254,2991,-0.605076259563993
2254,3219,1.52421454989012
2254,3394,0.668713397706037
2254,3556,2.07194564624812
2255,2259,-0.299761459094662
2255,2264,-0.937881499836542
2255,2265,-0.812781078657327
2255,2789,-0.61111816922715
2255,3140,-1.35994959922607
2255,3219,-0.26697375327334
2255,3257,-1.33669527247163
2255,3353,-0.504975366713511
2255,3753,-1.27379054361853
2255,3783,-2.12641236742442
2255,3836,-2.75124275951419
2255,3965,-0.970316765529662
2256,2260,0.124964940384361
2256,2261,0.564262322188348
2256,2262,0.24678552903428
2256,2267,1.20747144021214
2256,2268,0.259718545202663
2256,2269,1.16638570310077
2256,2440,0.846713366079208
2256,2539,0.484506434312462
2256,2783,-0.105948831118268
2256,2817,0.606585326977117
2256,3307,-0.0038473344751477
2256,3315,0.820530069069106
2256,3410,0.305436986383333
2256,3538,-1.4642557873052
2256,3552,0.388292860629681
2256,3834,0.296656997528877
2257,2258,1.19148160944529
2257,2261,0.149769509085612
2257,2270,0.366735356210384
2257,2303,0.518348982482499
2257,2495,-0.56356457797804
2257,2675,-0.460995472127019
2257,2769,0.203079098461535
2257,2795,-1.5184522875607
2257,2939,-1.06105390273321
2257,3036,0.751873264794865
2257,3233,-0.356533632769091
2258,2260,-1.48100948216367
2258,2264,-1.10703118057743
2258,2268,-1.34625587734537
2258,2284,-1.16089719535542
2258,2416,-0.407732118581713
2258,2907,-1.04661259844094
2258,3163,-2.63687802013364
2258,3622,-1.4100961238518
2258,3870,-1.85808674529911
2259,2261,-0.572800960524131
2259,2268,-0.877344737509816
2259,2270,-0.355835113399358
2259,2271,-0.415595853273298
2259,2313,-2.15935082930066
2259,2383,-0.383278525057141
2259,2392,-1.37973995653421
2259,2542,-0.741294583816981
2259,2589,-1.9985174805987
2259,2772,-1.64783532365149
2259,3131,-1.19630078489119
2259,3332,-1.30170271216607
2259,3521,-1.75329925315075
2259,3704,-2.03614054456921
2259,3812,0.489141125207859
2259,3929,-1.61751888052405
2260,2266,-1.10885057685683
2260,2272,0.0226911895050694
2260,2273,0.743789372894591
2260,2570,-0.0737197242100722
2260,2833,0.21518815210025
2260,2934,-0.0180515200290117
2260,3443,0.474917117624192
2260,3653,-0.968934268955793
2261,2263,-0.500516760490369
2261,2267,0.643209118023796
2261,2271,0.157205107250833
2261,2272,-0.416606192298918
2261,2616,-0.345551670080917
2261,2758,-0.460013929123244
2261,2899,-0.544726131878482
2261,3317,-1.10981746339993
2261,3722,-0.861581667624564
2262,2264,0.252157712936319
2262,2266,-1.23067116550675
2262,2269,0.919600174066486
2262,2272,-0.0991293991448501
2262,2273,0.621968784244671
2262,2274,-0.143026784917192
2262,2305,0.257769290169065
2262,2347,0.547144021621111
2262,2435,-1.27573357826349
2262,2724,-1.78598395219367
2262,2820,0.258448607457297
2262,2867,-1.09937096516347
2262,3016,-0.0829593411746515
2262,3324,-0.0715233403429947
2262,3827,0.147060809035742
2263,2264,0.43519768027262
2263,2265,0.560298101451835
2263,2266,-1.04763119817045
2263,2267,1.14372587851416
2263,2270,0.717482607615141
2263,2275,1.23669212705085
2263,2276,-0.655996891645106
2263,2414,-0.344106086324093
2263,2684,0.492615400516328
2263,2939,-0.710306651328452
2263,3084,0.145983200816564
2263,3809,0.196034181414481
2264,2268,-0.239224696767936
2264,2275,0.801494446778225
2264,2277,-1.10681535274018
2264,2421,-0.761918753353213
2264,2488,0.497846950953524
2264,2944,-1.07243392932829
2264,2961,-1.44035032144889
2264,3221,-0.0602523461577829
2264,3454,-0.0604201318486915
2264,3907,0.309105885382221
2265,2269,0.542342039950952
2265,2275,0.67639402559901
2265,2277,-1.23191577391939
2265,2487,-0.375356288664075
2265,2491,-0.991727610386032
2265,2632,0.373418215084537
2265,2779,-0.74371053630651
2265,2785,-0.152627549374424
2265,2938,-1.03017755857357
2265,3246,0.0403070433456913
2265,3304,-0.472088641589396
2265,3631,0.074238587702376
2265,3652,-0.0327305500714617
2265,3985,-0.398531895650043
2266,2267,2.19135707668461
2266,2272,1.1315417663619
2266,2277,0.376013525702891
2266,2304,1.30012965278467
2266,2838,1.45503909813122
2266,2903,1.71736697574104
2266,2955,2.45604331102515
2266,2986,0.196890337994425
2266,3064,1.94224378677243
2266,3094,2.09242536661258
2266,3433,0.393882369829127
2266,3452,0.425997859913383
2266,3857,0.901178285418576
2266,3897,2.04726189563158
2267,2268,-0.947752895009481
2267,2278,-1.26608629255112
2267,2280,0.452265803231429
2267,2345,-0.304026453572403
2267,2350,-0.344677581166179
2267,3066,-1.40755989859305
2267,3613,-0.864504773363717
2267,3920,-0.568597238343307
2267,3932,-1.59004782417663
2267,3973,-0.545572553574562
2267,3980,-1.42228812881376
2268,2270,0.521509624110457
2268,2273,0.609035768076288
2268,2276,-0.85196987514979
2268,2279,-0.944103243861843
2268,2622,0.307891579746951
2268,2660,-0.869567730113713
2268,2871,0.0765720279128635
2268,2920,-0.916937010679502
2268,3060,-0.794989483534683
2268,3215,0.255330719876474
2268,3270,0.413515141462536
2268,3888,-0.79407391642683
2268,3940,-0.75128644097085
2268,3974,-0.394176463117921
2268,3984,0.553720802723242
2269,2270,-0.385157533787646
2269,2274,-1.06262695898368
2269,2275,0.134051985648058
2269,2627,-2.08523993828467
2269,2852,-1.23167808480644
2269,3133,-0.331476686378945
2269,3206,-0.153576197955112
2269,3291,-0.311043641482747
2269,3498,-1.49189278227258
2269,3619,-0.0196893109311437
2269,3870,-1.41849802585184
2270,2274,-0.677469425196032
2270,2277,-1.3891002800827
2270,2278,-0.839843021652098
2270,2279,-1.4656128679723
2270,2385,-1.04819689714099
2270,2634,-1.22645618766683
2270,3020,0.544891482286467
2270,3058,0.0210805445117459
2270,3115,-0.920905960179771
2270,3232,-0.781708244057488
2270,3318,-0.481226074671685
2270,3394,-0.466878332963406
2270,3486,0.229939546035865
2270,3510,-0.288128951875494
2270,3652,-0.189915056234768
2270,3847,-0.0922470788550199
2270,3876,-0.84997925889479
2270,3949,-0.681110887842969
2271,2277,-1.32933954020876
2271,2278,-0.780082281778159
2271,2280,0.938269814004392
2271,2284,-0.276390202246568
2271,2344,-1.44302314950497
2271,2386,0.105107132652804
2271,2415,-0.945171539686107
2271,2715,0.229119064184202
2271,2870,-1.52464322318628
2271,3011,-0.646824079157849
2271,3195,-0.930352812511585
2271,3552,-0.3331745688095
2271,3646,-0.264307937901717
2271,3711,-0.0240471348894284
2272,2275,1.15278155885939
2272,2279,-0.83204082854861
2272,2281,-0.0136647305242393
2272,2673,-1.08216834838144
2272,3123,-0.15362832083861
2272,3823,-0.0175735883679322
2273,2566,-1.37756048210287
2273,2704,-1.00992339950216
2273,2990,0.765049295641096
2273,3008,-0.903077411411589
2273,3137,0.142649961411071
2273,3439,-1.52841615758694
2273,3561,0.821515795321055
2273,3632,-1.72597437426868
2273,3729,-0.933342687642561
2274,2275,1.19667894463174
2274,2279,-0.788143442776268
2274,2280,1.55597849932648
2274,2282,-0.292529417075689
2274,2283,0.610770252291674
2274,2287,-0.0754394483469782
2274,2542,0.292009954778409
2274,2687,0.165033125408696
2274,3014,-0.392466026303689
2274,3032,0.739122422725082
2274,3289,0.235692069624727
2274,3310,1.00357968885953
2274,3548,0.900507692225785
2274,3656,0.584509324043838
2274,3713,-0.56988677541516
2274,3817,0.252306129907683
2274,3838,-0.164477441678164
2274,3891,0.973288989578731
2274,3926,0.643026990402441
2275,2282,-1.48920836170743
2275,2382,-0.401758288617477
2275,2484,-2.30314178055735
2275,3003,-1.08117391774497
2275,3337,-0.892677548963313
2275,3401,-2.0277269990225
2275,3764,-2.24451582541809
2276,2277,-0.0156207808224513
2276,2288,1.03135347504697
2276,2982,0.607333592554158
2276,3428,0.804527803818049
2276,3465,1.17005331990289
2276,3526,0.706763442200238
2276,3594,0.803274346495905
2276,3664,0.45287701843551
2276,3902,0.56689597278043
2276,3967,0.939309450054734
2277,2283,1.32240110717834
2277,2284,1.05294933796219
2277,2315,-0.342855348470597
2277,2415,0.384168000522652
2277,2986,-0.179123187708466
2277,3032,1.45075327761175
2277,3039,0.44304396479386
2277,3124,0.478620134233244
2277,3395,1.53090134656959
2277,3515,-0.473344125998192
2277,3702,0.23316647821881
2278,2281,0.192606251704169
2278,2473,-0.0818614190840533
2278,2516,1.4365623773673
2278,2868,0.212366912980777
2278,3120,0.154226598927491
2278,3212,0.0795488030521258
2278,3375,0.918074616745843
2278,3835,-0.153242543136171
2279,2288,1.12348684375903
2279,2374,0.782202087997916
2279,3120,0.779996445247693
2279,3252,2.06408410317169
2279,3426,0.503043592353389
2279,3654,1.02632665519896
2279,3812,2.31058910657952
2279,3819,0.381448848555989
2279,3872,0.611422783527548
2279,3899,-0.370191304822951
2279,3929,0.203929100847609
2280,2284,-1.21466001625096
2280,2285,-1.45318026374136
2280,2286,-2.29312658576027
2280,2457,-2.12373736893744
2280,2559,-1.43646767807325
2280,3069,-2.21464748927193
2280,3086,-1.08602109620194
2280,3120,-1.56412549685506
2280,3133,-0.824828226721752
2280,3187,-1.09599073655448
2280,3197,-0.729606717228676
2280,3208,-2.2532245664009
2280,3512,-0.234437163488637
2280,3766,-0.990936374085485
2280,3861,-1.43073956407384
2280,3879,-1.87601441205404
2281,2285,0.0725655803370268
2281,2290,0.56758911868093
2281,2292,-0.18284376262266
2281,2467,-0.317360001587434
2281,2489,-0.0157265866943745
2281,2569,-0.601911607182434
2281,3031,0.383406243374155
2281,3032,0.708889767476979
2281,3873,-0.186375563646077
2282,2292,0.139918309701132
2282,2512,0.428733112608937
2282,3110,1.42249874545896
2282,3265,1.54432319030937
2282,3624,0.703615036208135
2283,2287,-0.686209700638652
2283,2288,-0.275426851308917
2283,2292,-0.763381359666232
2283,2294,0.319237731633683
2283,2295,-0.376983326905637
2283,2296,0.220151327132217
2283,2967,-1.96168277224465
2283,3387,-0.982212156201453
2283,3694,-0.143914442690053
2284,2285,-0.238520247490395
2284,2286,-1.07846656950931
2284,2287,-0.416757931422503
2284,2293,-0.850434853844988
2284,2294,0.588689500849832
2284,3113,-0.0879600983579548
2284,3265,0.910475290158151
2284,3422,-0.720585854263027
2284,3928,0.31637624097732
2285,2294,0.827209748340228
2285,2295,0.130988689800908
2285,2298,0.240161614608585
2285,2856,-0.667164932436146
2285,2858,-0.255622437608281
2285,2868,-0.0528049190604191
2285,2905,0.895619581025511
2285,2911,-0.15668206142169
2285,3352,-0.64139372938169
2285,3354,0.492801339857345
2285,3461,-0.702551979834037
2285,3522,0.0930292664207288
2285,3545,-0.364710553194462
2285,3619,0.940139412467405
2285,3726,0.0220573219039778
2285,3731,-0.631751704954897
2285,3772,-0.101806562199267
2285,3917,1.50466631680532
2286,2291,0.318922756757402
2286,2297,-0.256619478072391
2286,2624,0.752376155450107
2286,2698,0.259688899332018
2286,2867,-0.219196093812493
2286,2924,1.60047525245135
2286,3089,2.20657252136718
2286,3261,1.14238296111696
2286,3491,1.64757965975086
2286,3708,1.01806288273838
2287,2288,0.410782849329735
2287,2289,-0.595617010730063
2287,2291,-0.342785881329409
2287,2293,-0.433676922422485
2287,2295,0.309226373733016
2287,2296,0.906361027770869
2287,2551,0.330513529066221
2287,3401,-0.755608606043784
2287,3585,1.20804395452514
2288,2293,-0.84445977175222
2288,2300,-1.31840940183923
2288,2301,0.109157973726607
2288,2496,0.0626625042666268
2288,2944,-1.01259283245754
2288,3076,0.134557463542723
2288,3266,0.157343888177115
2288,3307,-0.442949479574993
2288,3441,0.0046988154225738
2288,3554,-0.382712482240584
2288,3780,-0.372806608402287
2288,3858,-0.363199051850637
2289,2294,1.6010644430024
2289,2296,1.50197803850093
2289,2297,-0.32271110542914
2289,2298,1.01401630927076
2289,2371,-0.105867384574509
2289,2604,-0.35644513478876
2289,2683,0.241710475341964
2289,2774,2.14094730443098
2289,2910,0.759439437091686
2289,2928,1.7166197111744
2289,3003,0.786561485963809
2289,3288,0.788047643006308
2289,3648,0.641104791382294
2289,3800,0.300876147027042
2289,3890,0.254741517367978
2290,2291,-1.01604710360542
2290,2299,0.256961617829241
2290,2347,0.0923490326092704
2290,2463,-1.11705386369429
2290,2623,0.454637129704341
2290,2720,-0.293497596911088
2290,2733,0.0430112984246519
2290,2998,-0.917244484481162
2290,3386,-0.234343205101923
2290,3679,-1.21836301500631
2290,3699,0.0336270123000536
2291,2297,-0.575542234829793
2291,2300,-0.564840671180081
2291,2301,0.862726704385751
2291,2789,1.14017315813929
2291,2943,-0.727642617728883
2291,2971,0.611609504199552
2291,3092,-0.153238494740367
2291,3243,1.2891798777877
2291,3541,0.267870216150489
2292,2296,0.983532686798449
2292,2301,0.597112482083922
2292,2362,-0.0618109630821056
2292,2377,0.0784318645223738
2292,2456,0.413493828005202
2292,2480,0.247432055500219
2292,2552,0.0035349479205057
2292,3043,-0.125222061170779
2292,3129,0.630851496074181
2292,3402,-1.06274839056658
2292,3503,-0.359552055227392
2292,3727,0.383963349011994
2292,3798,-0.107118741761364
2292,3899,-1.00572364022466
2293,2297,-0.484651193736718
2293,2301,0.953617745478827
2293,2305,0.90991244585572
2293,2385,0.138388898824504
2293,2421,0.142382115269761
2293,2423,0.826161923830996
2293,2603,0.628627829958942
2293,3084,0.615086389166918
2293,3294,-0.60392760623092
2293,3891,1.48240536034819
2294,2295,-0.696221058539319
2294,2296,-0.0990864045014658
2294,2304,-0.717522711730244
2294,2310,-0.481784933117287
2294,2576,-0.263883203769055
2294,2958,-0.263187352261961
2294,2984,-2.26619746249797
2294,3189,-0.780095275020495
2294,3673,-0.147571317187052
2294,3939,-0.507542502587581
2295,2296,0.597134654037854
2295,2303,0.595296126082109
2295,2305,0.16700914970022
2295,2307,-0.183248768608775
2295,2394,-0.833409907644056
2295,2404,0.231807532367912
2295,2412,-0.391155555865194
2295,2567,0.722778292944573
2295,2652,0.997920849389843
2295,3046,-1.83796711279983
2295,3143,-0.144883047113875
2295,3374,-1.07450644266684
2295,3711,0.359874625046627
2295,3849,0.101008884724178
2296,2298,-0.487961729230176
2296,2305,-0.430125504337634
2296,2307,-0.780383422646628
2296,2308,-1.81946633835092
2296,2354,-0.71681939713286
2296,2547,-0.694939954468028
2296,2793,-0.916918294809868
2296,2862,0.307365917687299
2296,2938,-1.34081421896473
2296,2943,-1.97678952682916
2296,3388,-1.45332156622703
2297,2299,1.84855095626446
2297,2300,0.0107015636497118
2297,2301,1.43826893921554
2297,2303,1.82285061597433
2297,2305,1.39456363959244
2297,2307,1.04430572128344
2297,2309,1.31605644011231
2297,3037,0.512854535316093
2297,3461,0.394013820257273
2297,3646,1.34716831192656
2297,3754,0.890006145843865
2297,3764,-0.0540693162801685
2297,3844,1.12828401584116
2297,3921,1.35498678196306
2297,3986,1.86263966806749
2298,2302,0.315715925028187
2298,2304,-0.130474577998602
2298,2311,-1.20712833303659
2298,2688,-0.502079778010728
2298,3091,0.0769606615829197
2298,3092,-0.914423674610469
2298,3220,-0.751771915902993
2298,3280,-1.08548393638316
2298,3422,-0.722227221381217
2298,3526,-0.332206482057692
2298,3529,0.102484783988073
2298,3585,0.789644655984449
2299,2302,-0.196107616536373
2299,2303,-0.0257003402901276
2299,2304,-0.642298119563162
2299,2307,-0.804245234981012
2299,2312,-0.0720503427155569
2299,2975,-1.61854113899873
2299,3215,-0.443492870796225
2299,3364,-2.17837850345599
2299,3484,-1.70203751601711
2299,3533,-1.14081101195632
2299,3554,-0.902152473016101
2299,3714,-1.44586395106097
2299,3846,-0.500928433062371
2299,3945,-1.11487202876003
2300,2301,1.42756737556583
2300,2303,1.81214905232462
2300,2304,1.19555127305158
2300,2308,-0.0054787580705598
2300,2310,1.43128905166454
2300,2383,1.63309201439472
2300,2635,1.14976500149769
2300,3098,1.38479331770443
2300,3253,1.4442197314655
2300,3572,2.1154336454009
2300,3689,2.61241374295548
2300,3940,0.387739360971194
2300,3964,0.724659774753345
2301,2305,-0.0437052996231065
2301,2306,-1.22882356325981
2301,2312,0.338231674333354
2301,2657,-1.00300893770887
2301,2684,0.008100843387855
2301,2749,0.926773587499065
2301,3200,-0.794426081465522
2301,3256,0.419170375941505
2301,3440,-0.508740361939723
2301,3739,-0.726905113016709
2301,3787,-0.668227465027987
2302,2305,-0.257879700135644
2302,2315,-1.71316197857916
2302,2398,-0.704218660500571
2302,2421,-1.0254100307216
2302,3202,-0.83869996396967
2302,3331,-1.27896366412385
2302,3405,0.330009077403603
2302,3475,-1.52272244086411
2302,3705,-0.723240748708974
2302,3753,-0.599400321150376
2302,3976,-1.20682594455831
2303,2306,-1.61340524001859
2303,2313,-1.95512934217342
2303,2316,-2.45656163014639
2303,2318,-1.29358001429018
2303,2408,-0.268950811599821
2303,2692,-0.913338281450329
2303,3066,-1.13293025396614
2303,3281,-0.520378913768044
2303,3760,-0.239775299167605
2303,3956,-1.24648500741945
2304,2308,-1.20103003112214
2304,2311,-1.07665375503799
2304,2657,-0.770992835194623
2304,2752,-0.8655163087753
2304,3098,0.189242044652844
2304,3186,0.100116711480345
2304,3214,1.11934884757879
2304,3239,-0.02522121886225
2304,3430,-0.517989555032413
2304,3452,-0.874131792871287
2305,2307,-0.350257918308995
2305,2315,-1.45528227844352
2305,2437,0.0856811126046899
2305,2488,0.492235373720777
2305,2535,-0.738850866004913
2305,2666,-0.673941216604171
2305,2772,-1.01532686014235
2305,2889,-0.35082204443602
2305,2949,-0.438092472513366
2305,3265,0.850997698147418
2305,3403,-0.226211851333547
2305,3420,-0.0127112461596011
2305,3996,-0.472828346682453
2306,2307,0.834860345327705
2306,2308,-0.204222570376587
2306,2310,1.23254523935851
2306,2312,1.56705523759316
2306,2313,-0.341724102154829
2306,2314,0.701126631538664
2306,2317,1.59342265561805
2306,2563,1.77931970270548
2306,2804,0.565720914928063
2306,2852,0.615271062727679
2306,3191,1.62338959343051
2306,3343,0.340766624237002
2306,3482,1.27454357184886
2306,3686,1.02572436671144
2306,3691,1.49768238967016
2306,3752,1.41922518737064
2306,3822,0.834551112913256
2306,3969,1.11448806124033
2307,2312,0.732194892265455
2307,2316,-1.6780167354555
2307,2317,0.758562310290348
2307,2368,-0.561290958747669
2307,2598,-0.225689934174611
2307,2734,0.498486430988162
2307,2799,0.975828203445713
2307,3095,1.47035056702839
2307,3149,-0.0529557879454025
2307,3240,-0.147482589836444
2307,3326,-0.327399972534843
2307,3623,-0.615331522211703
2308,2310,1.4367678097351
2308,2311,0.12437627608415
2308,2315,-0.0659414444302348
2308,2317,1.79764522599464
2308,2318,0.524047796105
2308,2320,0.899119934965893
2308,2361,1.17080841553047
2308,2522,1.662964857276
2308,2848,0.694805361102014
2308,2973,0.244938891280006
2308,3705,0.923979785439957
2308,3855,-0.129768628376394
2309,2315,-1.37677507896339
2309,2316,-1.94976745428437
2309,2318,-0.786785838428156
2309,2319,0.366943667259158
2309,2320,-0.411713699567263
2309,2428,1.43974042333699
2309,2602,-0.285694701739948
2309,2610,-0.777311567756781
2309,2809,0.127735546913427
2309,2964,-1.04751236068529
2309,3393,-0.26233467962734
2309,3495,0.597661380504274
2309,3498,-0.751554698895029
2309,3950,0.844478518886644
2310,2313,-1.57426934151334
2310,2317,0.360877416259542
2310,2320,-0.537647874769205
2310,2321,-0.0943734445549463
2310,2332,-1.35332906093186
2310,2451,0.64454429087852
2310,2612,-0.690930193361232
2310,3475,-1.31226971645028
2310,3632,-1.40920185591489
2310,3688,-0.177489593262392
2310,3874,0.151565433969635
2310,3969,-0.118057178118177
2311,2312,1.6469015318856
2311,2313,-0.261877807862391
2311,2320,0.774743658881743
2311,2322,-0.466306502540245
2311,2387,-0.0644094648730253
2311,2473,0.619933467302759
2311,2893,1.81752297645924
2311,3183,2.30422023028406
2311,3536,0.339672624920955
2311,3726,0.989024040331986
2311,3787,0.640442392524256
2311,3921,1.22538770029976
2312,2314,-0.865928606054495
2312,2316,-2.41021162772096
2312,2318,-1.24723001186475
2312,2321,-0.428883442789594
2312,2325,-1.07464244234478
2312,2617,0.0870661799075548
2312,2751,-0.966648756498369
2312,3139,-0.937320508521464
2312,3444,-1.57458437793767
2312,3615,-1.11597695114237
2312,3622,-0.69061349446358
2312,3830,-0.766657870115537
2312,3906,-1.51805614447849
2313,2318,0.661549327883241
2313,2321,1.47989589695839
2313,2322,-0.204428694677854
2313,2324,1.48634518949039
2313,2325,0.834136897403205
2313,2326,1.56343093436178
2313,3005,0.515998275754527
2313,3160,0.139030921015818
2313,3645,1.11475521459134
2313,3695,1.85803143127878
2313,3826,1.07734478061462
2313,3932,0.639711162623699
2313,3990,-0.376329161078697
2314,2348,-0.429379941068382
2314,2401,0.421931024252469
2314,2593,1.97053048848507
2314,2898,-0.490767256380707
2314,2949,0.0458991595846686
2314,3178,-0.051228826329954
2314,3563,-1.08117600521778
2314,3570,1.33864437415976
2314,3583,1.25969772174557
2314,3772,0.0841872303976398
2315,2316,-0.572992375320975
2315,2318,0.589989240535234
2315,2322,-0.275988782025861
2315,2323,1.67137686623262
2315,2326,1.49187084701377
2315,2327,0.320081529890986
2315,2328,0.417991061494732
2315,2576,1.72061098351357
2315,2599,0.751132288730259
2315,2776,1.62914207754687
2315,3347,1.43796437573014
2315,3363,-0.0631732990289122
2315,3814,0.524561545012578
2315,3845,1.564611598379
2315,3937,0.484350068199238
2316,2318,1.16298161585621
2316,2322,0.297003593295114
2316,2324,1.98777747746336
2316,2325,1.33556918537617
2316,2326,2.06486322233475
2316,2327,0.893073905211961
2316,2329,0.83359949369963
2316,2334,2.29042109625411
2316,2936,1.60447628449865
2316,3259,2.47120139305161
2316,3284,2.60167089536775
2316,3415,3.40391354894951
2316,3614,3.64727985729288
2316,3623,1.0626852132438
2316,3732,-0.289354869769918
2316,3988,2.98255966419035
2317,2318,-1.27359742988964
2317,2321,-0.455250860814488
2317,2322,-2.13957545245074
2317,2324,-0.44880156828249
2317,2326,-0.371715823411101
2317,2327,-1.54350514053389
2317,2345,-0.009414224544959
2318,2319,1.15372950568731
2318,2320,0.375072138860893
2318,2324,0.82479586160715
2318,2327,-0.269907710644249
2318,2328,-0.171998179040502
2318,2329,-0.329382122156579
2318,2363,2.3942650225597
2318,2550,0.273724323240326
2318,3097,1.29580593228979
2318,3680,1.05891476503177
2318,3703,0.828155128930378
2318,3865,1.61946102819764
2319,2321,-0.335382936612162
2319,2330,-1.00741093885423
2319,2381,0.0601513125917133
2319,2602,-0.652638368999105
2319,3432,-1.24434432614478
2319,3607,-1.51460656177693
2319,3694,-0.222376733263664
2319,3804,0.154611961512143
2319,3870,-1.04510360973345
2319,4000,-0.697455232321252
2320,2322,-1.24105016142199
2320,2327,-0.644979849505142
2320,2331,-1.62635013455983
2320,2628,0.796069839738484
2320,3079,-0.456298433157554
2320,3640,-0.632718555882137
2320,3645,0.0781337478472015
2320,3663,0.816684797151607
2320,3698,1.61245546000252
2320,3743,1.13779364361592
2320,3769,0.275048856056283
2320,3967,0.332724199951655
2321,2325,-0.645758999555189
2321,2326,0.0835350374033867
2321,2327,-1.0882542797194
2321,2330,-0.672028002242065
2321,2569,-0.925528558187454
2321,2712,-0.746231145438841
2321,2919,-0.328599748203989
2321,2988,-0.0209432025772422
2321,3032,0.385272816471959
2321,3066,-0.657696808751114
2321,3088,-0.337785880475204
2321,3111,0.518078133129278
2321,3166,-0.13454284200224
2321,3204,-0.358450157616402
2321,3584,0.0099604696110201
2322,2324,1.69077388416825
2322,2326,1.76785962903963
2322,2328,0.693979843520593
2322,2332,0.42536897525933
2322,2476,1.51658601042263
2322,2747,1.82897296639821
2322,3318,1.52671833590747
2322,3393,1.39042918136191
2322,3828,0.656439835930686
2322,3857,1.14400889021214
2322,3926,1.97350197578556
2323,2324,-0.256591764090237
2323,2326,-0.179506019218848
2323,2327,-1.35129533634164
2323,2328,-1.25338580473789
2323,2332,-1.52199667299915
2323,2333,-1.85497992786231
2323,2336,0.0413735790387894
2323,3308,-0.255727867235215
2323,3696,-1.75470715602585
2323,3705,-0.68145563636243
2323,3774,-0.839936899615171
2323,3844,-0.482374211540375
2323,3869,-1.04269325850853
2324,2325,-0.652208292087187
2324,2326,0.0770857448713886
2324,2333,-1.59838816377208
2324,2335,-0.244050381932044
2324,2337,0.691772872154317
2324,2395,-0.559991914161473
2324,2656,0.400968190558163
2324,2904,0.0170087342397643
2324,3434,-0.526180787041239
2324,3502,-0.589101954860412
2324,3948,0.347116131941258
2325,2329,-0.501969691676542
2325,2330,-0.0262690026868766
2325,2337,1.3439811642415
2325,2338,1.03625723331171
2325,2745,0.960631534179194
2325,2791,0.863224413234092
2325,2850,0.125123994528184
2325,3148,0.544463969791886
2325,3754,0.18814797463975
2325,3795,0.601273224314271
2325,3868,0.479025058216087
2325,3947,0.54681094846964
2326,2328,-1.07387978551904
2326,2330,-0.755563039645452
2326,2581,-0.567415756111869
2326,2732,-0.355426176777688
2326,2821,-0.244195025436951
2326,2910,-0.349001665641865
2326,2979,-0.158333193348602
2326,3140,-0.46426824519253
2326,3233,-0.483184207439952
2326,3574,0.599442008060844
2326,3953,0.024802518737302
2327,2334,1.39734719104215
2327,2335,0.850653190319355
2327,2337,1.78647644440572
2327,2338,1.47875251347592
2327,2375,2.08815358838436
2327,2658,2.55480584056816
2327,3072,0.715819387289926
2327,3085,-0.556448641650521
2327,3260,0.0541757472139826
2327,3597,0.666872960792364
2327,3705,0.669839699979206
2328,2337,1.68856691280197
2328,2392,0.290059723923714
2328,2438,0.115040869370219
2328,2657,0.0779875788630212
2328,2862,1.77478263897372
2328,2873,1.03534111847094
2328,2988,0.969401545538413
2328,3036,1.69910247564304
2328,3246,1.19708710424095
2328,3363,-0.481164360523644
2328,3533,0.350467521664483
2328,3665,0.647748789114153
2328,3719,1.45767158817693
2328,3914,1.38607173453511
2329,2335,0.910127601831685
2329,2337,1.84595085591805
2329,2338,1.53822692498825
2329,3339,1.45656858788554
2329,3888,0.155764969637352
2329,3967,1.03717846096913
2330,2333,-0.919910868998015
2330,2335,0.434426912842019
2330,2336,0.976442637903089
2330,2338,1.06252623599859
2330,2340,0.137286203004222
2330,3111,1.19010613537134
2330,3493,-0.0822899375381827
2330,3625,0.990451678472524
2331,2333,0.477685693534005
2331,2335,1.83202347537404
2331,2339,1.87554119831048
2331,2599,1.41242104389396
2331,2674,2.18125905338495
2331,2686,0.979628533197436
2331,2704,1.47084712818066
2331,2775,1.70711133367162
2331,2871,1.9483067875194
2331,3230,1.56649917632507
2331,3611,-0.260399524047602
2331,3672,1.35737318439608
2331,3714,1.12469439921827
2332,2333,-0.332983254863162
2332,2335,1.02135452697687
2332,2337,1.95717778106323
2332,2338,1.64945385013344
2332,2340,0.724213817139075
2332,2341,-0.128260343023239
2332,2342,1.4832650351938
2332,2343,1.64714354832554
2332,2344,0.0797915459409158
2332,2345,1.70479225264645
2332,2585,1.17340292518182
2332,2941,1.02854242313719
2332,3069,0.246437020178346
2332,3264,0.399242133111662
2332,3403,1.0796902338765
2332,3473,0.938420993725955
2332,3658,0.376628008088377
2332,3669,1.39494450460281
2332,3932,0.418770882042223
2333,2334,1.90103178256283
2333,2337,2.29016103592639
2333,2339,1.39785550477647
2333,2342,1.81624829005696
2333,2345,2.03777550750961
2333,2346,-0.07828474742509
2333,2638,1.32113349202489
2333,2760,1.61147002384667
2333,2783,1.0283816897516
2333,2856,0.67372256813594
2333,3130,1.59716589019888
2333,3185,1.29429994260608
2333,3323,2.24327676531719
2333,3433,0.544327254226527
2333,3650,0.897539838144563
2333,3762,1.96135100632354
2334,2337,0.389129253363564
2334,2340,-0.843834710560594
2334,2342,-0.0847834925058723
2334,2346,-1.97931652998792
2334,2626,0.706655032449023
2334,2705,-0.319946658016603
2334,2942,-0.0125738967265566
2334,3077,-0.629407198864288
2334,3139,-0.817529977054619
2334,3171,-0.420337306668006
2334,3313,-1.16737102039699
2334,3348,-0.254400640636359
2334,3567,-1.66301486506348
2334,3898,-0.0661961189181843
2335,2336,0.54201572506107
2335,2340,-0.297140709837797
2335,2344,-0.941562981035956
2335,2346,-1.43262252926512
2335,2347,0.573922289685226
2335,2355,0.832296248624177
2335,2438,-0.637702789345389
2335,2711,1.21899789206029
2335,3130,0.242828108358846
2335,3195,-0.42889264404257
2335,3620,-0.927239936853106
2335,3845,0.393876878168661
2335,3862,1.22707118430719
2335,3934,0.307613566490219
2336,2337,0.39380752902529
2336,2341,-1.69163059506118
2336,2342,-0.0801052168441463
2336,2346,-1.97463825432619
2336,2347,0.0319065646241559
2336,2498,-1.15278619738203
2336,2710,-0.187120021587325
2336,3112,-0.722066929793246
2336,3115,-0.901700776897886
2336,3275,-0.464781972249298
2336,3344,-0.159330816134796
2336,3402,-1.87362373985528
2336,3529,-0.21281960773236
2337,2339,-0.89230553114992
2337,2343,-0.310034232737693
2337,2345,-0.252385528416786
2337,2349,-0.914440473663803
2337,2350,-0.293036656010561
2337,2644,-0.821098973227785
2337,2918,-1.00449542376609
2337,3396,-2.32489734996542
2337,3969,-0.721905898249545
2338,2339,-0.584581600220127
2338,2340,-0.925240032994365
2338,2342,-0.166188814939643
2338,2343,-0.0023103018078998
2338,2547,-0.608366215053781
2338,2630,-1.36437385751833
2338,2668,-1.50911945565336
2338,2928,0.301215412087712
2338,3032,-0.0052254172845626
2338,3050,-0.98251823889291
2338,3134,0.192751317073748
2338,3170,0.342670457838369
2338,3316,-1.10849683522796
2338,3418,-0.252430663409972
2338,3962,-1.37616754167573
2338,3995,-1.48618835738169
2339,2347,0.530404566748786
2339,2348,-0.672341737869677
2339,2350,0.599268875139359
2339,2641,-1.79510799524249
2339,2971,0.0336179347336467
2339,2986,-1.05052028238465
2339,3228,-0.318498236515874
2339,3430,-0.465270522626818
2339,3486,0.747642731442379
2339,3665,-0.148512592537896
2340,2344,-0.644422271198159
2340,2351,-0.0332670942316987
2340,2353,0.185190817493784
2340,2387,-0.747685754731184
2340,2422,0.154993204008316
2340,2474,0.45529301612763
2340,2492,0.351057050889626
2340,3014,-0.211573833318969
2340,3149,0.17847456181658
2340,3286,1.22463698873235
2340,3298,0.236704447624649
2340,3304,0.22908847042805
2340,3438,0.37083577137562
2340,3608,1.15151468591762
2340,3674,-0.154912786441084
2340,3928,0.838586917037565
2341,2346,-0.283007659265013
2341,2348,0.520790855066874
2341,2354,1.14746853543806
2341,2430,0.583163767485144
2341,2532,0.676159209761437
2341,2826,-0.010726117302985
2341,2923,0.794818982438842
2341,2955,2.40176528358263
2341,3055,0.758814154980548
2341,3585,2.1659708593252
2341,3608,2.00398884607993
2341,3698,2.55639698918842
2342,2344,-1.40347348925288
2342,2346,-1.89453303748205
2342,2348,-1.09073452315016
2342,2350,0.180876089858876
2342,2353,-0.573860400560937
2342,2354,-0.46405684277897
2342,2518,0.195936604239083
2342,2997,0.295044138918995
2342,3110,0.551810303313266
2342,3136,0.30570729294286
2342,3493,-0.978627358597126
2342,3570,0.677289792077978
2342,3611,-2.55433350763857
2342,3782,-0.570912113882324
2342,3874,0.0216294597077038
2342,3983,-1.04356335875314
2343,2345,0.0576487043209076
2343,2347,-0.0518667316634413
2343,2363,1.18773052153593
2343,2437,-0.255560350510797
2343,2484,-1.84850037412736
2343,2615,-0.357306927418922
2343,2653,-0.870482197955484
2343,2793,-0.828034253587721
2343,3090,0.286311741838231
2343,3225,-0.149961265299539
2343,3250,-0.782871532486644
2343,3393,-0.682083342222958
2343,3581,0.70102738535866
2344,2346,-0.491059548229168
2344,2349,0.962945761458513
2344,2354,0.93941664647391
2344,2355,1.77385922966013
2344,2910,0.913697442197524
2344,3354,1.42091403962535
2344,3470,1.32630532092367
2345,2348,-1.31226174060281
2345,2350,-0.0406511275937755
2345,2351,-1.01384552973907
2345,2352,-1.78023333047175
2345,2717,0.59862620193173
2345,2734,-0.250661654757227
2345,2885,0.0919267053752495
2345,2966,0.562398800337501
2345,3083,-0.24052939081232
2345,3216,0.0095819178245875
2345,3628,0.0841378459781626
2346,2347,2.00654481895035
2346,2348,0.803798514331888
2346,2356,0.708751728677536
2346,2358,1.33938312953194
2346,2439,2.58202781655949
2346,2897,1.22079781595315
2346,3488,0.674956516433709
2346,3665,1.32762765966367
2346,3834,1.50927226582383
2346,3848,2.90124181831766
2347,2352,-1.67071789448741
2347,2354,-0.576068624247272
2347,2357,-0.228616599332874
2347,2359,-1.12245415945152
2347,2360,0.116541916769253
2347,2410,0.170045239889061
2347,2664,-0.148576332492477
2347,3622,-0.598051251959165
2347,3627,-2.16342008411235
2347,3782,-0.682923895350626
2347,3868,-0.503055141624281
2347,3948,0.0172442241880756
2347,3964,-0.948577032641427
2348,2349,0.650206795355794
2348,2350,1.27161061300904
2348,2351,0.29841621086374
2348,2359,0.0802921451669443
2348,2451,1.60534283976675
2348,2947,0.618379676511733
2348,2979,0.791626948388067
2348,3087,0.378011476868418
2348,3252,1.78851615847558
2348,3491,1.42300707139723
2348,3741,0.725454675312688
2348,3872,0.335854838831439
2349,2351,-0.351790584492053
2349,2354,-0.0235291149846034
2349,2360,0.669081426031922
2349,2539,0.243116392919739
2349,2630,-0.757657314784325
2349,2642,0.967615840073643
2349,3052,-0.20548884909042
2349,3059,-0.90642825108758
2349,3267,-0.492537062436662
2349,3381,-0.165093178017433
2349,3560,0.616528533074382
2350,2354,-0.644932932637845
2350,2357,-0.297480907723447
2350,2361,-0.576771458325435
2350,2995,-1.0909332107647
2350,3466,-0.303043252524458
2350,3524,-1.75207374898367
2350,3551,-0.730732108446271
2351,2352,-0.766387800732684
2351,2353,0.218457911725483
2351,2357,0.675713494421848
2351,2359,-0.218124065696796
2351,2362,-0.0002627832402443
2351,2364,0.987120182524099
2351,2702,0.0247495886147159
2351,2928,1.25972253931377
2351,2949,0.17686288978931
2351,3079,-0.331563969902271
2351,3430,-0.0913449956208814
2351,3749,-1.52379968271398
2351,3825,0.893569627846951
2351,3933,-0.333613669415198
2352,2361,1.16281074455254
2352,2533,1.91515326741535
2352,2676,1.29387590051577
2352,2724,-0.662410079327376
2352,2802,-0.214460987714107
2352,2902,1.31414168365794
2352,3090,2.00889636798908
2352,3340,1.18789882421557
2352,3453,0.0407139808005005
2352,3590,1.51659667231586
2352,3598,1.56108422315532
2353,2358,0.0187104926108292
2353,2360,0.802414098798492
2353,2362,-0.218720694965727
2353,2365,-0.672781868791605
2353,2384,-0.517147535043325
2353,2465,0.662343451665266
2353,2629,0.551922661557696
2353,2654,0.0306624582604485
2353,2659,0.823002432602594
2353,2715,0.842529124997231
2353,2891,0.423217985990391
2353,3015,-0.809790022187458
2353,3580,0.155592337319551
2353,3682,0.149965605756973
2353,3725,-0.685231702446502
2353,3875,0.678248547068257
2354,2365,-0.782585426573573
2354,2388,0.299432941887513
2354,2529,-0.490136256577167
2354,2538,1.16098438216403
2354,2952,0.78936411343122
2354,3303,0.206820908889073
2354,3865,1.04086188308458
2354,3910,1.13924561024917
2354,3954,0.0597098573219658
2355,2357,-0.486990558271825
2355,2363,0.981223294260418
2355,2364,-0.175583870169574
2355,2366,-0.419681419670501
2355,2368,-1.45929756744766
2355,2455,-1.6987477155202
2355,2630,-1.56857078298594
2355,2645,-0.494809068367923
2355,2661,0.167916952727384
2355,2741,-1.02193554582254
2355,3341,-1.15978412215841
2355,3784,-2.04999932072248
2356,2357,1.06917649093994
2356,2358,0.630631400854405
2356,2360,1.41433500704207
2356,2361,0.789885940337953
2356,2363,2.53739034347218
2356,2804,0.389021010112132
2356,2810,-0.429931672309882
2356,2939,-0.142697550013049
2356,2994,1.22200451103725
2356,3444,-0.184229045160439
2356,3556,2.22144562450922
2356,3982,0.598303194244735
2357,2361,-0.279290550601987
2357,2363,1.46821385253224
2357,2364,0.311406688102251
2357,2367,-0.0089765418345514
2357,2369,-0.277213442645482
2357,2414,-0.845673475948631
2357,3000,0.651772385769543
2357,3226,0.730248019453802
2357,3240,-0.55849864026461
2357,3512,0.859987128632419
2357,3756,-0.452672770222839
2357,3976,-1.00970437654183
2358,2359,-0.455292470033108
2358,2363,1.90675894261778
2358,2367,0.429568548250985
2358,2589,-0.988222059123198
2358,2751,-0.206924824575545
2358,2863,-0.736024653834125
2358,3227,0.0936635132394483
2358,3416,-0.71243657733769
2358,3627,-1.49625839469394
2358,3851,0.484618994103898
2359,2367,0.884861018284092
2359,2370,0.251730317026052
2359,2372,0.0223033227484166
2359,2391,-0.471058249531278
2359,2439,1.69793715706065
2359,2495,0.179452843920822
2359,2730,1.49339889876991
2359,3026,-0.0206141306498363
2359,3070,0.0139572799445454
2359,3096,0.766296451016059
2359,3271,0.902162555172627
2359,3388,-0.190116633889921
2359,3601,1.1262032113973
2359,3933,-0.115489603718403
2360,2362,-1.02113479376422
2360,2363,1.12305533643012
2360,2372,-1.21669275347235
2360,2701,-1.25647243835568
2360,2899,-0.890935277114779
2360,3268,-0.945341370222417
2360,3386,-0.443234154480447
2360,3409,-0.164999738079945
2360,3881,-1.35536677841254
2360,3946,-1.86197687135138
2360,3980,-1.12528815602626
2361,2365,-0.850746900885983
2361,2372,-0.59224368676824
2361,2426,0.139606931611318
2361,2949,-0.219560054030551
2361,3045,-0.458555477853173
2361,3203,0.916067623353921
2361,3389,-1.12006137627379
2361,3406,-0.864426316023603
2361,3483,0.253255167791241
2361,3487,-0.15547084891593
2361,3633,0.0988241681012458
2361,3634,0.652020419504433
2361,3728,-0.62683768642747
2361,3904,-0.720741913054051
2362,2365,-0.454061173825878
2362,2369,0.39876283501661
2362,2454,-0.661417005052038
2362,2824,1.73441788292292
2362,2868,0.264415386981374
2362,3165,-0.185181334085985
2362,3335,1.12407934005966
2362,3525,-0.0935742929433318
2362,3586,-0.0632609709859769
2362,3786,-0.229400380008649
2362,3933,-0.333350886174954
2362,3935,-0.6573587583949
2363,2364,-1.15680716442999
2363,2379,-1.89524317305279
2363,2507,-2.34555073242829
2363,2616,-1.81481615174733
2363,2737,-1.93633298100364
2363,2812,-2.69464326274318
2363,3293,-1.20378065719598
2363,3719,-1.10859161342328
2363,3757,-1.99301371892705
2364,2365,-1.44144413959022
2364,2368,-1.28371369727809
2364,2369,-0.588620130747734
2364,2373,-0.0003119000920036
2364,2549,-0.662498437642487
2364,2835,-0.448565631884566
2364,3074,-0.673674371211247
2364,3079,-1.31868415242637
2364,3201,-2.03858293493586
2364,3547,-1.08140980269886
2364,3571,-0.0261597710624553
2364,3720,-1.35658505871582
2364,3769,-0.587336863212534
2365,2366,1.19734659008929
2365,2370,0.487930208395378
2365,2371,-0.108440599369008
2365,2704,0.423555413942242
2365,2957,-0.770832100663679
2365,2982,0.579806762772484
2365,3191,1.50755064916261
2365,3777,1.5034559981445
2365,3792,0.608307733862663
2365,3861,0.793722179535182
2365,3896,0.97325089390545
2365,3946,-0.38678090376128
2366,2369,-0.344522581246806
2366,2370,-0.709416381693916
2366,2371,-1.3057871894583
2366,2375,0.824885569111324
2366,2379,-0.494338459121872
2366,2606,0.357257957695612
2366,3006,-0.0735627251463503
2366,3014,-0.921329372110442
2366,3112,-0.592666033685852
2366,3721,-0.225543221796734
2366,3856,-1.21727562935731
2367,2368,-0.963330467341284
2367,2375,0.9011712495472
2367,2604,-1.48007925923668
2367,2933,-0.445529557870139
2367,2963,0.312533582090011
2367,2982,-0.541254146880935
2367,3342,-0.238459065984571
2367,3534,-0.713385952586309
2367,3578,-0.63266981361424
2367,3608,0.518044827562022
2367,3757,-0.51582332456026
2367,3765,-0.0531963598055639
2367,3898,0.144168733286811
2367,3948,0.254837365355501
2368,2369,0.695093566530353
2368,2375,1.86450171688848
2368,2376,1.34871838422987
2368,2377,0.436573559118222
2368,2379,0.545277688655286
2368,2518,1.28484843127949
2368,3154,-0.0268017758153633
2368,3407,2.29284101652685
2368,3520,-0.389628688032227
2368,3601,1.2046726604545
2369,2510,-1.60101116159557
2369,2521,-0.10181299084599
2369,2652,1.04736701021593
2369,2653,-0.312785424313687
2369,2791,0.386974255372079
2369,2854,0.376501804917098
2369,2977,-0.0294449907758498
2369,3288,-0.0673495806306801
2369,3333,0.0771512559488716
2369,3523,-0.507499945818911
2369,3926,0.458686225842494
2370,2375,1.53430195080524
2370,2376,1.01851861814662
2370,2378,0.648364552987258
2370,2379,0.215077922572043
2370,2382,0.975473691901422
2370,2453,0.655286067783785
2370,2643,-0.181186950628961
2370,2777,0.12734791947539
2370,2782,-0.0701403650981634
2370,3024,-0.536617943302187
2370,3033,-0.522205645564526
2370,3303,0.501476127067267
2370,3465,0.654596281725833
2370,3905,0.640457211590194
2370,3933,-0.367219920744455
2370,3980,-0.138022396831545
2371,2372,0.366943813486752
2371,2374,0.770982488873197
2371,2376,1.61488942591101
2371,2379,0.81144873033643
2371,2381,1.52630769910855
2371,2383,1.4269498571898
2371,2541,0.128906996262231
2371,2675,0.626662440510178
2371,3023,0.29139714605975
2371,3359,-0.473184663189477
2371,3492,0.586838264525609
2372,2375,1.76372894508288
2372,2376,1.24794561242426
2372,2378,0.877791547264893
2372,2752,-0.243051006415389
2372,2945,0.618785266507973
2372,3078,1.76635715321397
2372,3425,0.174153692167878
2372,3461,-0.189773714084109
2372,3581,1.8530449537252
2373,2374,-0.778590349994029
2373,2522,-0.0982288968667049
2373,2531,-0.704288871561257
2373,2974,-1.33135477356355
2373,3155,-0.895831789691715
2373,3285,-1.31546486288144
2373,3381,-0.800110875957475
2373,3474,-1.79039846820892
2373,3977,-0.763477454060119
2374,2385,-0.364786117166606
2374,2521,0.0884691284923091
2374,2745,0.674663495655481
2374,2959,-1.13842529269337
2374,3000,1.11926794775332
2374,3036,1.06854868855887
2374,3042,-0.887383229302094
2374,3164,0.283111075303699
2374,3235,0.10541434231835
2374,3444,-0.785909974116598
2374,3648,-0.0240103129163946
2374,3806,0.237121308784659
2374,3819,-0.400753239441927
2375,2376,-0.515783332658616
2375,2378,-0.885937397817982
2375,2379,-1.3192240282332
2375,2381,-0.604365059461079
2375,2641,-2.98909067037105
2375,2866,-1.5133972096755
2375,3029,-0.603779345938734
2375,3149,-1.35616654608622
2375,3236,-0.660108487752812
2375,3282,-1.86926400117959
2375,3460,-0.382318561814931
2375,3464,-0.538992324068176
2375,3906,-2.08907201035385
2376,2377,-0.912144825111646
2376,2388,-0.424430458080918
2376,2553,-0.633933686394179
2376,2669,-0.147607439802712
2376,2740,-0.527353970659841
2376,2761,-0.251909969681001
2376,3690,-1.10913332162743
2376,3707,-2.29147311643034
2376,3914,-0.0883889895868864
2376,3915,-1.34123670798126
2377,2390,0.511245151446011
2377,2437,0.560656430543131
2377,2706,-0.222478691786458
2377,2965,-0.0536907956096941
2377,3359,-1.17592926398884
2377,3749,-1.66377972707822
2377,3826,0.0254777327615382
2378,2379,-0.433286630415215
2378,2382,0.327109138914164
2378,2386,0.255004300874801
2378,2387,-1.396389464816
2378,2389,-1.53518800754773
2378,2676,-0.154482704533433
2378,2681,0.029990276533532
2378,3178,-0.602235900441827
2378,3243,0.403143031011213
2378,3373,0.623789895271428
2378,3410,-0.26613327483385
2378,3479,0.155440728908509
2378,3939,-0.0453460357623191
2379,2382,0.760395769329378
2379,2384,-0.547373797219142
2379,2385,-0.405252358629839
2379,2386,0.688290931290016
2379,2387,-0.963102834400785
2379,2388,0.379010237493663
2379,3262,0.334981167064704
2379,3608,0.93609760624802
2379,3785,-0.32589743390065
2380,2384,-0.0109303399182759
2380,2386,1.22473438859088
2380,2388,0.915453694794529
2380,2389,-0.565457919831651
2380,2620,0.0204512728048198
2380,2621,0.454144433417912
2380,2717,1.90023101507037
2380,2930,1.53019352007255
2380,2949,0.464622173188877
2380,3184,0.577087374067465
2380,3657,-0.0827346174956782
2380,3918,0.280890186360878
2381,2385,-1.12011132740196
2381,2386,-0.0265680374821012
2381,2388,-0.335848731278454
2381,2876,-1.43690116793443
2381,2913,-0.930089117029053
2381,3343,-1.19293941977044
2381,3689,0.879963886642017
2381,3811,-0.228654807302762
2382,2389,-1.8622971464619
2382,2394,-1.39454363827228
2382,2738,-0.790314048692844
2382,2794,-0.78371884495968
2382,2799,0.231445704208717
2382,2955,0.573478274421336
2382,3010,-1.62145279990978
2382,3048,-0.149515447350124
2382,3232,-0.899159474875714
2382,3586,-1.0726036974569
2382,3900,-1.30263744634902
2382,3930,-0.550141439094548
2383,2387,-1.57860396125415
2383,2388,-0.236490889359706
2383,2391,-1.55336761598274
2383,2392,-0.996461431477067
2383,2554,-0.585020505696443
2383,2892,0.217978339415592
2383,3582,0.402017922515329
2383,3695,0.0819591270352613
2383,3792,-0.710201523958128
2384,2389,-0.554527579913375
2384,2392,0.166413492595444
2384,2458,0.96247239292926
2384,2475,-1.30599329468131
2384,2522,1.18726900888323
2384,2667,1.77125013953667
2384,2982,0.424172429024204
2384,3174,1.09248355328375
2384,3208,-0.184397156540156
2384,3341,0.301609553853101
2384,3530,-0.880735303429181
2384,3548,1.41335660276005
2385,2388,0.784262596123502
2385,2389,-0.696649018502678
2385,2391,-0.532614130499534
2385,2413,0.98668283893075
2385,2441,-0.225968268056439
2385,2553,0.574759367810241
2385,2804,0.152126198322579
2385,2923,0.132180101236767
2385,2983,0.710751834960373
2385,2998,0.0513047613928296
2385,3433,-0.323034538815472
2385,3703,0.734385638053308
2385,3975,-0.0377182295458283
2386,2389,-1.79019230842253
2386,2395,-0.922508833351249
2386,2397,-0.657641947074756
2386,2525,-0.362701088351737
2386,2667,0.535585411027508
2386,2993,-1.17876488962032
2386,3164,-0.44564609744955
2386,3617,-0.762147309230361
2386,3745,-1.2301338326416
2386,3756,-0.713934380992306
2387,2390,1.36564385630973
2387,2393,1.18323926887222
2387,2398,0.883035062437235
2387,2917,0.772779108483716
2387,3247,0.310221375373169
2387,3286,1.97232274346354
2387,3920,1.46369340546765
2388,2389,-1.48091161462618
2388,2395,-0.613228139554896
2388,2396,-1.45885314892248
2388,2398,-0.459078009457214
2388,2511,-0.624045695856251
2388,2515,-0.52238962713392
2388,2661,0.702926594026094
2388,3295,0.0158500936105861
2388,3323,0.591652376151687
2388,3506,-0.546311582200818
2388,3763,-1.53106619481048
2388,3807,-0.455812759872045
2389,2390,1.50444239904146
2389,2392,0.72094107250882
2389,2394,0.467753508189619
2389,2395,0.867683475071284
2389,2397,1.13255036134778
2389,2513,1.92107058347355
2389,2683,0.63803050671256
2389,2896,1.3826742159923
2389,3070,0.649050417478967
2389,3090,2.09572577048761
2389,3193,0.700594763156372
2389,3307,0.959770411855401
2389,3481,0.838974686922827
2389,3638,0.816238600616533
2389,3968,-1.50283850984118
2390,2394,-1.03668889085185
2390,2397,-0.371892037693687
2390,2398,-0.482608793872497
2390,2475,-2.2559081138094
2390,2777,-0.4902710250056
2390,2877,-1.88038229245559
2390,2988,-0.104159504917946
2390,3117,-0.811838716474298
2390,3368,0.307586550813358
2390,3623,-1.00185927402827
2390,3659,-0.310996547709864
2390,3990,-1.93944136037779
2391,2394,0.303718620186474
2391,2395,0.70364858706814
2391,2396,-0.141976422299446
2391,2400,0.888482871849344
2391,2403,1.69418587037058
2391,2455,0.153138652401542
2391,2597,1.59009068227815
2391,2638,0.98638582948243
2391,2816,0.539213062658283
2391,3119,1.77511054464592
2391,3534,0.642533315229062
2391,3765,1.30272290800981
2391,3771,1.10922890478963
2392,2437,0.832912605629764
2392,2567,1.30300063626943
2392,2933,0.353483525439556
2392,2996,0.322539757563496
2392,3258,1.45411921731473
2392,3262,0.715941471688401
2392,3687,1.07743587264452
2392,3848,1.93130322384443
2393,2394,-0.854284303414333
2393,2395,-0.454354336532667
2393,2398,-0.300204206434985
2393,2399,-0.258500301155564
2393,2400,-0.269520051751464
2393,2406,-0.395749100187659
2393,2492,-0.0844964632514094
2393,2625,-1.07700581368444
2393,3541,-0.405016434682214
2393,3642,0.0407183845958656
2393,3985,-0.132908297773632
2394,2395,0.399929966881666
2394,2397,0.664796853158158
2394,2404,1.06521744001197
2394,2568,0.224111898663184
2394,2730,1.66073852811472
2394,2850,0.432837583484137
2394,3019,1.06082219220475
2394,3355,0.529426143373233
2394,3616,0.238152730418074
2394,3922,0.47552781917163
2394,3924,0.393212799641608
2395,2399,0.195854035377104
2395,2407,1.0738105563327
2395,2411,1.95806771345953
2395,2835,0.524088278799466
2395,2869,0.851028348974449
2395,2980,-0.399595827320231
2395,3021,0.207364021630325
2395,3325,0.899052374612762
2395,3524,-0.793345618678445
2396,2401,1.38405349198463
2396,2403,1.83616229267003
2396,2409,2.34311638366583
2396,2683,0.615972041008862
2396,2766,1.56021359537152
2396,2859,1.31967538370125
2396,3403,1.21990224849665
2397,2398,-0.11071675617881
2397,2402,-0.0054205528246346
2397,2404,0.40042058685381
2397,2405,-0.166396056660117
2397,2406,-0.206261649931484
2397,2407,0.808943670056209
2397,2609,0.332751209696594
2397,2930,0.963101078556421
2397,3162,-0.801161083622571
2397,3301,0.11128104610087
2397,3346,-0.765849897680515
2397,3550,-0.249801945000166
2397,3671,-0.38585584057414
2398,2399,0.0417039052794215
2398,2401,0.384278352519361
2398,2409,1.34334124420056
2398,2647,-0.801108614577742
2398,2944,-0.631706546196108
2398,2964,-0.679680599800489
2398,3050,-0.192627513604596
2398,3245,0.173716306910678
2398,3486,0.952951856510567
2398,3680,0.639960687488411
2398,3744,0.102592454606798
2398,3802,-1.24640649193944
2398,3848,1.63041069118429
2398,3981,0.667467476494748
2399,2402,0.063592298074754
2399,2405,-0.0973832057607283
2399,2406,-0.137248799032096
2399,2408,0.563971219867574
2399,2410,0.864055026426613
2399,2411,1.76221367808243
2399,2424,-1.37826532510768
2399,3351,0.0549160642374435
2399,3456,-0.0971800044326531
2399,3464,0.81859557084915
2399,3798,-0.255890869136673
2400,2401,0.35359419783584
2400,2402,0.0746120486706544
2400,2403,0.805702998521237
2400,2405,-0.0863634551648279
2400,2408,0.574990970463474
2400,2606,0.900980034097514
2400,2895,0.775693408471778
2400,3253,0.476012461204178
2400,3525,-0.293137632804846
2400,3658,-0.513619271440268
2400,3698,1.53788936663653
2401,2407,0.535382073715658
2401,2409,0.959062891681197
2401,2410,0.521480579186673
2401,2411,1.41963923084249
2401,2670,-1.02144622384653
2401,2727,-0.300240351683768
2401,2821,-0.145545849021132
2401,3076,0.131165397284789
2401,3258,0.768948332135222
2401,3851,0.168892643983101
2402,2409,1.23804504084638
2402,2410,0.800462728351859
2402,2412,-0.217121948554662
2402,2413,0.556202048910286
2402,2652,1.17195445670038
2402,2711,1.27549309083786
2402,2894,1.40166845510852
2402,2937,-1.35128636405857
2402,3217,-0.940847954164029
2402,3315,0.657018006876512
2402,3767,-0.0103191558349974
2402,3803,1.0284865035576
2402,3886,-0.886595468061623
2403,2405,-0.892066453686064
2403,2408,-0.230712028057762
2403,2410,0.0693717785012767
2403,2414,-1.17496353666929
2403,2415,-1.1183071222901
2403,2888,0.130871236840388
2403,2906,-1.95570706126645
2403,3455,-0.525276230510747
2403,3926,-0.147817277523647
2403,3957,0.203286040788439
2404,2406,-0.606682236785294
2404,2408,0.0945377821143757
2404,2410,0.394621588673414
2404,2412,-0.622963088233106
2404,2414,-0.849713726497152
2404,2417,-0.100807008365692
2404,2472,0.134209431408155
2404,2974,-1.02430023610182
2405,2409,1.39902054468187
2405,2412,-0.0561464447191797
2405,2413,0.717177552745768
2405,2415,-0.226240668604038
2405,2417,0.466009635148235
2405,2589,-0.863990756243329
2405,2699,-0.215833382696471
2405,2726,-1.27523590374951
2405,2727,0.1397173013169
2405,3143,0.190126064032139
2405,3176,0.484623952046707
2405,3721,0.404542309769995
2405,3821,0.470227857348565
2406,2417,0.505875228419602
2406,2419,-0.165298888609865
2406,2478,-0.228049314314461
2406,2539,0.521835469226718
2406,2804,-0.0775134945910351
2406,2978,-0.185850218844825
2406,3372,1.61753000768912
2406,3454,0.475852145036164
2407,2411,0.88425715712683
2407,2416,0.220366018892879
2407,2420,-2.0963687435974
2407,2463,-1.39334963072161
2407,2609,-0.476192460359614
2407,3005,-1.48416555590709
2407,3066,-1.17796474345434
2407,3310,0.129462147903183
2407,3552,-0.589583424443756
2407,3586,-1.15180058239899
2407,3602,0.312101393566497
2407,3685,-2.33757542304971
2407,3999,-0.520490754310246
2408,2410,0.300083806559039
2408,2411,1.19824245821485
2408,2915,0.498933554132659
2408,2968,-1.98419732752249
2408,3043,-0.837965408413662
2408,3421,-1.19907038287094
2408,3635,-1.55211344545556
2408,3807,-0.602409875561826
2408,3876,-0.732642073567084
2408,3930,-0.315353022948615
2408,3974,-0.798348901900672
2409,2410,-0.437582312494524
2409,2412,-1.45516698940104
2409,2417,-0.93301090953363
2409,2418,-1.67914300744221
2409,2429,-0.634268270628653
2409,2481,-1.55342724836519
2409,2713,-0.698515162117069
2409,2897,-1.39337455538079
2409,3519,-1.86836115767016
2409,3733,-1.53840423923361
2409,3752,-0.662895360101688
2410,2411,0.898158651655814
2410,2419,-1.16660271406857
2410,2423,-0.543170493365831
2410,2476,-0.674105021387855
2410,2532,-1.21742318981296
2410,2720,-0.555891869409419
2410,3030,-0.0108186586839652
2410,3854,-0.0714875005954339
2410,3902,-0.989330147711149
2410,3997,-1.02958990113142
2411,2412,-1.91574332856233
2411,2414,-2.14249396682638
2411,2420,-2.98062590072423
2411,2421,-2.12510895358288
2411,2422,-1.78427368705958
2411,2424,-3.14047900319011
2411,2573,-1.57434979594612
2411,2615,-1.37364408730036
2411,2790,-1.42020607981302
2411,2871,-1.52584286908474
2411,3402,-2.97373419602432
2411,3494,-2.45094624178213
2412,2416,1.25185219032838
2412,2417,0.522156079867415
2412,2636,0.102739634538761
2412,2657,-0.401138932520354
2412,2871,0.389900459477595
2412,3225,0.749444903381362
2412,3266,0.650055919639029
2412,3514,-0.184457823752155
2412,3621,-0.0180549468210118
2412,3885,0.356061508651801
2412,3980,-0.161206802239551
2412,3999,0.510995417125259
2413,2419,-0.922342034627001
2413,2421,-0.982689622485494
2413,2422,-0.641854355962196
2413,2485,0.78842055555915
2413,2532,-0.973162510371388
2413,2765,-0.539337260786214
2413,3676,-0.749744571379979
2413,3713,-1.18584214240095
2413,3776,-1.50438305695477
2414,2416,1.47860282859243
2414,2417,0.74890671813146
2414,2418,0.0027746202228795
2414,2421,0.0173850132435003
2414,2423,0.701164821804735
2414,2425,1.75166281672191
2414,2592,0.569073765757191
2414,2628,1.09076428452055
2414,2753,1.0445314791104
2414,3043,0.106286100197866
2414,3244,0.625115103181408
2414,3663,1.11137924193367
2414,3764,-0.663717612043147
2414,3774,0.161073032003389
2415,2416,1.42194641421324
2415,2420,-0.894788348277033
2415,2424,-1.05464145074291
2415,2426,0.649333442578775
2415,2449,0.21987779395593
2415,2772,-0.287067930692082
2415,2857,0.5028023334121
2415,2897,0.231886657905114
2415,3013,0.361229312905885
2415,3151,-1.09418553812541
2415,3583,1.5039650190978
2415,3629,0.0996647809287758
2415,3837,1.06461311862791
2415,3872,0.150742195115294
2415,3946,-0.727801293679807
2416,2423,-0.777438006787694
2416,2425,0.273059988129476
2416,2426,-0.772612971634468
2416,2428,0.667545739093893
2416,2567,-0.137918341518617
2416,2649,-0.403972808236587
2416,2988,-0.761577156173347
2416,3026,-1.54738104341228
2416,3337,-0.790482164180805
2416,3573,-0.256194541624765
2416,3712,-0.562442607684937
2416,3871,-0.441866945073854
2417,2418,-0.74613209790858
2417,2430,-0.814990035050147
2417,2560,-0.686404173528912
2417,2869,0.286547884209838
2417,3097,0.466521520079507
2417,3120,-0.372934446916833
2417,3220,-0.773599515097536
2417,3417,-1.08204464786026
2417,3495,0.555162806722143
2417,3720,-0.948411612796399
2417,3913,-0.16145662846143
2418,2419,0.0749579808791128
2418,2420,-0.840906554120726
2418,2423,0.698390201581856
2418,2424,-1.0007596565866
2418,2425,1.74888819649903
2418,2723,-0.379061810524468
2418,2836,0.697462214915342
2418,2911,0.327460822683762
2418,2915,1.44041044252131
2418,3181,0.0654384732466219
2418,3226,1.57314687517955
2418,3367,0.75208721662014
2418,3498,-0.0479211747685795
2418,3997,0.211970793816265
2419,2422,0.280487678664805
2419,2791,0.877701687573236
2419,3102,0.767363199260443
2419,3151,-1.11526172484822
2419,3216,1.11565482798845
2419,3421,-0.332551475361401
2419,3537,0.183237646892589
2419,3643,0.175626741132033
2419,3779,0.758929333936064
2419,3904,-0.2320915888094
2419,3917,1.91385122003166
2420,2423,1.53929675570258
2420,2424,-0.159853102465879
2420,2425,2.58979475061975
2420,2429,1.88578129093428
2420,2595,1.59329325350976
2420,2803,0.985987351346612
2420,3448,0.932955072941797
2420,3472,1.1924841434314
2420,3612,0.911951189301852
2420,3846,1.57610616133695
2420,3857,1.03578510747007
2420,3881,0.673597147536069
2421,2427,0.468201498539662
2421,2429,1.03026434379294
2421,2430,-0.0834683301621874
2421,2434,0.686934634405329
2421,2528,-0.862256605793346
2421,2603,0.48624571468918
2421,2843,1.00244197653492
2421,2862,1.50502175261089
2421,3147,0.581632255490757
2421,3238,1.27551914990608
2422,2425,1.39344253695511
2422,2811,-0.670246036125224
2422,3156,0.718822986859048
2422,3330,0.765056991087617
2422,3512,1.34744032481425
2422,3937,-0.544237146181621
2422,3999,0.379525775622507
2422,4000,0.0176762995204368
2423,2427,-0.215578310021573
2423,2428,1.44498374588159
2423,2436,-1.17660636804424
2423,2655,0.249821760356482
2423,2674,0.148438541802451
2423,2905,0.681372263549107
2423,3050,-0.555215951944799
2423,3165,-0.716648957604181
2423,3342,-0.102926953675227
2423,3432,-0.87215733634103
2423,3673,0.465391113676772
2424,2426,1.70397489332169
2424,2427,1.48357154814689
2424,2428,3.14413360405005
2424,2645,1.83584000221626
2424,2650,0.672004382850202
2424,2734,1.93112889287235
2424,3263,1.65920783514169
2424,3360,2.03171277452567
2424,3464,2.19686089595683
2424,3486,2.28951327633882
2424,3631,1.97662781184203
2424,3679,0.761563064029647
2424,3712,1.91414525727122
2424,3773,1.74182722849609
2425,2426,-1.04567295976394
2425,2434,-1.04734316907308
2425,2435,-2.50025034132501
2425,2436,-2.22710436296141
2425,2437,-0.881066360287757
2425,2438,-1.88899782047102
2425,2547,-1.23156192302284
2425,3053,-1.95991466090791
2425,3239,-1.18027949464584
2425,3337,-1.06354215231028
2425,3626,-0.249464115777962
2425,3847,-0.782321201637691
2425,3917,0.23992100441175
2426,2430,-0.772073173876649
2426,2431,0.113255076588573
2426,2436,-1.18143140319746
2426,2438,-0.843324860707072
2426,2439,0.94378321593268
2426,2863,-1.03488612492899
2426,3073,-1.64555061273108
2426,3204,-0.326471139578039
2426,3348,0.0866712887247543
2426,3415,1.45456438205651
2426,3446,-1.16223278896627
2426,3483,0.113648236179923
2426,3966,-0.83712702194562
2427,2433,0.794690004133224
2427,2436,-0.961028058022662
2427,2548,-0.945755905873685
2427,2652,1.13024053173592
2427,2708,-0.865902208982882
2427,2868,-0.0514739265152498
2427,3029,0.648502325939383
2427,3037,-0.582380272230048
2427,3120,-0.109614240568535
2427,3211,-0.365885889677447
2427,3407,1.68062097151649
2427,3588,0.102183883632985
2427,3674,-0.437272222465764
2427,3816,-0.952093629046049
2427,3886,-0.928309393026078
2428,2429,-1.09849921064989
2428,2430,-2.21223188460501
2428,2433,-0.865872051769937
2428,2436,-2.62159011392582
2428,2578,-3.71911875624025
2428,2814,-2.21590709448232
2428,2823,-1.85394583263589
2428,2852,-1.93108042476588
2428,3276,-1.3938330740664
2428,3837,-1.02487903467922
2428,3850,-1.25899257842188
2429,2433,0.232627158879949
2429,2442,-0.700215128526045
2429,2487,-0.518601457924584
2429,3048,-0.0181248796291004
2429,3065,-0.0135937674526751
2429,3148,-0.410975511803415
2429,3164,-0.386360367767888
2429,3227,-0.546857457933894
2429,3265,0.58826368494044
2429,3274,-0.393171405070322
2429,3466,-0.207538225888817
2429,3731,-1.192483557663
2429,3808,0.889132307877284
2429,3946,-1.71879423633706
2430,2435,-0.682504207684413
2430,2438,-0.0712516868304233
2430,2439,1.71585638980933
2430,2441,-0.146493154339509
2430,2769,0.964015753109072
2430,2806,-0.381641522617928
2430,2987,1.83519796830956
2430,3055,0.175650387495404
2430,3059,-0.318594368150056
2430,3148,0.70275716215171
2430,3364,-0.873392526035824
2431,2432,-0.412661115704818
2431,2434,-0.114925285897706
2431,2444,-1.07149319083666
2431,2565,0.693788456123939
2431,2575,-0.733861364618512
2431,2649,0.255385086809308
2431,2912,-0.573030290570632
2431,3035,-0.286840806744173
2431,3189,-0.285212955898472
2431,3319,-0.544883606351344
2431,3641,-0.447934236865805
2431,3771,-0.229238362458191
2431,3857,-0.621591759974314
2431,3947,-0.180224109635759
2432,2433,0.873692698074669
2432,2435,-1.15517134244482
2432,2436,-0.882025364081217
2432,2442,-0.0591495893313254
2432,2443,-0.149366823760044
2432,2444,-0.658832075131846
2432,2649,0.668046202514125
2432,2783,-0.232172124333872
2432,2919,0.0027853089506192
2432,2941,0.100971863914881
2432,3124,-0.255475269751938
2432,3235,0.0770084384414822
2432,3769,0.163159482996632
2433,2434,-0.575956868267557
2433,2436,-1.75571806215589
2433,2441,-1.49285298717458
2433,2443,-1.02305952183471
2433,2445,-1.31531322186463
2433,2446,-1.75344828835811
2433,2474,-0.621756424030274
2433,2889,-0.846183216522946
2433,3287,-0.508683167611828
2433,3608,0.0744652457597162
2433,3648,-0.926108914867931
2433,3702,-1.37462162384104
2433,3791,-1.21513496542263
2434,2435,-1.45290717225193
2434,2436,-1.17976119388833
2434,2437,0.16627680878532
2434,2442,-0.356885419138437
2434,2446,-1.17749142009056
2434,2685,0.699634235022647
2434,3210,2.11710319621995
2434,3436,-0.698434893939452
2434,3612,-0.630500392244823
2435,2437,1.61918398103725
2435,2439,2.39836059749374
2435,2440,1.87566141530842
2435,2441,0.536011053344904
2435,2445,0.713550818654856
2435,2548,0.288418130512577
2435,2577,1.39107920645914
2435,2886,1.83148241773101
2435,2946,1.25885649958055
2435,3231,1.42392438657592
2435,3261,1.53794166802947
2435,3481,0.904304989821493
2435,3988,2.48778787885841
2436,2437,1.34603800267365
2436,2438,0.338106542490389
2436,2440,1.60251543694482
2436,2441,0.262865074981304
2436,2445,0.440404840291256
2436,2594,-0.302001162332792
2436,3113,1.11291919970027
2436,3200,0.509636108226543
2436,3643,0.728800888473526
2436,3940,0.264234175097427
2437,2442,-0.523162227923757
2437,2444,-1.12284471372428
2437,2446,-1.34376822887588
2437,2449,-0.594062248099032
2437,2450,-0.206979399744547
2437,2502,-0.532461323439383
2437,2705,-0.143481328131677
2437,3255,0.288047284971183
2437,3798,-0.746207036826868
2437,3901,0.406349085847629
2438,2440,1.26440889445443
2438,2442,0.484769232259502
2438,2443,0.394551997830784
2438,2445,0.102298297800866
2438,2446,-0.335836768692616
2438,2451,1.6142216141789
2438,2466,1.33382975286749
2438,2613,0.46932026428191
2438,2821,0.714643890711871
2438,2824,2.04145008495857
2438,2866,0.361805977734891
2438,3023,0.035927574900513
2438,3043,0.243621103946976
2438,3442,0.401373220479106
2439,2448,-1.08461632671642
2439,2449,-1.37323886455552
2439,2538,0.0094327603076234
2439,2540,-1.73789495099063
2439,2684,-0.813051586050221
2439,3048,-0.620248595483305
2439,3307,-1.37325988273968
2439,3632,-2.22663260925426
2439,3812,0.25679185965581
2439,3880,-1.69045812010978
2440,2441,-1.33965036196352
2440,2442,-0.779639662194929
2440,2443,-0.869856896623648
2440,2448,-0.561917144531099
2440,2452,-1.4839450741775
2440,2453,-0.268221590065497
2440,2491,-1.21439731331543
2440,2771,-0.0271613670319995
2440,3216,0.0663135383851204
2440,3233,-0.788754185745562
2440,3366,-1.15969454187865
2440,3469,-1.03940299806284
2440,3876,-0.915464455660877
2441,2445,0.177539765309952
2441,2447,1.75219113996639
2441,2580,1.01933516849288
2441,2592,0.781650237015387
2441,2631,1.18886051062373
2441,2672,0.998352970291481
2441,2746,1.92478002215568
2441,3352,0.0581002462048368
2441,3376,1.98734493901299
2441,3464,1.4114523308513
2441,3783,-0.196650629732965
2442,2443,-0.0902172344287183
2442,2446,-0.820606000952118
2442,2447,1.1921804401978
2442,2450,0.31618282817921
2442,2451,1.1294523819194
2442,2558,-0.744379224582726
2442,3151,-1.38496335225662
2442,3156,0.729609038115454
2442,3508,-0.20560870040545
2442,3615,-0.296558861866839
2442,3647,0.0126452045188327
2442,3847,0.621907386573822
2442,3912,-0.104662640230334
2442,3982,0.027365950743034
2443,2445,-0.292253700029918
2443,2448,0.307939752092548
2443,2451,1.21966961634812
2443,2452,-0.61408817755385
2443,2455,-0.623300675381422
2443,2509,0.276056011693939
2443,2535,-0.211152516257127
2443,2711,1.46214868357489
2443,2848,-0.166837123163487
2443,3020,1.34926318214403
2443,3727,0.358254516298964
2444,2447,1.79186292599832
2444,2448,0.817405003464351
2444,2450,0.915865313979731
2444,2451,1.72913486771992
2444,2760,1.00974828489305
2444,2846,0.0004071094978343
2444,3107,1.57278834506982
2444,3119,1.50813646823475
2444,3592,0.914082367745937
2444,3621,0.460943948733163
2444,3862,1.9796872271936
2444,3949,0.632726063386394
2445,2448,0.600193452122466
2445,2449,0.311570914283362
2445,2450,0.698653762637846
2445,2454,-0.456683100817255
2445,2455,-0.331046975351504
2445,2456,0.68003869532209
2445,2457,-0.148602894919514
2445,2458,0.868779457086445
2445,2599,0.115802060064441
2445,2838,0.786550692233113
2445,3114,0.142693123056652
2445,3207,-0.678209099895134
2445,3420,0.807240803618102
2445,3608,1.38977846762435
2445,3945,0.159067337689687
2446,2453,1.33202407308155
2446,2455,0.107088091141978
2446,2749,2.22856600339336
2446,2857,1.03263052023301
2446,3047,0.584721334628537
2446,3157,1.22824897045753
2446,3188,0.0627378946901069
2446,3567,-0.142781306302675
2446,3627,-0.615958236389115
2446,3932,0.370955913103357
2447,2450,-0.875997612018589
2447,2451,-0.0627280582783996
2447,2452,-1.89648585218037
2447,2453,-0.680762368068367
2447,2458,-0.705871917569991
2447,2460,-1.65521422408967
2447,2635,-0.988796399323765
2447,2716,-1.86223164393593
2447,2810,-2.19304935600938
2447,3140,-1.18237900150101
2447,3261,-0.750260525281823
2447,3409,-0.513782414737378
2447,3458,-1.02265655643148
2447,3815,-1.24806512491802
2448,2451,0.91172986425557
2448,2455,-0.93124042747397
2448,2456,0.0798452431996241
2448,2460,-0.680756301555705
2448,2461,0.0191352970194951
2448,3012,-0.113592157411549
2448,3025,0.116749655568406
2448,3042,-1.07436206151147
2448,3065,0.46889884340954
2448,3714,-0.772118036733717
2448,3789,-0.0670034530556529
2448,3925,1.34311204021258
2449,2454,-0.768254015100617
2449,2455,-0.642617889634866
2449,2456,0.368467781038728
2449,2651,0.514483437076275
2449,2658,1.92798622750997
2449,2714,-0.906403781800149
2449,2947,0.213389238839658
2449,3001,1.45800599525471
2449,3167,-1.45006506965066
2449,3224,0.473145675457612
2449,3671,-0.213096909265915
2449,3871,0.760201675183458
2450,2452,-1.02048824016178
2450,2453,0.195235243950222
2450,2461,-0.079325013495885
2450,3002,1.07800989260683
2450,3117,-0.65427059582687
2450,3158,1.29405839969123
2450,3315,0.437273537005617
2450,3510,0.109842685374139
2450,3554,-0.326866869204227
2450,3750,-0.331029790883896
2450,3848,1.30537001795922
2450,3849,0.0552980221638152
2451,2452,-1.83375779390197
2451,2454,-1.96860641719529
2451,2457,-1.66052621129755
2451,2503,-1.44255178385272
2451,2606,-0.206646038184225
2451,2651,-0.685868965018399
2451,3014,-1.48523336799028
2451,3188,-1.88732048818141
2451,3367,-0.722024773586772
2451,3699,-0.461318555457503
2452,2453,1.215723484112
2452,2454,-0.134848623293323
2452,2459,1.37122168331172
2452,2461,0.941163226665893
2452,2462,1.60238792376508
2452,2463,0.221758362450119
2452,2691,0.773841329024969
2452,3429,-0.0822172637600074
2452,3925,2.26513996985898
2452,3997,0.571616597511321
2453,2455,-1.22493598193957
2453,2458,-0.0251095495016242
2453,2463,-0.993965121661882
2453,2465,0.191909044277708
2453,2466,0.337642448478552
2453,2535,-0.812787822815278
2453,2581,-0.604764144351981
2453,2667,0.783668197105782
2453,2713,0.124550164908197
2453,2788,0.900272055025335
2453,3098,-0.0730057150486658
2453,3353,0.353357599079919
2453,3419,-0.411092835591789
2453,3431,-0.80527829014954
2453,3647,-0.4987728676106
2453,3741,-0.261853854664094
2454,2459,1.50607030660504
2454,2464,0.206651513686086
2454,2606,1.76196037901107
2454,2795,-0.331879143066353
2454,2842,0.531156661103355
2454,2981,1.42413012253185
2454,3272,1.44381801213398
2454,3373,1.96744048788022
2454,3443,1.37196238940017
2454,3508,0.633545334870442
2454,3712,1.40788002767299
2455,2456,1.01108567067359
2455,2463,0.230970860277691
2455,2464,0.0810153882203356
2455,2467,0.463075603703619
2455,2500,1.18600702455141
2455,2589,-0.215009991960355
2455,2683,0.320856966307873
2455,2831,0.980627207690085
2455,3399,1.18064254108439
2455,3588,0.953854076715896
2456,2457,-0.828641590241604
2456,2464,-0.930070282453259
2456,2465,0.405759355543687
2456,2466,0.551492759744531
2456,2469,-0.662519385234294
2456,2484,-1.36734555655626
2456,2532,-0.61808986401624
2456,2848,-0.554622118455659
2456,3738,0.109181265698391
2456,3781,0.644827718959614
2456,3921,0.100336496826235
2457,2460,0.0680400454862752
2457,2461,0.767931644061475
2457,2465,1.23440094578529
2457,2467,0.280631523271629
2457,2468,1.33228944638308
2457,2890,-0.204915638574508
2457,3073,-0.755921154905363
2457,3508,0.3254651289727
2457,3634,1.40204294571883
2457,3887,2.71064505529468
2458,2459,0.180607748701344
2458,2460,-0.949342306519683
2458,2467,-0.736750828734329
2458,2468,0.314907094377121
2458,2469,-0.851260146998648
2458,2784,0.966646535097425
2458,2832,0.294560175417482
2458,3137,0.458022048177935
2458,3495,0.470326773715403
2458,3513,-0.767625667754288
2458,3570,0.805825334752981
2458,3647,-0.473663318108976
2458,3689,1.17972425970402
2458,3743,0.598745337259783
2458,3829,0.79257797385539
2458,3860,-1.06726214332618
2459,2462,0.231166240453359
2459,2464,-1.29941879291896
2459,2470,-0.248778957829972
2459,2471,-1.09924644620214
2459,2726,-2.00668932060583
2459,2837,-1.65552614598319
2459,3114,-0.906694082731136
2459,3241,-0.32426897352189
2459,3424,-0.257911082912867
2459,3615,-0.963475133195991
2459,3680,-0.0358134288866016
2459,3984,0.079449372712474
2460,2461,0.6998915985752
2460,2464,-0.16946873769793
2460,2465,1.16636090029902
2460,2467,0.212591477785354
2460,2468,1.2642494008968
2460,2473,0.255483808584565
2460,2486,0.557862065281246
2460,2668,-0.265052791519026
2460,2896,0.815016549669348
2460,2927,0.0442277977744451
2460,3245,0.627892245756693
2460,3347,0.883196996497559
2460,3366,0.0829789042081574
2460,3806,0.730898778130991
2460,3819,0.0930242299044055
2460,3936,1.21887485487522
2461,2468,0.564357802321605
2461,2471,-0.669187989556315
2461,2473,-0.444407789990634
2461,2474,0.0742280486923945
2461,2589,-1.16538571645382
2461,3466,0.255819087953904
2461,3517,-1.07193482024324
2461,3600,1.2657740935408
2461,3629,-0.427970847885754
2461,3698,1.32285786159087
2462,2466,-0.049021991174527
2462,2467,-1.14852481788903
2462,2468,-0.0968668947775818
2462,2470,-0.479945198283331
2462,2597,-0.174648391716049
2462,2650,-1.57149739380643
2462,3159,-0.130520987509057
2462,3352,-1.39999296534626
2462,3743,0.18697134810508
2463,2464,-0.149955472057356
2463,2468,1.28376266653738
2463,2469,0.117595425161609
2463,2472,1.11903597892736
2463,2545,0.571072490830412
2463,2738,0.523838697086674
2463,2782,0.268538688779933
2463,3188,-0.275321056729562
2463,3225,1.11130836266746
2463,3243,1.39018663787657
2463,3255,1.29375656242739
2463,3333,0.780724110274078
2463,3396,-0.753593489260723
2463,3997,0.349858235061202
2464,2465,1.33582963799695
2464,2477,2.09035046582109
2464,2683,0.239841578087538
2464,2731,1.39630604281832
2464,3554,0.621818480564788
2464,3830,0.685262740749795
2465,2466,0.145733404200844
2465,2467,-0.953769422513661
2465,2468,0.0978885005977895
2465,2472,-0.0668381870122259
2465,2474,-0.392241253031421
2465,2478,-1.03577916952014
2465,3331,-1.28692996507627
2465,3407,1.11544613838212
2465,3442,-0.786723128187536
2465,3646,-0.313241328753955
2465,3669,-0.176803581695312
2466,2476,-0.626264455335665
2466,2479,-1.37273477941854
2466,2678,-1.20303787913938
2466,2814,-1.26625327591437
2466,3385,-0.219577251841142
2466,3678,-0.0174570221397311
2466,3734,-0.297088860669833
2467,2469,-0.114509318264319
2467,2470,0.668579619605701
2467,2471,-0.181887868766469
2467,2475,-1.53171485887624
2467,2478,-0.0820097470064741
2467,2485,1.69150326888427
2467,2518,1.06122297564842
2467,3534,0.0263190591239002
2467,3760,0.876435098639872
2468,2470,-0.38307830350575
2468,2471,-1.23354579187792
2468,2472,-0.164726687610015
2468,2475,-2.58337278198769
2468,2476,-0.57841955173261
2468,2477,0.656632327226352
2468,2479,-1.32488987581548
2468,2688,-0.923650504589133
2468,2712,-1.15691211595784
2468,2895,-0.0036958988954901
2468,2975,-1.52828832401257
2468,3241,-0.458568319197667
2468,3484,-1.61178470103095
2469,2470,0.78308893787002
2469,2471,-0.0673785505021501
2469,2472,1.00144055376575
2469,2477,1.82279956860212
2469,2479,-0.158722634439711
2469,2900,-0.895378034086292
2469,3208,-0.295609402470768
2469,3304,0.44983294204698
2469,3556,2.01546000537836
2469,3686,0.643038842764645
2469,3820,-1.21861159101617
2469,3977,0.410808205759208
2470,2472,0.218351615895734
2470,2474,-0.107051450123461
2470,2475,-2.20029447848194
2470,2476,-0.195341248226861
2470,2481,-0.637081162709672
2470,2482,-0.876203087847023
2470,2483,-1.22604949591059
2470,2775,-0.390115898115715
2470,2980,-0.980741115962953
2470,3251,1.08725696490999
2470,3356,-0.0002395837084261
2470,3643,-0.512212199775546
2470,3834,-0.188554019854582
2471,2474,0.743416038248709
2471,2475,-1.34982699010977
2471,2476,0.65512624014531
2471,2482,-0.0257355994748531
2471,2484,-0.637447620819817
2471,2632,1.36271834922306
2471,2690,1.10605924792115
2471,2879,-0.0500357801858684
2471,2883,1.24264909596639
2471,3024,-0.24815576408355
2471,3063,1.10398630750504
2471,3148,0.721569791595621
2471,3463,-1.01197130715089
2471,3681,1.10404626886752
2471,3981,1.09093980632188
2472,2474,-0.325403066019195
2472,2477,0.821359014836367
2472,2482,-1.09455470374276
2472,2650,-1.30990381141883
2472,3021,-0.592132882908132
2472,3104,-0.529499528868331
2472,3191,0.239263515717964
2472,3215,-0.188513368200055
2472,3323,0.405383611168126
2472,3364,-1.92339900085982
2472,3627,-2.07305316673615
2472,3844,-0.465287437827121
2473,2476,0.430346040579629
2473,2477,1.66539791953859
2473,2478,-0.124902077805686
2473,2479,-0.316124283503242
2473,2481,-0.011393873903182
2473,2624,0.259463084556437
2473,2880,0.369680912362969
2473,3315,0.961006340492137
2473,3319,0.134477073992108
2473,3323,1.24942251587035
2473,3424,0.616555163723595
2473,3959,0.806741143449501
2474,2475,-2.09324302835848
2474,2481,-0.530029712586211
2474,2484,-1.38086365906853
2474,2487,-0.129472192774258
2474,2647,-1.12105232299932
2474,3694,0.192454986458712
2474,3943,1.34696311598408
2474,3971,-0.718039397023411
2475,2478,1.44970511186977
2475,2484,0.712379369289953
2475,2486,1.87698544637213
2475,3002,3.1763498857688
2475,3008,1.68076036296584
2475,3112,1.75503951733647
2475,3423,2.77215952410283
2475,3468,1.29401595993231
2475,3579,1.33947781546548
2475,3921,2.18006142267245
2476,2485,1.21826489750543
2476,2488,0.706920423767525
2476,2625,-1.00845551756764
2476,2633,0.0480449469992182
2476,2766,0.328784545588067
2476,2793,-0.272107740425486
2476,3365,0.657207660937916
2476,3505,0.609197850300893
2476,3944,0.615452511209654
2477,2482,-1.91591371857913
2477,2488,-0.528131455191437
2477,2492,-1.25099804609357
2477,2692,-1.50541813398065
2477,3174,-0.84152826124898
2477,3290,-0.804130343618503
2477,3495,-0.501212647888071
2477,3547,-1.72961181138965
2478,2482,-0.125613721234848
2478,2485,1.77351301589075
2478,2489,0.383643161899533
2478,2490,2.35315295103855
2478,2534,-0.285523323198243
2478,2651,0.776035470013996
2478,2725,-0.0737103116071082
2478,3098,0.770864410193762
2478,3202,0.189112904598037
2478,3233,0.323337529562362
2478,3308,0.730299888985948
2478,3813,0.0350571179383467
2478,3817,0.621443223253488
2478,3889,0.727736869739608
2478,3948,1.07655212407218
2479,2480,0.655180247169023
2479,2481,0.30473040960006
2479,2483,-0.284237923600863
2479,2484,-0.546103536882256
2479,2489,0.574865367597089
2479,2490,2.54437515673611
2479,2492,0.730524156948267
2479,2808,0.556809590969619
2479,3071,0.661964222116898
2479,3399,0.990798890084796
2479,3644,0.541762301935081
2480,2486,-0.0366777069691003
2480,2487,0.0501076822429898
2480,2490,1.88919490956709
2480,2491,-0.566263639478967
2480,2492,0.0753439097792447
2480,2557,1.15370058490385
2480,3218,0.389359839778553
2480,3834,0.0980773052861269
2480,3850,0.408215772395581
2480,3973,0.463319194394833
2481,2482,-0.239121925137352
2481,2484,-0.850833946482315
2481,2490,2.23964474713605
2481,2491,-0.215813801910004
2481,2874,0.294487474542154
2481,2895,1.01646356731993
2481,3142,0.997356071624064
2481,3294,-0.857415087557081
2481,3320,1.49134043873032
2481,3437,0.560641103446745
2481,3562,0.799071283354868
2481,3670,-0.859025674092487
2481,3709,0.836104507789636
2481,3713,-0.314257885971858
2482,2483,-0.349846408063571
2482,2484,-0.611712021344964
2482,2487,0.639679444949304
2482,2490,2.4787666722734
2482,2493,0.955272927168606
2482,2494,1.80650949956345
2482,2610,0.0397281224299993
2482,2848,0.201011416755638
2482,3195,0.18210668739116
2482,3396,-0.778074764445329
2483,2484,-0.261865613281393
2483,2486,0.902740463800785
2483,2490,2.82861308033697
2483,2494,2.15635590762703
2483,2496,1.24260312789361
2483,2683,0.415251238909147
2483,2900,-0.452417476045718
2483,3252,2.12053788303965
2483,3836,-0.573579539179917
2483,3875,1.52714439422154
2484,2488,1.99949428473265
2484,2490,3.09047869361836
2484,2491,0.635020144572311
2484,2524,0.924101681280024
2484,2551,1.36153691664486
2484,2594,-0.0550991413898764
2484,2712,0.714081296739899
2484,2882,0.521438040168567
2484,2932,2.088358408016
2484,3126,0.115085889063282
2484,3311,1.6885867278386
2484,3430,0.800958553088317
2484,3906,0.371139740489848
2484,3934,1.53032491926891
2484,3977,1.11563437708117
2485,2486,-1.34623268138838
2485,2492,-1.23421106464004
2485,2501,-0.989528635111501
2485,2541,-2.05239276993426
2485,3076,-0.934475058019462
2485,3636,-1.85442142874593
2485,3674,-1.74018090197075
2485,3856,-2.0927882060955
2486,2490,1.92587261653619
2486,2493,0.402378871431392
2486,2494,1.25361544382624
2486,2498,-0.552665196624441
2486,2942,0.592225379692756
2486,3205,-0.109014832059268
2486,3472,-0.0879103003662094
2486,3825,0.621267099473971
2486,3863,-0.493231564462047
2486,3908,-0.199506538658266
2487,2490,1.8390872273241
2487,2492,0.0252362275362549
2487,2497,0.290230187089957
2487,2777,-0.198133746780424
2487,3061,0.287987630252491
2487,3116,0.5488459508541
2487,3666,-0.177551079067383
2487,3860,-0.762567291299837
2487,3883,-0.455907040268414
2488,2492,-0.722866590902129
2488,2493,-0.432509336219082
2488,2499,-1.28208505285729
2488,2842,-1.23771386321238
2488,2897,-0.988607645265936
2488,2978,-1.2199694466832
2488,3151,-2.31467984129646
2488,3573,-0.0547424305825717
2488,3697,1.29924500134781
2488,3840,0.557857416941444
2489,2490,1.96950978913902
2489,2491,-0.485948759907034
2489,2496,0.383499836695656
2489,2501,0.400341218879713
2489,3150,-0.36578282566223
2489,3230,-0.163781850749617
2489,3372,1.46193616010405
2489,3470,0.486484788187062
2489,3473,0.0188089150484323
2489,3642,0.280873637198453
2490,2492,-1.81385099978784
2490,2494,-0.672257172709945
2490,2498,-2.47853781316063
2490,2501,-1.56916857025931
2490,2763,-1.03188777114767
2490,2856,-2.54838255454376
2490,3256,-1.12034410704188
2490,3569,-2.33719979353858
2490,3736,-1.89762284800668
2490,3987,-1.46658418369786
2491,2496,0.86944859660269
2491,2498,-0.0230792641145745
2491,2502,0.42545855560487
2491,2749,1.84271765356173
2491,2787,1.89166023932578
2491,2928,1.51700594345066
2491,3145,0.0137230734285688
2491,3357,0.665044913045073
2491,3641,0.458634119290833
2491,3711,1.06510424178597
2491,3748,0.84835982432962
2491,3761,0.0362546545627991
2491,3903,-0.172120655580813
2492,2494,1.1415938270779
2492,2539,0.210582832290468
2492,2675,-0.320426261046277
2492,2704,-0.415092688245205
2492,2770,-0.303384746878201
2492,2939,-0.920484691652467
2492,3120,-0.178311855433481
2492,3384,-0.265762705367398
2492,3521,-0.890159572460262
2492,3970,0.589255143631383
2493,2496,-0.0625162073385685
2493,2499,-0.849575716638204
2493,2500,-0.0247180380794951
2493,2504,-0.01726782031399
2493,2505,-0.181915715090028
2493,2706,-0.757180047226594
2493,2956,0.0838982166840576
2493,3032,0.278600310137129
2493,3347,-0.0770439402150783
2493,3478,0.335767024998195
2494,2495,-1.56458919397519
2494,2507,-1.72754135767342
2494,2608,-2.17932623236294
2494,2869,-0.660423351384705
2494,2873,-0.91291270837439
2494,2892,-0.44375433202896
2494,3615,-1.64500258708245
2494,3994,-1.39738027297831
2495,2502,0.206846373243957
2495,2503,-0.0969539331737381
2495,2740,0.563442120592013
2495,2760,0.62621126785211
2495,3044,-0.182254554330857
2495,3088,0.268894234770311
2495,3167,-1.30481962106635
2495,3259,1.09655332336577
2495,3296,1.11481561785487
2495,3341,0.0415911523112323
2495,3516,-1.03300816375172
2495,3863,-0.182257814313093
2495,3922,0.128735345906004
2496,2498,-0.892527860717264
2496,2500,0.0377981692590734
2496,2504,0.0452483870245785
2496,2505,-0.11939950775146
2496,2506,-0.290138800824281
2496,2507,-0.813788577940001
2496,2508,-0.561888036818361
2496,2681,0.0997958883842432
2496,3112,-0.461808593128483
2496,3179,-0.233991286483545
2496,3272,0.169973031375893
2496,3374,-1.23872542253019
2496,3437,-0.0929936912459411
2497,2498,-0.929680772926488
2497,2506,-0.327291713033504
2497,2603,-0.315647358269129
2497,2774,1.03473202789533
2497,3171,-0.192553606550741
2497,3222,-0.261673251548528
2497,3317,-1.08447270278727
2497,3628,0.448665271042207
2497,3708,-0.154244021154022
2497,3792,-0.495334327878486
2497,3998,0.623776843078798
2498,2505,0.773128352965804
2498,2507,0.0787392827772632
2498,2509,0.643675692500291
2498,2568,0.119010871873046
2498,2714,-0.519466886740353
2498,2775,0.485858330618535
2498,3078,1.85089907851705
2498,3126,-0.496854991394455
2498,3301,0.67097687246889
2498,3968,-2.07569304482094
2499,2507,-0.0267290686403656
2499,2508,0.225171472481275
2499,2511,0.178543032372544
2499,2663,0.107227849205127
2499,2919,0.414303462099386
2499,3052,0.321196052235466
2499,3353,1.21714423502679
2499,3437,0.694065818053694
2499,3829,1.63125506030064
2499,3932,-0.0972815240313202
2500,2501,-0.0209567870750168
2500,2502,-0.481788210256893
2500,2507,-0.851586747199075
2500,2508,-0.599686206077434
2500,2513,0.417890018517456
2500,2670,-1.1185148311143
2500,2902,-0.102209478799619
2500,3258,0.671879724867455
2500,3268,-0.574432721423318
2500,3542,-0.604648482171594
2501,2503,-0.764631729599571
2501,2507,-0.830629960124058
2501,2510,-1.83151768446906
2501,2538,0.860239277021623
2501,2682,-0.579267264804609
2501,2861,-1.07758072465725
2501,2903,0.214875307718043
2501,2945,-0.206042051090265
2501,3246,0.145744674944977
2501,3490,-0.42556405157038
2501,3795,-0.105483456421235
2501,3925,1.10930223021016
2502,2505,0.32459053324636
2502,2512,0.182187831281683
2502,3075,-0.816229868274687
2502,3426,-0.239115714674443
2502,3476,1.04348340192378
2502,3623,-0.518809229686004
2502,3686,0.28738631390943
2502,3833,-0.421024986227374
2503,2506,0.457651546591234
2503,2508,0.185902310597154
2503,2509,0.498938179198541
2503,2512,0.485988137699378
2503,2513,1.20347853519204
2503,2514,2.23727726168323
2503,2516,1.62397322307737
2503,2537,-0.0245422530081825
2503,2539,0.730532132361504
2503,2782,0.0990910411808043
2503,2855,0.807425998000745
2503,2984,-0.986405036406482
2503,3033,-0.352974239285558
2503,3127,0.501497874341094
2503,3618,2.0751443144932
2503,3762,1.07304618350272
2504,2506,-0.335387187848859
2504,2507,-0.85903696496458
2504,2509,-0.294100555241552
2504,2510,-1.85992468930958
2504,2511,-0.65376486395167
2504,2514,1.44423852724313
2504,2516,0.830934488637275
2504,2621,-0.491028429472036
2504,2650,-1.15335421453069
2504,2739,-0.79505269944293
2504,2818,-1.26227729560128
2504,3130,-0.0841776670620398
2504,3215,-0.0319637713119135
2504,3267,-0.79816005743499
2504,3371,0.675201662123842
2505,2507,-0.694389070188541
2505,2510,-1.69527679453354
2505,2512,-0.142402701964676
2505,2515,-0.387460900453301
2505,2808,-0.282156105571666
2505,3534,-0.539414684713355
2505,3795,0.0307574335142816
2505,3819,-0.685300991718204
2505,3887,1.86427978818579
2506,2558,-0.88893136924064
2506,2783,-0.31757467966046
2506,2865,-0.395366271190344
2506,2905,0.890550712185537
2506,3309,0.466589038653966
2506,3359,-1.35797561126613
2506,3498,-0.537132927714005
2506,3603,0.268766904131677
2506,3670,-1.22252166796089
2506,3766,0.457175020815896
2506,3774,-0.330913341164916
2506,3863,-0.542955427730589
2507,2508,0.251900541121641
2507,2510,-1.000887724345
2507,2519,1.55816892600374
2507,2520,-0.492645553689706
2507,2971,0.609166847213781
2507,3228,0.25705067596426
2507,3286,1.45952746843825
2507,3302,2.2643268064239
2507,3462,0.633653020486458
2507,3790,1.60811340258861
2508,2515,0.0550276286136001
2508,2519,1.3062683848821
2508,2520,-0.744546094811347
2508,2521,0.246409905282933
2508,2894,1.625303904753
2508,2922,0.794001502451703
2508,3342,0.378000730955283
2508,3355,0.0936852926841912
2508,3605,0.281467832252269
2508,3617,0.124550640313512
2508,3897,1.123499646611
2509,2512,-0.012950041499163
2509,2518,0.624941892276673
2509,2566,-0.761718649973418
2509,2868,-0.0991604205077005
2509,3517,-1.02091578282514
2509,3605,-0.0315680363491178
2510,2511,1.20615982535791
2510,2513,2.27036449006153
2510,2514,3.30416321655272
2510,2517,1.51169065727789
2510,2521,1.49919817074958
2510,2964,0.69144691195646
2510,3215,1.82796091799767
2510,3374,0.575950879754816
2510,3775,0.319134912219796
2510,3999,1.77029718368172
2511,2514,2.0980033911948
2511,2518,0.984606200986792
2511,2521,0.293038345391664
2511,2960,0.314961287440799
2511,3276,0.578706796554431
2511,3478,1.00679970926386
2511,3593,-0.737726283539673
2511,3673,0.992947238416013
2511,3789,0.324544596053074
2511,3919,0.558694271849497
2512,2514,1.75128912398385
2512,2522,0.538216402815724
2512,2523,0.636900175914353
2512,2701,-0.585963410581367
2512,3031,0.277435203089009
2512,3188,-0.930756842028069
2512,3200,-0.486128402289406
2512,3446,-0.97656589628476
2512,3455,0.129364341882092
2512,3473,-0.102888711931087
2512,3515,-1.32117867641811
2512,3569,-0.489387631379078
2513,2518,-0.0795984637168288
2513,2519,0.288692160287215
2513,2520,-1.76212231940624
2513,2525,-0.493579363402753
2513,2526,-0.241219934393515
2513,2780,-1.10661897156725
2513,2897,-0.949270289484814
2513,3162,-1.58968130574834
2513,3263,-0.576590562991146
2513,3786,-1.29751654349123
2513,3910,0.399653699514293
2513,3962,-1.485513794692
2514,2515,-1.99634732247247
2514,2516,-0.61330403860586
2514,2517,-1.79247255927483
2514,2523,-1.1143889480695
2514,2524,-2.06985397416269
2514,2525,-1.52737808989394
2514,2527,-2.54434594130608
2514,2885,-0.995879871619196
2514,3307,-1.99509889810933
2514,3468,-2.41231906480036
2514,3554,-1.93486190077492
2514,3908,-2.0288561170188
2514,3915,-2.39076394523889
2515,2520,-0.799573723424947
2515,2521,0.191382276669333
2515,2527,-0.547998618833605
2515,2918,0.15643085012872
2515,2953,1.28745159537156
2515,3022,-0.662904659182833
2515,3088,0.124918228733295
2515,3299,0.896931581304487
2515,3704,-0.893981503018446
2515,3943,1.73021844208236
2516,2518,-0.500093151602153
2516,2520,-2.18261700729156
2516,2521,-1.19166100719728
2516,2523,-0.501084909463636
2516,2528,-2.50317964220428
2516,2614,-0.48312267268417
2516,2739,-1.6259871880802
2516,3000,-0.160862187936265
2516,3196,-1.83935426436767
2516,3848,0.31067902499438
2517,2518,0.679075369066815
2517,2519,1.04736599307086
2517,2523,0.678083611205332
2517,2526,0.517453898390128
2517,2677,-1.05857859014127
2517,3064,0.759579145940608
2517,3327,1.14066831326483
2517,3387,-0.466462164152048
2518,2522,-0.0996755309601123
2518,2523,-0.0009917578614829
2518,2673,-1.81236659191819
2518,2857,-0.598756150260999
2518,2898,-1.34805844270157
2518,2904,-0.396787996284199
2518,3116,-0.0803210480863327
2518,3464,0.0406609615408173
2518,3493,-1.17456396283621
2518,3569,-1.12727956515491
2518,3655,-1.26913091154608
2518,3820,-2.39434388492891
2518,3905,-0.314191453606053
2519,2520,-2.05081447969345
2519,2523,-0.369282381865526
2519,2524,-1.32474740795872
2519,2679,-0.769209632438062
2519,2774,0.327504592040815
2519,2882,-1.72741104907018
2519,3077,-1.10885093460154
2519,3115,-1.38582278829687
2519,3352,-1.68098174710969
2519,3684,-1.84091291985708
2519,3747,-1.99435964121225
2520,2522,1.5828483247293
2520,2528,-0.320562634912724
2520,2529,0.532394152094188
2520,2532,0.551221082994727
2520,2739,0.556629819211356
2520,2873,1.30727420298873
2520,3030,1.75782561412372
2520,3107,1.84484904541682
2520,3244,1.14942406081853
2520,3587,0.633843980708406
2520,3594,1.01569249881201
2520,3811,1.42915727453456
2521,2526,0.529946384918441
2521,2529,-0.458561848000092
2521,2532,-0.439734917099553
2521,2534,-0.737188190258005
2521,2650,-0.792627695970682
2521,3157,0.288430155558648
2521,3391,0.949175618522913
2521,3468,-0.607354018997218
2521,3957,0.911602535000569
2522,2524,-0.856781252994565
2522,2528,-1.90341095964202
2522,2530,-0.413022008599925
2522,2532,-1.03162724173457
2522,2534,-1.32908051489302
2522,2535,-1.01247488926763
2522,2770,-0.807639987322267
2522,2836,-0.358302531953952
2522,3084,-0.568450079951517
2522,3351,-0.623343014110777
2522,3500,-1.40571495722909
2522,3879,-0.99445601107653
2523,2525,-0.412989141824441
2523,2527,-1.42995699323658
2523,2530,-0.511705781698554
2523,2532,-1.1303110148332
2523,2535,-1.11115866236626
2523,2536,-0.203929953463835
2523,2564,-1.73191333798792
2523,3124,-1.00611459210102
2523,3164,-0.495934150922254
2523,3232,-0.877342690309057
2523,3503,-1.28526703404955
2523,3511,-0.103552460474038
2523,3958,-1.28697035485491
2524,2525,0.542475884268753
2524,2533,1.11696733411184
2524,2535,-0.155693636273062
2524,2536,0.751535072629359
2524,2537,-0.19196554052872
2524,2766,0.69725672527317
2524,2949,0.145064757218484
2524,3037,-0.298551874544495
2524,3121,-0.419366572458141
2524,3410,0.384039396911838
2524,3633,0.463448979350281
2524,3781,1.08807159423585
2525,2574,-0.969737187563205
2525,2623,0.692344174010214
2525,2830,0.296519309446382
2525,3068,-2.11367358701062
2526,2530,-0.351076068883351
2526,2534,-1.26713457517645
2526,2538,0.662612405822665
2526,2712,-1.00485569781812
2526,2779,-0.835899775906182
2526,2900,-1.90948885732234
2526,3575,-1.9529580126249
2526,3598,-0.0319370234261785
2526,3906,-1.34779725406817
2527,2529,0.280819047502846
2527,2536,1.22602703977275
2527,2622,1.12070450262151
2527,2827,-0.688530481586854
2527,2968,-0.767211965865186
2527,3170,1.74387141963699
2527,3268,0.51822447487412
2527,3983,0.191448788105838
2528,2529,0.852956787006912
2528,2531,1.29735098494747
2528,2532,0.871783717907451
2528,2534,0.574330444749
2528,2536,1.79816477927681
2528,2537,0.854664166118734
2528,2539,1.60973855148842
2528,2569,0.657311909358716
2528,3236,1.92263128845831
2528,3297,1.63182205008959
2529,2530,0.637432164035183
2529,2532,0.018826930900539
2529,2536,0.945207992269901
2529,2542,0.668044029064544
2529,2635,0.54273307492736
2529,2754,0.344320248565961
2529,2760,0.749414833145853
2529,2777,0.322828957874362
2529,3001,1.72645500913276
2529,3019,0.837233284232872
2529,3566,0.781566646759756
2530,2531,-0.193037966094627
2530,2532,-0.618605233134644
2530,2533,0.673208089717205
2530,2534,-0.916058506293095
2530,2536,0.307775828234719
2530,2538,1.01368847470602
2530,2539,0.119349600446326
2530,2728,-0.413622377270415
2530,2741,-0.334788870094331
2530,2968,-1.68546317740321
2530,3028,-0.149809794087564
2530,3127,-0.109684657574084
2530,3749,-1.99935705967945
2531,2534,-0.723020540198468
2531,2536,0.500813794329346
2531,2538,1.20672644080064
2531,2544,-0.179453071164365
2531,2933,-0.061312016153681
2531,2935,0.647860741400305
2531,2979,0.210691326653488
2531,3063,0.566610968744818
2531,3203,1.02997115630294
2531,3243,0.802594424456888
2531,3460,0.903070229448726
2531,3579,-0.547724513404509
2532,2533,1.29181332285185
2532,2535,0.0191523524669411
2532,2539,0.73795483358097
2532,2655,0.924074456803612
2532,3029,1.10717671236494
2532,3096,0.691220241488441
2532,3200,0.0072824366294378
2532,3341,0.145967786704436
2532,3436,-0.0210273716482285
2532,3510,0.746547616706135
2532,3824,0.614045409683462
2532,3965,0.719956375545987
2533,2536,-0.365432261482486
2533,2539,-0.553858489270878
2533,2542,-0.642596224687843
2533,2543,-0.59799551388711
2533,2544,-1.0456991269762
2533,2571,-0.723347020423173
2533,2718,-0.685472237753352
2533,2917,-1.09040501869844
2533,3344,-0.4356727536869
2533,3371,0.183849774931553
2533,3921,-0.573386962009373
2533,3946,-1.98987032751007
2534,2535,0.316605625625393
2534,2539,1.03540810673942
2534,2541,0.0066435691547291
2534,2546,0.0442681972916244
2534,2776,1.22931629073365
2534,2780,0.401735538002715
2534,2946,0.780810122778293
2534,3515,-0.53031456434081
2534,3717,0.799200269024393
2534,3854,1.44338896237598
2534,3931,1.51656182642594
2535,2540,-0.134186355924537
2535,2545,0.389895191983808
2535,2586,0.411041725492903
2535,2866,0.178406496161234
2535,2893,1.29140928453502
2535,2928,1.38361804301601
2535,3272,0.906033727543933
2535,3275,0.531537060583504
2535,3526,0.348808159054678
2535,3666,0.305432342219924
2535,3751,1.20804182143147
2535,3776,-0.550372899050324
2535,3866,1.17979248271658
2536,2537,-0.943500613158079
2536,2540,-1.04141506482696
2536,2542,-0.277163963205357
2536,2543,-0.232563252404624
2536,2544,-0.680266865493711
2536,2546,-1.17956613723619
2536,2547,-0.433192293027903
2536,2983,-0.229149554968352
2536,3085,-1.86002723310056
2536,3096,-0.235160819880921
2536,3259,0.274548896389607
2536,3540,-0.557504658400148
2536,3716,-1.08443163265
2536,3737,-0.950725129221956
2536,3943,1.05219002114322
2537,2539,0.755074385369686
2537,2540,-0.0979144516688788
2537,2542,0.666336649952722
2537,2549,0.484789152839506
2537,2778,2.00031788714551
2537,2857,0.549666174222398
2537,2892,1.24233104812815
2537,3053,-0.218044417754898
2537,3306,1.59721412693835
2537,3455,0.639894732589653
2537,3771,0.580213997519455
2538,2543,-0.938475898875922
2538,2547,-1.1391049394992
2538,2549,-1.16462410678987
2538,3433,-1.96884857521549
2538,3634,-0.440802488347188
2538,3748,-0.898169431478749
2538,3766,-0.710044439214063
2538,3869,-1.70088916008823
2539,2543,-0.0441370246162319
2539,2545,-0.328907289130221
2539,2547,-0.24476606523951
2539,2551,-0.12567360947613
2539,2678,-0.771410088959584
2539,2945,-0.171942453852198
2539,3026,-0.833645173758424
2539,3291,0.370835627305558
2539,3392,0.33939182622781
2539,3516,-1.66658636293949
2539,3597,-0.448279402869288
2539,3703,-0.0170895240870242
2539,3763,-1.49827876082731
2539,3813,-0.714827665602832
2539,3820,-2.00099594581519
2540,2544,0.361148199333247
2540,2546,-0.138151072409232
2540,2551,0.727315227562435
2540,2553,0.676273042708474
2540,2967,-0.878671373109781
2540,3148,0.724795723333012
2540,3155,0.349058352367154
2541,2542,0.940026802167728
2541,2546,0.0376246281368953
2541,2548,-0.196271815444407
2541,2549,0.758479305054512
2541,2550,0.457244207807616
2541,2551,0.903090928108562
2541,2554,0.713022355231125
2541,2823,0.556100313696553
2541,3361,0.352212066505233
2541,3425,0.412190509392399
2541,3812,2.17046251119257
2542,2544,-0.403102902288354
2542,2548,-1.13629861761213
2542,2549,-0.181547497113215
2542,2550,-0.482782594360112
2542,2552,-0.441086114232461
2542,2553,-0.0879780589131266
2542,3410,-0.0903317125121639
2542,3538,-1.8600244862007
2542,3929,-0.876224296707068
2543,2544,-0.447703613089087
2543,2555,0.826810769689205
2543,2659,0.490690391532516
2543,2775,-0.345274290428487
2543,3109,-1.8554325048624
2543,3425,-0.572437003576061
2543,3611,-2.31278514814771
2543,3615,-0.66985456767879
2543,3616,-0.698080917419086
2543,3795,-0.0272468345669357
2543,3898,0.260135733078548
2544,2545,0.162933348575098
2544,2547,0.247074572465808
2544,2548,-0.73319571532378
2544,2552,-0.0379832119441068
2544,2555,1.27451438277829
2544,2667,1.36949417651235
2544,2671,0.837819523765541
2544,2698,-0.366366239591827
2544,2990,1.6411378123129
2544,3013,0.144859406051815
2544,3138,0.588576438640747
2544,3272,0.679071884135222
2544,3477,0.170134703760732
2545,2548,-0.896129063898878
2545,2550,-0.242613040646856
2545,2552,-0.200916560519205
2545,2557,1.19668113196436
2545,2568,-0.427351484659987
2545,2630,-0.671866418573843
2545,2639,0.292187076712066
2545,3300,-0.758679070686067
2545,3667,-1.02736195093717
2545,3688,0.218893056480525
2545,3717,0.092699451415192
2546,2549,0.720854676917617
2546,2553,0.814424115117706
2546,2555,1.77381365452077
2546,3053,0.018021106323213
2546,3108,-0.0899060511768651
2546,3445,-0.603282122057827
2546,3457,0.723342687897364
2546,3732,-1.30644122919573
2546,3737,0.228841008014233
2546,3844,0.744908670587407
2547,2548,-0.980270287789589
2547,2550,-0.326754264537566
2547,2551,0.11909245576338
2547,2553,0.0680502709094192
2547,2555,1.02743981031248
2547,2556,-0.864036107306302
2547,2558,-0.9170458897714
2547,2559,-0.0164708037026255
2547,2921,-0.136144247708874
2547,3212,-0.218806418359804
2547,3279,-0.234864288794343
2547,3407,1.64610658960058
2547,3456,-0.237000609387765
2547,3688,0.134751832589815
2548,2549,0.954751120498919
2548,2554,0.909294170675532
2548,2555,2.00771009810207
2548,2558,0.0632243980181889
2548,2560,0.522671938693071
2548,2600,-0.857038254544647
2548,2636,0.789659666893329
2548,2786,1.42482314351059
2548,3054,-0.0371334797056575
2548,3123,0.734557727767457
2548,3574,1.88111531455108
2548,3807,0.802011027140224
2548,3942,1.06958342768914
2549,2550,-0.301235097246896
2549,2551,0.14461162305405
2549,2553,0.0935694382000889
2549,2562,0.399893744529473
2549,3035,0.0378224003939665
2549,3213,-1.21395905005572
2549,3262,0.259043596084391
2549,3888,-0.748576573006449
2550,2554,0.255778147423509
2550,2561,0.476090610958475
2550,2563,1.18577015373674
2550,2619,0.0203908350314552
2550,2762,0.134456874244752
2550,2958,0.857593271245099
2550,2965,0.0629026011198247
2550,3208,-0.506473427492715
2550,3434,0.0248907513255851
2550,3478,0.98706177716785
2550,3516,-1.09506603316241
2550,3936,0.909928670332241
2551,2552,-0.404150240173295
2551,2554,-0.190068572877437
2551,2557,0.993447452310268
2551,2563,0.739923433435793
2551,2646,-0.729678644428266
2551,2734,0.293950507046181
2551,2939,-1.0053939144668
2551,2943,-1.40094202812451
2551,3276,0.113122144157481
2551,3376,1.13557511829235
2551,3447,0.118715880952709
2551,3550,-0.439702154819269
2551,3842,-0.444337431945647
2551,3944,0.54648945552992
2552,2553,0.353108055319334
2552,2559,0.26858698070729
2552,2561,0.434394130830825
2552,2562,0.659432361648719
2552,2584,-0.4752193770349
2552,2711,1.48432256836741
2552,2723,-0.611330299590739
2552,2734,0.698100747219477
2552,2953,1.32767325187024
2552,3371,1.26753211385186
2552,3482,0.639297542752472
2553,2555,0.959389539403064
2553,2556,-0.932086378215721
2553,2559,-0.0845210746120447
2553,2562,0.306324306329384
2553,2563,0.790965618289754
2553,2764,0.344095455700602
2553,2971,-0.010647721342118
2553,3040,-0.808838873758052
2553,3225,0.388044377036923
2553,3697,1.98824455428957
2553,3817,0.0482742340424006
2553,3941,0.0293300548386599
2553,3959,0.358474232044099
2554,2557,1.1835160251877
2554,2560,-0.386622231982461
2554,2564,-1.02381497438212
2554,2828,0.849735261412546
2554,3129,0.413234880857817
2554,3174,0.514629134907685
2554,3428,0.0435122219120274
2554,3565,-0.48229627802266
2554,3670,-1.1796600713776
2555,2557,0.0851000977611647
2555,2559,-1.04391061401511
2555,2560,-1.485038159409
2555,2561,-0.878103463891574
2555,2564,-2.12223090180866
2555,2565,-0.0345073143410753
2555,3711,-0.569759884835683
2555,3785,-1.45479398248412
2555,3989,-1.99604580093171
2556,2558,-0.0530097824650982
2556,2559,0.847565303603676
2556,2562,1.23841068454511
2556,2566,0.115489569409432
2556,2568,0.352543398755604
2556,2749,2.09932944455887
2556,2787,2.14827203032292
2556,2802,-0.466953593312771
2556,3489,1.59176984025172
2556,3823,0.754378279754848
2557,2559,-1.12901071177627
2557,2561,-0.963203561652739
2557,2568,-1.62403261662435
2557,2629,-0.692300246962752
2557,2761,-0.662465920451051
2557,2947,-1.14271735459794
2557,3013,-1.21475507448764
2557,3258,-0.140837733653599
2557,3348,-0.839979656089997
2557,3375,-0.492820512739734
2557,3537,-1.37167055377813
2557,3546,-2.29411006243741
2557,3711,-0.654859982596847
2557,3864,-1.97725947084362
2558,2559,0.900575086068774
2558,2566,0.16849935187453
2558,2567,1.73762948314615
2558,2636,0.726435268875141
2558,2713,1.38034746162036
2558,2724,-0.861892902460942
2558,3311,1.36318815672852
2558,3394,0.991655357048163
2558,3490,0.770347500678598
2558,3572,1.91343190935997
2559,2560,-0.441127545393892
2559,2561,0.165807150123535
2559,2564,-1.07832028779355
2559,2565,1.00940329967403
2559,2566,-0.732075734194244
2559,2572,-0.566314336278149
2559,2636,-0.174139817193634
2559,3064,0.735088584929639
2559,3088,-0.103447095475319
2559,3156,0.573413176629406
2559,3452,-0.781157341929412
2559,3498,-0.548776644542139
2559,3550,-0.304138895353263
2559,3593,-1.06774767647062
2560,2565,1.45053084506793
2560,2567,1.27818194247126
2560,2571,0.532875883183733
2560,2573,0.505641626277708
2560,2844,1.09641958954355
2560,2919,0.346866582189789
2560,3727,0.55296896577809
2561,2563,0.709679542778263
2561,2564,-1.24412743791709
2561,2571,-0.0740588123336939
2561,2572,-0.732121486401684
2561,3184,-0.210149167925293
2561,3298,-0.229505716736844
2561,3328,0.15584665491967
2561,3361,-0.581122752260859
2561,3370,0.39457985917081
2562,2566,-1.12292111513567
2562,2568,-0.885867285789501
2562,2569,-1.082035154129
2562,2573,-0.326331300057612
2562,2574,-1.11997866013471
2562,2575,-0.809091902009846
2562,2835,-0.185960938771553
2562,2931,-0.229165205896267
2562,3125,-1.09014352590515
2563,2566,-1.60756242709604
2563,2572,-1.44180102917995
2563,3339,-0.332308011248103
2563,3485,-1.21234083294452
2563,3740,-0.690599956433173
2564,2567,1.91537468487093
2564,2569,0.387130514605985
2564,2571,1.17006862558339
2564,2572,0.512005951515404
2564,2576,1.62493424669662
2564,2577,1.21718187965315
2564,3226,2.15061169319955
2564,3340,1.16616120280679
2564,3358,1.96350457635644
2564,3403,1.13339369029303
2564,3816,0.108183080534226
2564,3865,2.11377353191592
2564,3892,1.4607638705434
2565,2567,-0.17234890259666
2565,2568,-1.50442520452211
2565,2569,-1.7005930728616
2565,2572,-1.57571763595218
2565,2573,-0.944889218790217
2565,2576,-0.46278934077097
2565,2577,-0.870541707814433
2565,3007,-1.21335333046367
2565,3019,-0.667714910980535
2565,3628,-0.245090032426457
2566,2567,1.56913013127162
2566,2570,0.560051384998207
2566,2579,0.419772328469963
2566,2878,0.247763134791289
2566,2885,1.50417786083891
2566,3164,0.889734633466354
2566,3738,0.982628899270041
2566,3745,0.105246898274302
2567,2568,-1.33207630192545
2567,2569,-1.52824417026494
2567,2578,-2.91365467562774
2567,2608,-1.82413276571075
2567,3143,-0.867661340058449
2567,3183,0.483486529110568
2567,3451,-2.20568426487164
2567,3619,0.0863724297219237
2567,3666,-0.989187667029342
2567,3681,-0.321534164568893
2568,2573,0.559535985731889
2568,2577,0.633883496707673
2568,2579,0.182718499123791
2568,2581,0.245479971139476
2568,2731,1.10262956459054
2569,2573,0.755703854071386
2569,2579,0.378886367463288
2569,2581,0.441647839478972
2569,2924,1.43500611795189
2569,3213,-0.531817640456192
2569,3343,0.128123387620891
2569,3528,0.714174889577037
2569,3556,2.18550229270904
2569,3960,0.669383137702761
2570,2571,0.263772686985879
2570,2572,-0.394289987082112
2570,2576,0.718638308099101
2570,2583,-0.255742332075183
2570,2759,0.119668817362335
2570,2886,0.751289152327504
2570,3050,-0.185656870940466
2570,3188,-0.742039618552022
2570,3314,-0.346429332896303
2571,2572,-0.65806267406799
2571,2574,-0.820881616983124
2571,2575,-0.509994858858258
2571,2576,0.454865621113223
2571,2579,-0.404051743514122
2571,2583,-0.519515019061061
2571,2584,-0.835554695532031
2571,2772,-0.825789944099176
2571,2857,-0.0359196799949938
2571,3064,0.643340247139798
2571,3672,-0.569660933167958
2572,2577,0.70517592813775
2572,2582,0.467406024588325
2572,2585,0.715100430082935
2572,2628,1.15344853080226
2572,3126,-0.544573431837424
2572,3203,1.54513479498227
2572,3234,0.940457553890644
2572,3288,0.563794698954178
2572,3365,1.29012220100234
2572,3392,1.1669430314481
2572,3734,0.962090134730253
2572,3900,-0.0609132753098472
2572,3906,-0.288519580410857
2573,2575,-0.482760601952234
2573,2579,-0.376817486608098
2573,2582,-0.163422392573641
2573,2583,-0.492280762155037
2573,2743,-0.0634477036056292
2573,2943,-1.32989284954232
2573,2971,0.00935927238611
2573,3542,-0.352869309800191
2573,3715,-0.703314781463983
2573,3745,-0.691342916803759
2573,3969,0.146140970552838
2573,3993,-0.256431872159936
2574,2576,1.27574723809635
2574,2577,0.867994871052884
2574,2578,-1.34746699935708
2574,2581,0.479591345484687
2574,2582,0.630224967503458
2574,2586,0.682609392514294
2574,2607,1.11116907546634
2574,2717,2.00793490239443
2574,3309,1.18407860101912
2574,3844,0.744138909275028
2574,3849,0.94441826805026
2575,2576,0.964860479971481
2575,2577,0.557108112928018
2575,2578,-1.65835375748195
2575,2581,0.168704587359821
2575,2584,-0.325559836673773
2575,2588,0.59426405784431
2575,2809,0.748760122334733
2575,2829,-0.417113685669199
2575,2957,-1.14057964513104
2575,3005,-0.311312315135564
2576,2578,-2.62321423745343
2576,2581,-0.79615589261166
2576,2582,-0.645522270592889
2576,2615,-0.281394169373479
2576,2781,-1.64260507495276
2576,2782,-0.916818181141628
2576,2791,-0.0948097602242752
2576,2802,-1.86113285581951
2576,2830,-0.00949074108676
2576,3024,-1.38329575934565
2576,3127,-0.514411347981338
2576,3190,-0.874364562890259
2576,3466,-0.210132917751883
2577,2579,-0.451164997583882
2577,2583,-0.566628273130821
2577,2586,-0.18538547853859
2577,2685,0.761462200815435
2577,2704,-0.503300243453138
2577,3445,-1.47204675442309
2577,3613,-0.0191644903815
2577,3740,0.0460251446090242
2577,3948,0.44904261761354
2578,2580,2.3797288857886
2578,2582,1.97769196686054
2578,2583,1.64883359727914
2578,2587,2.37005743601103
2578,2588,2.25261781532626
2578,2590,1.73768266498767
2578,2784,3.37335947478955
2578,2797,2.42911169566324
2578,3004,1.9656857573082
2578,3048,2.60249466596126
2578,3087,1.82252543608538
2578,3319,1.84733151574911
2578,3474,0.939339984303884
2578,3676,1.82330025290294
2578,3765,2.35647076286244
2579,2580,0.615432012962522
2579,2584,-0.431502952017909
2579,2978,-0.134145413405125
2579,3101,-0.544584845945848
2579,3104,0.263096944764817
2579,3194,-0.772467658679735
2579,3271,0.662671786730455
2579,3443,0.688915898362508
2579,3843,-0.347203064192354
2579,3875,0.875339756048364
2579,3906,-0.542530510964725
2579,3954,0.36660462408404
2580,2582,-0.402036918928066
2580,2587,-0.0096714497775724
2580,2590,-0.642046220800935
2580,2591,-0.30852036059461
2580,2592,-0.237684931477489
2580,2931,-0.141448432193079
2580,3019,0.038559781455258
2580,3121,-1.02436715559521
2580,3409,0.219073556736133
2580,3905,0.0372647472115532
2581,2582,0.150633622018772
2581,2583,-0.178224747562624
2581,2590,-0.0893756798540978
2581,2591,0.244150180352227
2581,2594,-1.03153086486013
2581,2597,0.816780192289012
2581,2626,1.49962866248026
2581,3031,0.543670011077616
2581,3378,1.47548066249663
2581,3530,-1.26355310150808
2581,3647,0.105991276741381
2581,3845,0.640156507477096
2581,3997,-0.0393427422486984
2582,2586,0.0523844250108353
2582,2590,-0.24000930187287
2582,2593,1.86673242190988
2582,2715,0.826225239942882
2582,2862,1.11768498754778
2582,2923,-0.259149880271604
2582,2937,-1.31213555554647
2582,2960,0.0838482061996788
2582,3041,-0.196270950996248
2582,3054,-0.902024652102796
2582,3449,0.442633337203517
2582,3848,1.5642652963422
2582,3920,0.514512948188335
2583,2585,0.576552775076006
2583,2586,0.381242794592231
2583,2587,0.721223838731888
2583,2589,-0.656957081985323
2583,2592,0.493210357031972
2583,2594,-0.853306117297511
2583,2595,0.679297910886693
2583,2708,-0.45617910592494
2583,2737,0.301690938752013
2583,2869,0.959591193616079
2583,3464,1.12301245086788
2583,3692,1.19349947833613
2584,2589,-0.340917405514353
2584,2592,0.809250033502942
2584,2596,0.0717621132099669
2584,2597,1.31104461632261
2584,3015,-0.181195861189442
2584,3329,1.18930217324306
2584,3736,0.710688546175022
2584,3840,2.07518440223743
2585,2586,-0.195309980483775
2585,2594,-1.42985889237352
2585,2595,0.102745135810687
2585,2596,-0.820830338337009
2585,2721,-1.03364920820088
2585,2895,0.492537762818606
2585,2944,-0.945546346532801
2585,2972,-0.738499997074513
2586,2588,0.222541423454882
2586,2590,-0.292393726883705
2586,2592,0.111967562439741
2586,2599,-0.376340849201253
2586,2673,-1.11125789718335
2586,3442,-0.193067986587454
2586,3652,0.414567434387016
2586,3896,0.231780715048661
2586,3979,0.106737747468869
2587,2588,-0.117439620684776
2587,2589,-1.37818092071721
2587,2592,-0.228013481699917
2587,2594,-1.5745299560294
2587,2596,-0.965501401992891
2587,2597,0.273781101119747
2587,2600,-2.11429489609228
2587,2649,0.277542772898734
2587,2669,0.277390163742843
2587,2774,1.05692286664004
2587,2873,-0.0141220021054947
2587,3125,-0.992755302424387
2587,3590,0.123081605652852
2587,3670,-1.52762254224969
2588,2591,-0.181409290132262
2588,2592,-0.110573861015141
2588,2595,0.0755136928395809
2588,2596,-0.848061781308115
2588,2598,-0.470680135426478
2588,2600,-1.9968552754075
2588,2619,-0.465910162579377
2588,3200,-0.645453064785288
2588,3213,-1.39902495041965
2588,3944,0.506035178220034
2589,2590,0.745806149693849
2589,2594,-0.196349035312188
2589,2596,0.41267951872432
2589,2599,0.661859027376301
2589,2600,-0.736113975375067
2589,2686,0.22906651667978
2589,3489,1.82892829990458
2589,3656,1.54972226604714
2589,3685,-0.498244940090052
2590,2592,0.404361289323446
2590,2600,-1.48192012506892
2590,2669,0.909764934766206
2590,2840,-0.201803235566342
2590,2894,1.68082856549348
2590,3002,1.57691447286269
2590,3377,-0.0326844728875226
2590,3382,0.560406922458647
2590,3628,1.10323088081027
2590,3762,0.942668533646042
2591,2595,0.256922982971843
2591,2597,0.572630011936785
2591,2598,-0.289270845294216
2591,2600,-1.81544598527524
2591,2764,0.434008283669016
2591,3049,0.238692935558963
2591,3329,0.450887568857237
2591,3335,0.795538201706128
2591,3587,-0.388703313568785
2591,3751,0.755867962615945
2592,2593,1.7023804344593
2592,2595,0.186087553854722
2592,2707,-0.408472822559107
2592,2895,0.57588018086264
2592,3017,-0.434501906359385
2592,3087,-0.319518518225731
2592,3187,0.275033265758013
2592,3226,1.00684772964524
2592,3535,0.704981849912934
2592,3746,-0.806184697399803
2592,3817,0.0673516328936936
2592,3828,-0.858989646466428
2592,3971,-0.628593070894491
2592,3999,0.168672289632114
2593,2594,-3.04889690878878
2593,2597,-1.20058585163964
2593,2599,-2.1906888461003
2593,2602,-1.85074075760711
2593,2673,-2.92560589408239
2593,2837,-2.91262984636013
2593,2965,-2.01520496993517
2593,3387,-2.25877683538307
2593,3952,-1.06368078666378
2594,2595,1.5326040281842
2594,2598,0.986410199918146
2594,2600,-0.539764940062879
2594,2601,2.45300827936937
2594,2602,1.19815615118167
2594,2604,0.134060383449692
2594,2982,1.07288549580544
2594,3519,0.590999178567219
2594,3757,1.09831631812611
2594,3762,1.88482371865208
2594,3872,0.984841318066773
2595,2601,0.920404251185168
2595,2605,-0.106064592664805
2595,2659,0.456259006242947
2595,3114,-0.647504902503505
2595,3176,0.0123597154180191
2595,3308,-0.0098792552285676
2595,3657,-0.955695238980375
2595,3744,-0.313992481540583
2595,3756,-0.362160613886121
2596,2605,0.817510881482891
2596,2608,-0.315034124101151
2596,2609,0.95045850387572
2596,2868,0.602526739803696
2596,2901,0.361593476301164
2596,3168,-0.253924705562811
2596,3174,1.13216806602848
2596,3376,1.94318262229058
2596,3551,0.580836429761591
2597,2600,-2.38807599721203
2597,2602,-0.650154905967474
2597,2749,0.684525882374776
2597,2870,-1.59368361769784
2597,3011,-0.71586447366941
2598,2599,-0.128202137229657
2598,2604,-0.852349816468454
2598,2606,1.06127308089971
2598,2608,-0.692415769982788
2598,3126,-0.816225169464988
2598,3154,-0.362402800388421
2598,3421,-0.463786365605263
2598,3624,0.586237396529794
2598,3874,0.774940262175053
2599,2600,-1.39797300275137
2599,2604,-0.724147679238797
2599,2607,0.8049005321533
2599,2612,0.060646772073842
2599,2773,1.78053448424274
2599,3253,0.764507645236034
2599,3311,0.885477806539984
2599,3640,-0.418789465216268
2599,3836,-1.11482284719714
2599,3912,0.162006234163861
2600,2602,1.73792109124455
2600,2603,1.82083837656785
2600,2606,2.58744822088074
2600,2609,2.09925199797511
2600,2700,1.01834765990271
2600,3264,1.19546304036624
2600,3849,2.03612272748859
2601,2604,-2.31894789591968
2601,2607,-0.789899684527583
2601,2609,-0.893521221457144
2601,2614,-0.500380193826812
2601,2673,-2.32971726466298
2601,2882,-1.87647109781093
2601,3213,-2.3949428944444
2601,3293,-0.565458899512191
2601,3403,-1.11686207830117
2601,3415,0.484988668217391
2601,3577,-1.04070121501847
2601,3601,-0.597526443569789
2601,3650,-1.63199572889627
2601,3955,-0.785006169562669
2602,2609,0.361330906730555
2602,2610,-0.491616866016833
2602,2612,-0.279301316419342
2602,2613,-0.0887281820765816
2602,2615,0.348136436916643
2602,2741,-0.109984954211463
2602,3042,-0.929918757946625
2602,3195,-0.349238301055672
2602,3298,0.0192180807737494
2602,3379,-0.726678287035386
2602,3753,0.0226812802053458
2603,2604,-1.14701305305528
2603,2607,0.382035158336817
2603,2609,0.278413621407256
2603,2612,-0.362218601742642
2603,2843,0.516196261845742
2603,3228,-0.278243455915835
2603,3562,0.423930934722087
2604,2607,1.5290482113921
2604,2608,0.159934046485665
2604,2609,1.42542667446254
2604,2612,0.784794451312639
2604,2617,1.89730082281607
2604,2900,-0.269513104824141
2604,3013,1.06126805240767
2604,3043,0.749668425320465
2604,3080,2.9053164424706
2604,3108,0.327203323436513
2604,3155,0.904318799389763
2604,3769,1.21312562596095
2604,3862,2.37082129502607
2604,3982,1.01818250437603
2605,2613,-0.317111466414308
2605,2617,0.604821770746366
2605,2758,-0.264487809255891
2605,2768,-0.388366830229112
2605,2793,-0.350974173589883
2605,3010,-1.09150960209942
2605,3118,0.168848847232985
2605,3304,-0.216781180760576
2605,3480,-0.596002284301627
2605,3725,-0.945910536141344
2605,3807,-0.307255093897407
2605,3854,0.523751087628024
2606,2607,-0.384574685976069
2606,2614,-0.0950551952752977
2606,2655,-0.319253990084349
2606,2688,-1.04524123131938
2606,2880,-0.760675406679515
2606,3235,-0.786648315962367
2606,3257,-0.889750578283937
2606,3652,-0.3985669345411
2606,3665,-0.874867656250743
2607,2608,-1.36911416490643
2607,2619,-0.671928422076543
2607,2718,-0.252412675813395
2607,2965,-0.629416655988174
2607,3920,0.0335688402254527
2607,3958,-1.01541310093361
2608,2610,0.412544855229482
2608,2614,1.6586336556072
2608,2615,1.25229815816296
2608,2621,0.819793410182063
2608,2912,0.729662921612837
2608,2914,1.17027963664286
2608,2917,0.711768708147948
2608,2946,0.993717253614382
2608,3103,1.19291818794728
2608,3119,1.73933648958156
2608,3281,1.17627168508024
2608,3419,0.931207743684969
2608,3737,0.486016336141946
2608,3806,1.09874750138644
2609,2614,0.393141027630332
2609,2615,-0.0131944698139121
2609,2616,-0.282973172606392
2609,2619,-0.568306885146982
2609,2622,0.0659263002357912
2609,2698,-0.875384267698507
2609,3569,-0.751109016442565
2609,3882,1.43302681816431
2610,2612,0.212315549597491
2610,2613,0.402888683940252
2610,2614,1.24608880037772
2610,2615,0.839753302933476
2610,2683,0.0256767084155766
2610,3060,-0.184006990298454
2610,3146,2.05449018628203
2610,3559,0.243665381127262
2611,2614,1.18585935303236
2611,2615,0.77952385558812
2611,2621,0.347019107607224
2611,2622,0.858644625637824
2611,2623,1.44725214843867
2611,2626,1.76439079483019
2611,2782,0.144099843819972
2611,2851,-0.400019337557928
2611,2859,0.669150603762607
2611,3025,0.692580377804724
2611,3234,0.88844728367103
2611,3477,0.453835001056085
2611,3697,2.58706969496015
2611,3927,0.523535240981651
2612,2618,1.76400144573495
2612,2619,0.0723253380029152
2612,2624,0.25793521156948
2612,3040,-0.362099835339607
2612,3153,-0.40685610731231
2612,3182,0.0279951375935374
2612,3189,0.392619851458024
2612,3350,0.0919421578095548
2612,3418,0.734624319152836
2613,2615,0.436864618993225
2613,2617,0.921933237160674
2613,2619,-0.118247796339845
2613,2622,0.515985389042928
2613,2623,1.10459291184378
2613,2624,0.0673620772267195
2613,2625,-0.770210484317727
2613,3225,0.644210281112608
2613,3228,-0.106597988515954
2613,3694,0.518989817812023
2613,3956,-0.365267947740902
2614,2619,-0.961447912777315
2614,2623,0.261392795406307
2614,2624,-0.77583803921075
2614,2625,-1.6134106007552
2614,2788,0.583938978694891
2614,3136,0.0928002097857936
2614,3479,-0.167813862218462
2614,3641,-0.80387468028954
2614,3644,-0.809663105335347
2614,3650,-1.13161553506946
2614,3874,-0.191277623449362
2614,3923,-0.823122313908377
2615,2625,-1.20707510331095
2615,2883,0.388903270077769
2615,2931,-0.103539614484423
2615,3264,-0.890594487794955
2615,3320,0.850980938504198
2615,3395,0.434539880900096
2615,3516,-1.67056928352694
2615,3602,0.801488323740023
2615,3778,-0.939955948887438
2615,3955,0.121709521708387
2616,2679,0.258224712884722
2616,2732,-0.0329934411115209
2616,3038,1.57935048989324
2616,3382,0.226048222158847
2616,3391,0.916751484246527
2616,3545,-0.376864225599676
2616,3704,-1.11778791396417
2616,3719,0.706224538324052
2617,2618,0.651495074231511
2617,2620,-1.35126652676144
2617,2624,-0.854571159933955
2617,2630,-1.48982524645896
2617,2849,0.797260076274325
2617,2949,-0.907095626377381
2617,3163,-2.00446157065297
2617,3712,-0.337758276785982
2617,3853,-2.04076607947855
2618,2620,-2.00276160099295
2618,2623,-0.468835399548409
2618,2624,-1.50606623416547
2618,2629,-0.965073017115024
2618,2639,-1.17726682540457
2618,2802,-2.71630237884499
2618,2955,-0.152895372746189
2618,3699,-0.889845516952697
2618,3726,-1.39643874569268
2618,3773,-1.16157137979262
2618,3861,-1.39605536792914
2619,2622,0.634233185382773
2619,2624,0.185609873566565
2619,2625,-0.651962687977881
2619,2627,-0.852231174750749
2619,2628,0.877026820327595
2619,2630,-0.449644212958443
2619,2632,1.06408493866751
2619,3159,0.901258288590892
2619,3397,0.903016096238516
2619,3734,0.685668424255589
2619,3748,0.547298937526562
2619,3754,0.0666203858879319
2619,3791,-0.148595913699195
2619,3888,-0.467732310791008
2619,3971,-0.273256769330255
2620,2621,0.433693160613092
2620,2622,0.945318678643691
2620,2624,0.496695366827483
2620,2628,1.18811231358851
2620,2631,1.07363206843349
2620,2633,0.715623269849893
2620,2932,1.46336286990155
2620,3064,1.33606670399404
2620,3205,0.430595706908459
2620,3305,0.978702095589059
2620,3400,-0.30788269433548
2620,3591,1.62621535085418
2620,3653,-0.466260774877355
2620,3760,1.07077505011171
2621,2622,0.511625518030599
2621,2624,0.0630022062143906
2621,2627,-0.974838842102924
2621,2629,0.603995423264833
2621,2631,0.639938907820401
2621,2633,0.281930109236801
2621,2732,0.129732604076895
2621,2755,0.223917748743022
2621,2984,-1.28841534137454
2621,3047,-0.224795569358318
2621,3049,0.400586140653904
2621,3059,-0.721022816613872
2621,3557,-0.27412578358821
2621,3866,0.889511828995999
2622,2623,0.588607522800848
2622,2625,-1.28619587336065
2622,2627,-1.48646436013352
2622,2631,0.128313389789801
2622,2634,-1.01283814330332
2622,3148,-0.211296804342705
2623,2624,-1.03723083461706
2623,2625,-1.8748033961615
2623,2627,-2.07507188293437
2623,2630,-1.67248492114206
2623,2635,-0.88575990299215
2623,3010,-1.87899104752889
2623,3066,-1.35630610613136
2623,3345,-1.11813228463475
2623,3369,0.132244056981906
2623,3411,-0.929850187437162
2623,3721,-0.749138779623356
2624,2625,-0.837572561544446
2624,2628,0.69141694676103
2624,2630,-0.635254086525007
2624,2828,0.899512700238036
2624,2972,-0.485431151032806
2624,3002,1.34227961153691
2624,3427,0.810363719814398
2624,3482,0.474993314282103
2624,3515,-1.20020304990118
2624,3521,-0.735222783571673
2624,3568,-1.05664183973484
2624,3576,0.514694546356788
2624,3887,2.1276581166674
2625,2626,2.19194204255303
2625,2629,1.37856577859489
2625,2632,1.71604762664539
2625,2634,0.27335773005733
2625,2636,0.767715496587733
2625,3643,0.691584566018953
2625,3651,1.9386038178317
2625,3746,0.201114292142315
2625,3808,2.37500688869865
2626,2627,-2.39221052932589
2626,2634,-1.9185843124957
2626,2694,-1.64154557855274
2626,2901,-1.56053749700272
2626,3006,-0.914296929364494
2626,3035,-1.22131269196574
2626,3283,-0.611066827886954
2626,3413,-1.48011229941804
2626,3462,-1.15172720222906
2626,3654,-1.1314143376022
2627,2628,1.72925799507834
2627,2629,1.57883426536776
2627,2638,1.10565720633893
2627,2786,1.60314745997786
2627,2907,1.478216059291
2627,3053,0.430241866371786
2627,3301,1.19906789630201
2627,3398,1.03982523077031
2627,3486,1.93002195053289
2627,3603,1.39924698785778
2627,3649,1.16692112254816
2627,3734,1.53789959900634
2627,3780,0.985149771881468
2628,2630,-1.32667103328604
2628,2633,-0.47248904373862
2628,2636,-0.761274011717744
2628,2638,-0.62360078873941
2628,2639,-0.362617538000129
2628,2640,-1.37660950210435
2628,2722,-1.694551920551
2628,2758,-0.706155366829332
2628,2835,-0.382249752354234
2628,3126,-1.69802196263968
2628,3575,-2.04712886976985
2628,3587,-0.981229261449265
2628,3954,-0.532832976164351
2629,2630,-1.17624730357545
2629,2632,0.337481848050504
2629,2633,-0.322065314028032
2629,2635,-0.389522285425535
2629,2641,-2.19156304151973
2629,2642,0.549025851282518
2629,3235,-0.456748298526762
2629,3271,-0.0863420838073477
2629,3427,0.269370502763956
2629,3591,0.588526766976251
2629,3666,-0.588843734765491
2629,3842,-0.745484637293163
2630,2634,0.0710392550378919
2630,2635,0.786725018149915
2630,2642,1.72527315485797
2630,2772,0.0054952324525935
2630,2794,0.631227828563269
2630,3046,-0.984154169905103
2630,3900,0.112309227173932
2630,3927,0.748768013685044
2631,2636,-0.646793766562723
2631,2638,-0.50912054358439
2631,2820,-0.190689378247838
2631,2839,0.323752273747778
2631,3494,-1.28473631432128
2631,3500,-1.32345962950245
2631,3906,-1.3274878660581
2631,3910,0.661183021917878
2632,2633,-0.659547162078535
2632,2637,-0.597621798058492
2632,2640,-1.56366762044427
2632,2643,-1.25544312063339
2632,2644,-0.66273033640561
2632,2785,-0.526045764458961
2632,2808,-0.897252842191005
2632,3438,-0.703759555726363
2632,3590,-0.357653549750505
2632,3723,-0.906751309204429
2633,2636,-0.288784967979124
2633,2637,0.0619253640200432
2633,2638,-0.15111174500079
2633,2641,-1.8694977274917
2633,2797,0.237866266327389
2633,3059,-1.00295292585067
2633,3094,0.770625013984297
2633,3410,-0.0324777297724827
2633,3543,-0.143836075276134
2634,2637,0.845068098529569
2634,2638,0.632030989508736
2634,2641,-1.08635499298218
2634,2647,-0.297664737385613
2634,2846,-0.0869736540646984
2634,3002,1.90649444302403
2634,3007,0.464547552934403
2634,3330,1.28814476458201
2634,3599,1.40194622075556
2634,3953,1.01117392486461
2635,2638,-0.0836547736032869
2635,2639,0.177328477135994
2635,2640,-0.836663486968229
2635,2641,-1.8020407560942
2635,2642,0.938548136708053
2635,2644,0.0642737970704287
2635,2646,-0.641303564350247
2635,3124,-0.399709721294647
2635,3412,0.925143944517393
2635,3598,0.413838134564995
2636,2638,0.137673222978333
2636,2639,0.398656473717614
2636,2644,0.285601793652049
2636,2648,-0.151375003996852
2636,2682,-0.109790981430772
2636,2821,0.247818614159955
2636,2911,0.0007451701038355
2636,3283,0.813159718078338
2636,3318,0.250872346464744
2636,3545,-0.207283321668937
2636,3810,0.782943177891293
2637,2640,-0.966045822385775
2637,2642,0.809165801290507
2637,2680,-1.31804971991267
2637,2764,0.252046015507113
2637,2776,0.278574538130835
2637,2843,0.33962638497645
2637,3336,0.0883362189119702
2637,3403,-0.121497112306061
2637,3566,0.10945123641485
2638,2644,0.147928570673716
2638,2645,0.370691470071394
2638,2646,-0.55764879074696
2638,2648,-0.289048226975185
2638,2649,0.607466524574703
2638,2650,-0.793144149294663
2638,3106,-0.654781873982697
2638,3347,0.300433945334937
2638,3554,-0.130413308295765
2638,3693,0.517317582692439
2638,3978,0.0896623287099836
2639,2643,-0.705767464293342
2639,2648,-0.550031477714466
2639,2729,-0.0259356568365892
2639,2949,-0.381323875204328
2639,3421,-0.982965620779829
2639,3592,-0.0663126360646131
2639,3594,-0.236763205345529
2639,3806,-0.112847523770912
2640,2649,1.36047523793964
2640,2651,1.0768628629952
2640,2770,0.536744597353709
2640,3262,1.03947054007659
2640,3304,0.718160763770335
2640,3390,2.44166981210617
2640,3510,1.05930495964754
2641,2642,2.74058889280225
2641,2643,1.27360176893685
2641,2647,0.788690255596563
2641,2648,1.42933775551573
2641,2950,1.33664434723684
2641,3059,0.866544801641029
2641,3120,1.6271947579244
2641,3128,1.75532289006232
2641,3415,3.41177672572424
2641,3449,2.09857760221991
2641,3493,1.23487342192585
2641,3613,1.87454967818431
2641,3999,1.98896854209908
2642,2643,-1.4669871238654
2642,2647,-1.95189863720569
2642,2652,0.126460637426603
2642,2655,-0.538379823931262
2642,3007,-1.18968634688567
2642,3008,-1.243328979599
2642,3016,-1.04517969360674
2642,3072,-1.12383242352563
2642,3251,0.363462100827083
2642,3307,-1.21285321594151
2642,3931,-0.243345727467381
2643,2646,-0.112864577192899
2643,2652,1.593447761292
2643,2653,0.233295326762384
2643,3298,0.417552241156052
2643,3580,0.521630948344738
2643,3632,-0.599238818590697
2643,3727,0.59309222815356
2643,3835,0.0461238469238865
2644,2648,-0.436976797648901
2644,2649,0.459537953900987
2644,2657,-0.789480360711164
2644,3028,-0.11938450205017
2644,3197,0.595398984386156
2644,3199,-0.465929458854088
2644,3553,0.0666362037631975
2645,2646,-0.928340260818354
2645,2647,-1.30038719696574
2645,2648,-0.659739697046579
2645,2652,0.77797207766655
2645,2656,0.307531392233953
2645,2657,-1.01224326010884
2645,2896,-0.138437971564668
2645,3173,-1.35764285334363
2645,3405,0.534949155516173
2645,3506,-0.586512155131606
2645,3694,0.0131201124922898
2646,2649,1.16511531532166
2646,2650,-0.235495358547702
2646,2654,0.509565646478535
2646,2657,-0.0839029992904877
2646,2730,1.53572010956572
2646,2830,1.13123860277856
2646,3312,-0.0256080490043153
2646,3803,1.56284438534213
2646,3905,0.934508739412054
2647,2653,0.718206840102672
2647,2654,0.881612582625924
2647,2655,1.41351881327443
2647,2658,2.66705266695829
2647,2953,2.0252485922726
2647,3003,0.96215652674318
2647,3554,0.799282418598585
2647,3622,0.93877105443555
2647,3808,2.39931389602693
2647,3814,0.316726841511726
2648,2649,0.896514751549888
2648,2654,0.24096508270676
2648,2659,1.03330505704891
2648,2706,-0.0906539347013938
2648,2711,1.54125040885061
2648,2821,0.399193618156806
2648,2831,0.436428257584382
2648,3339,0.868693502844181
2648,3831,1.02746573538331
2648,3899,-0.952330747661971
2648,3940,-0.389322639948027
2649,2654,-0.655549668843128
2649,2656,0.0707563377306433
2649,2688,-0.849630679429654
2649,2701,-1.14027046666076
2649,2706,-0.987168686251282
2649,2843,-0.0548030305774195
2649,3997,-0.859884606316698
2650,2652,1.94180769703261
2650,2654,0.745061005026238
2650,2655,1.27696723567474
2650,2656,1.47136701160001
2650,2659,1.53740097936838
2650,3142,1.45182710443749
2650,3174,1.28973456500622
2651,2653,-0.535343036421931
2651,2659,0.420402680443467
2651,2663,-0.688724131513315
2651,2687,-0.241865251259495
2651,3110,0.723070951715076
2651,3350,-0.557663361411799
2651,3364,-1.7304934883659
2651,3631,0.187625130066911
2652,2654,-1.19674669200637
2652,2655,-0.664840461357865
2652,2662,-0.371787055352413
2652,2664,-0.690113300730055
2652,2983,-0.891683411760467
2652,3106,-1.80344542172064
2652,3263,-0.954604244741114
2652,3340,-1.02435603850941
2652,3927,-1.10296577859953
2653,2662,0.988365379177208
2653,2664,0.670039133799566
2653,2739,-0.223353747415228
2653,2899,0.0442221059465171
2653,3159,0.859321143794385
2653,3484,-0.718809464505092
2653,3675,1.44452252455369
2654,2655,0.531906230648503
2654,2656,0.726306006573771
2654,2657,-0.593468645769023
2654,2659,0.792339974342145
2654,2663,-0.316786837614637
2654,2956,0.509459246502498
2654,3146,1.56450641136187
2654,3227,0.081711547589829
2654,3253,0.426192647839517
2654,3355,-0.105157921654298
2654,3460,0.936469270333634
2654,3748,0.341956050206802
2654,3956,-0.452363038720817
2655,2656,0.194399775925268
2655,2659,0.260433743693642
2655,2665,0.277976419609043
2655,2667,0.691533915584389
2655,2840,-0.988077341293814
2655,3399,-0.136427722376581
2655,3531,-1.14601510176974
2655,3638,-0.81800520324912
2656,2657,-1.31977465234279
2656,2658,1.0591340777586
2656,2664,-0.219672615297458
2656,2666,-1.0344122308612
2656,2667,0.497134139659121
2656,2793,-0.847263804729261
2656,2842,-1.10594950374863
2656,3044,-1.19635215266653
2656,3903,-1.4048304362774
2656,3914,-0.0116904966707084
2657,2668,-0.2062640526442
2657,2670,-0.124203193606333
2657,2936,0.535505268819922
2657,3004,0.567103863010585
2657,3502,0.329704506924219
2657,3823,0.58483136040392
2657,3870,0.202636496131344
2657,3926,1.20153455340195
2658,2659,-0.993100109990225
2658,2661,-0.703939448897245
2658,2666,-2.0935463086198
2658,2667,-0.561999938099478
2658,3333,-1.55890914659306
2658,3348,-1.41185929016237
2658,3463,-3.30138768935857
2658,3688,-1.5496677095562
2658,3882,0.0105507316591648
2659,2667,0.431100171890747
2659,2670,-1.5100118137175
2659,2672,-0.425643826821575
2659,2717,0.571011387342725
2659,2947,-0.721496878680084
2659,3250,-0.868135051396558
2659,3348,-0.418759180172143
2659,3366,-1.24404097702819
2659,3715,-1.34659093643859
2660,2671,1.44033450528373
2660,2673,-0.324663033580965
2660,2699,0.39655236057169
2660,2759,0.780763218447673
2660,3081,1.27288852944006
2660,3400,-0.0757420631185078
2660,3618,2.43896780135521
2660,3900,0.205891138693379
2661,2662,-0.25654099878117
2661,2669,-0.426103575747888
2661,2671,-0.389735141949042
2661,2673,-2.15473268081374
2661,2674,-0.650977623340653
2661,2805,-1.57513032064478
2661,2929,-1.21911858303398
2661,3055,-1.39101391637112
2661,3190,-1.32470150093859
2661,3194,-2.08172196135542
2661,3353,-0.288371087228096
2661,3748,-0.739544585228323
2661,3804,-0.27261721382721
2661,3853,-2.28742856873291
2661,3874,-0.516673233426933
2662,2664,-0.318326245377642
2662,2669,-0.169562576966719
2662,2670,-1.54263147602931
2662,2673,-1.89819168203257
2662,2674,-0.394436624559484
2662,3008,-0.998002561673194
2662,3186,-0.54731873574801
2663,2665,1.12666948787218
2663,2673,-0.756445207763978
2663,2680,-0.74014262900877
2663,2716,-0.42491048912582
2663,2846,-0.354134661690372
2663,2849,1.94888506006972
2663,2900,-1.01518894384482
2663,2940,-0.494755210118427
2663,3394,0.492416847077751
2663,3811,0.80255480299936
2664,2665,0.303249258981233
2664,3001,0.808826460800803
2664,3495,0.378355782064575
2664,3537,-0.664743494794447
2664,3566,-0.136061901572205
2664,3798,-0.801324323181747
2664,3832,-0.231815871746636
2664,3876,-0.714104307744584
2664,3891,0.431694515532905
2664,3942,-0.316299709190409
2665,2668,-1.60961534867077
2665,2671,-0.118117156771463
2665,2674,-0.379359638163074
2665,2675,-0.99510513616843
2665,2676,-0.531514920460396
2665,2689,-0.849089590443576
2665,2732,-0.762885266148237
2665,2950,-1.14354114124319
2665,3049,-0.492031729571228
2665,3196,-1.41000921648349
2665,3437,-0.539831519023616
2665,3740,-0.540446175305196
2666,2667,1.53154637052032
2666,2670,-0.409565615087929
2666,2674,0.738629236381898
2666,2675,0.122883738376542
2666,2676,0.586473954084577
2666,2679,0.646321762392979
2666,2760,0.646525900377631
2666,2796,0.801841370410908
2666,3347,0.656623313890788
2666,3445,-0.940529199792336
2666,3446,-0.567217059233598
2666,3502,0.0443420854426227
2667,2668,-2.02317284464612
2667,2678,-1.64906362776661
2667,2679,-0.885224608127339
2667,2805,-1.71706983144255
2667,3075,-2.12061523302553
2667,3371,-0.139945274604599
2667,3640,-1.98054460884568
2667,3784,-2.35985578424763
2667,3823,-1.23207743159799
2667,3930,-1.01362201208269
2667,3972,-0.485827685588297
2668,2672,1.16642884593379
2668,2673,-0.273499346965392
2668,2676,1.07810042821037
2668,2679,1.13794823651878
2668,2764,1.31289896720959
2668,2886,1.46354724002841
2668,3547,0.456322708252535
2668,3821,1.1337772872323
2668,3887,2.90765780132743
2668,3969,1.0949374883336
2669,2672,-0.288700912166666
2669,2673,-1.72862910506585
2669,2676,-0.377029329890087
2669,2678,-1.08102054122096
2669,2899,-0.774580696263972
2669,3111,0.181569596925652
2669,3239,-0.503094089123887
2669,3382,-0.349358012307559
2669,3753,-0.631082688385224
2669,3772,-0.689366469070887
2670,2673,-0.355560206003259
2670,2678,0.292048357841633
2670,2738,0.687317363927258
2670,3347,1.06618892897872
2670,3744,0.739760325933971
2670,3950,1.84947815109861
2671,2672,-0.325069345965513
2671,2675,-0.876987979396967
2671,2676,-0.413397763688933
2671,2678,-1.11738897501981
2671,2683,-1.15607255999067
2671,2959,-1.87109322372732
2671,2978,-1.05366457413176
2671,3007,-0.811165785791991
2671,3473,-0.693411592653436
2671,3590,-0.190676991888838
2671,3769,-0.541102544160449
2672,2673,-1.43992819289919
2672,2676,-0.0883284177234202
2672,2677,-1.36521556018908
2672,2678,-0.792319629054294
2672,2681,0.0961445633435443
2672,2684,0.0509449878071359
2672,3432,-0.95676901356958
2672,3741,-0.188778053057554
2672,3814,-0.931581888634769
2672,3929,-0.985871572218742
2672,3948,0.305757800436296
2673,2674,1.50375505747309
2673,2676,1.35159977517577
2673,2682,0.873850985237935
2673,2684,1.49087318070632
2673,2743,1.15884816114053
2673,2745,1.70699310348623
2673,3149,1.03585333144096
2674,2676,-0.152155282297322
2674,2678,-0.856146493628195
2674,2687,-0.300450969455288
2674,2823,-0.557400628556751
2674,2996,-0.489379755239305
2674,3187,-0.0054963320919821
2674,3302,1.3830600388693
2674,3373,0.626117317507539
2674,3376,0.925165104147612
2674,3453,-1.40531720201259
2674,3638,-0.716621984695089
2675,2678,-0.240400995622839
2675,2679,0.523438024016437
2675,2680,-0.871706980712523
2675,2683,-0.279084580593706
2675,2687,0.315294528550068
2675,3231,0.441478996370987
2675,3341,-0.0609779535397885
2675,3499,1.23288793072109
2675,3769,0.335885435236518
2675,3830,0.166336582068551
2675,3870,-0.205609663726795
2676,2682,-0.477748789937831
2676,2686,-1.04947523789019
2676,2688,-0.472448740383676
2676,3052,-0.381186364381448
2676,3436,-0.691563327600488
2676,3563,-1.47770037479622
2676,3658,-0.84180681460208
2677,2679,1.33673495077407
2677,2680,-0.0584100539548935
2677,2682,0.799138352527833
2677,2683,0.534212346163924
2677,2686,0.227411904575475
2677,2760,1.33693908875872
2677,2832,1.70774198771148
2677,2986,0.0728042873038683
2677,3693,1.56392013962938
2677,3914,1.71313492257158
2678,2683,-0.0386835849708666
2678,2685,1.41049701269248
2678,2689,0.386416541347694
2678,2690,1.02770643157956
2678,2714,-0.623326443444022
2678,2961,-0.654503424831169
2678,3111,1.26259013814661
2678,3375,1.14636341905399
2678,3422,0.0113950275767085
2678,3653,-0.55706567392431
2678,3779,0.843205065059065
2678,3842,0.201399047537807
2679,2681,0.124625172758562
2679,2686,-1.10932304619859
2679,2687,-0.208143495466369
2679,2783,-0.582884196110421
2679,2875,-0.191726623497656
2679,3031,0.040462277747192
2679,3082,0.185328585249371
2679,3169,-0.369492256402872
2679,3736,-0.286783611188995
2679,3981,0.248747970341013
2680,2684,1.47457060195111
2680,2686,0.285821958530368
2680,2773,2.49914895346963
2680,2996,0.998072723478573
2680,3640,0.299825004010621
2680,3733,0.781362503542175
2680,3776,0.133540693884915
2681,2682,-0.662221771004795
2681,2684,-0.0451995755364084
2681,2687,-0.332768668224931
2681,2688,-0.656921721450641
2681,2693,0.0640728135172265
2681,2942,0.152566827215689
2681,3277,-0.124278419573184
2681,3506,-0.630578251655902
2681,3725,-1.17873487157107
2681,3826,-0.546503303724273
2682,2683,-0.264926006363909
2682,2684,0.617022195468387
2682,2690,0.801464010186519
2682,2738,0.169026584692582
2682,3125,-0.415367346339313
2682,3389,-0.773377742299178
2683,2685,1.44918059766335
2683,2694,0.157397955207239
2683,2696,0.777528956974489
2683,2745,1.09806812461221
2683,3030,1.27874337147848
2683,3409,1.07105896896269
2683,3525,0.121349620335082
2683,3600,1.89529285172639
2683,3765,0.828727289300391
2683,3891,1.40263497331381
2684,2686,-1.18874864342074
2684,2691,-0.419751341287627
2684,2693,0.109272389053635
2684,2695,-1.06605896412844
2684,2822,-1.91833700555773
2684,2913,-0.633307479669274
2684,2973,-1.19620808574424
2684,3118,-0.0187759126603274
2684,3158,1.12095396954041
2685,2690,-0.382790581112923
2685,2696,-0.671651640688861
2685,3032,-0.280712191203192
2685,3147,-0.804936613937218
2685,3509,-0.913053030068282
2685,3852,-0.849136080801168
2686,2687,0.901179550732222
2686,2688,0.577026497506512
2686,2689,0.731900567907009
2686,2694,0.464198396795687
2686,3339,1.39883592823046
2686,3503,0.223983262721576
2687,2689,-0.169278982825213
2687,2691,-0.132182248599105
2687,2695,-0.778489871439917
2687,2696,0.183149847830716
2687,2698,-0.642492312510468
2687,2756,0.572792316512065
2687,2986,-1.05578716800383
2687,3234,0.328620913457036
2687,3592,0.112681716303909
2687,3743,0.883335694246085
2687,3847,0.420189220932316
2687,3889,0.193566650985107
2688,2693,0.720994534967868
2688,2698,-0.318339259284758
2688,2730,1.22023547367371
2688,3466,0.615111790221432
2688,3591,1.30386798086002
2689,2692,-0.0800093725656661
2689,2694,-0.267702171111322
2689,2699,-0.312809711039931
2689,2701,-0.445513857631602
2689,2702,-0.185163841185186
2689,2971,0.197630031939681
2689,3333,0.265737877925335
2690,2692,-0.721299262797534
2690,2697,-0.533202450804216
2690,2698,-1.11450321991712
2690,2701,-1.08680374786347
2690,2702,-0.826453731417054
2690,2838,-0.269649315273684
2690,2859,-0.362686673858042
2690,2987,0.747951349832316
2690,3041,-0.812712474248186
2690,3507,0.989526563084819
2690,3660,-0.79167397486046
2690,3849,-0.302248222705136
2691,2693,0.529023730341262
2691,2696,0.315332096429821
2691,2701,-0.482610591857711
2691,2703,-0.425144711985351
2691,2723,-0.793257335854382
2691,2880,0.0925950200132578
2691,3099,0.332639216532306
2691,3132,0.680222410841821
2691,3559,-0.244208187832983
2692,2697,0.188096811993318
2692,2698,-0.393203957119589
2692,2699,-0.232800338474265
2692,2700,-0.598724027493481
2692,2704,-0.160672600358116
2692,2842,-0.260427184423164
2692,2962,0.723579443741661
2692,2973,-0.65935063766484
2692,3077,0.117790548693768
2692,3095,1.60514395378783
2692,3486,0.99166420121408
2692,3767,0.133689392222691
2692,3816,-0.766371156023907
2692,3842,-0.105008121244221
2692,3871,0.736871844757556
2693,2694,-0.833822635678692
2693,2697,-0.458033025139719
2693,2699,-0.878930175607301
2693,2702,-0.751284305752557
2693,2703,-0.954168442326613
2693,2704,-0.806802437491153
2693,2706,-0.858532541789495
2693,2864,-1.38556548055668
2693,2944,-1.23912403862563
2693,3500,-1.29316946603098
2693,3716,-1.07713232181708
2694,2696,0.620131001767251
2694,2697,0.375789610538973
2694,2700,-0.411031228947826
2694,2702,0.0825383299261354
2694,2704,0.0270201981875397
2694,2705,0.614943888087109
2694,2755,0.448091640072787
2694,3350,0.121183043784231
2695,2699,0.296401177574773
2695,2703,0.221162910855461
2695,2707,0.389938420486103
2695,2945,0.822261982374396
2695,3354,1.20905632147369
2695,3462,0.831327093827061
2695,3733,0.372850865719501
2695,3819,0.206762151810941
2696,2699,-0.66523854169586
2696,2705,-0.0051871136801414
2696,2707,-0.571701298784529
2696,2708,-1.11261793918233
2696,2709,-0.682591961134366
2696,2924,0.515144192778151
2696,3331,-0.968470862141356
2696,3481,-0.576584776764221
2696,3632,-1.30916177834623
2696,3682,-0.193918742973375
2696,3708,-0.0672681769348266
2696,3777,0.486789780622551
2697,2701,-0.553601297059254
2697,2703,-0.496135417186895
2697,2706,-0.400499516649776
2697,2708,-0.868276547954057
2697,2815,-0.550147945799592
2697,3101,-0.841219012428026
2697,3228,-0.262573578737492
2697,3232,-0.20808040087259
2697,3366,-0.520581501927662
2697,3490,-0.114558346148074
2697,3618,1.62151829031593
2698,2699,0.160403618645324
2698,2702,0.288049488500069
2698,2704,0.232531356761473
2698,2707,0.253940861556655
2698,2710,0.948603407428594
2698,2711,1.81270559601513
2698,2843,1.11316690813699
2698,2895,1.2382938649784
2698,2921,0.477296564348761
2698,3609,0.241432311954095
2698,3716,-0.0377985275644572
2698,3796,1.01855655977263
2699,2700,-0.365923689019216
2699,2710,0.78819978878327
2699,3094,1.32183655447947
2699,3367,0.687798136556265
2699,3578,0.136963420213086
2699,3605,0.434641269139741
2699,3614,2.33685684707109
2699,3741,0.529934745688976
2699,3945,0.0569669314546885
2700,2707,0.459460931930547
2700,2708,-0.0814557084672583
2700,2710,1.15412347780249
2700,2711,2.01822566638903
2700,3226,1.87478148413489
2700,3828,0.0089441080232257
2700,3908,0.541615959973959
2701,2709,0.115350727153165
2701,2712,0.0573781758624011
2701,2833,0.686154063415642
2701,2931,0.730950711346519
2701,3246,1.01035167742654
2701,3388,-0.172640271755017
2702,2706,-0.107248236036938
2702,2709,-0.144999289293251
2702,2710,0.660553918928525
2702,2711,1.52465610751507
2702,2724,-1.45354746867478
2702,2902,0.523004294310541
2702,2908,0.116499256354076
2703,2707,0.168775509630642
2703,2708,-0.372141130767163
2703,2713,0.991577031980579
2703,3832,0.70207243747495
2703,3839,0.259974899841694
2704,2710,0.716072050667121
2704,2715,1.09175557984659
2704,2726,-1.13153025916918
2704,2743,0.365505028871724
2704,3006,0.700228451000701
2704,3013,0.278694288882169
2704,3631,0.839451337075401
2704,3850,0.747964550861541
2705,2713,0.256287337245549
2705,2714,-1.3569847017675
2705,2717,1.05531658489511
2705,2718,-0.0938619178463703
2705,2743,-0.222418661027846
2705,2755,-0.166852248014322
2705,2823,-0.434912393252037
2705,2894,1.11842591362475
2705,3124,-0.576006580212693
2705,3214,0.988838260214629
2705,3503,-0.855159022161221
2705,3559,-0.554353170582662
2705,3656,0.241513464484567
2705,3866,0.498741832238654
2706,2709,-0.0377510532563128
2706,2713,0.895941131443461
2706,2717,1.69497037909302
2706,2719,-0.0666343899132198
2706,2809,0.746682357158195
2706,2829,-0.419191450845737
2706,2965,0.168787896176763
2706,3264,-0.209205942373491
2706,3438,0.486601513029542
2706,3451,-0.952461111902384
2706,3720,-0.286966228769499
2707,2708,-0.540916640397805
2707,2709,-0.110890662349837
2707,2710,0.694662545871939
2707,2715,1.07034607505141
2707,2716,-0.483217918425827
2707,2717,1.6218307699995
2707,2718,0.472652267258018
2707,2719,-0.139773999006744
2707,3037,-0.257394703644971
2707,3107,1.15993914458161
2708,2715,1.61126271544922
2708,2716,0.0576987219719782
2708,2717,2.1627474103973
2708,2719,0.401142641391061
2708,2768,0.641045593917716
2708,2929,0.661778101113583
2708,3039,0.495848075850116
2708,3474,-0.25331450705032
2708,3543,0.854754862705516
2708,3701,0.368715226268336
2708,3846,1.11828992463883
2709,2710,0.805553208221776
2709,2712,-0.0579725512907638
2709,2714,-0.679579854313279
2709,2715,1.18123673740125
2709,2716,-0.37232725607599
2709,2719,-0.028883336656907
2709,2722,-0.653497916878696
2709,2792,1.2221689723711
2709,3481,0.106007184370145
2709,3865,1.48937305327056
2709,3904,-0.204069268555655
2710,2721,-1.23649651346968
2710,2821,-0.277954602107264
2710,3080,1.40667062827798
2710,3167,-2.02879435038557
2710,3247,-1.08950079266956
2710,3823,-0.444820422922413
2711,2712,-1.72762794809908
2711,2832,-0.591062751100882
2711,2946,-1.20909670267912
2711,3073,-2.65892643342969
2711,3364,-2.65884152061107
2711,3821,-0.966240737324774
2711,3938,-1.15917877973702
2712,2715,1.23920928869201
2712,2720,0.696705716203663
2712,2721,-0.372970753957141
2712,2756,1.13020698110648
2712,2789,1.11432936764862
2712,2978,0.0654435413095492
2712,2984,-0.943807939386895
2712,3797,2.2200065321132
2712,3899,-0.765953208413501
2712,3958,-0.121484944221593
2713,2725,-1.04213060175773
2713,3133,0.131867075799913
2713,3453,-1.53911630395342
2713,3472,-0.629050256014468
2713,3612,-0.909583210144016
2713,3713,-1.16916997221998
2714,2716,0.307252598237289
2714,2722,0.0260819374345833
2714,3345,0.948315461206855
2714,3378,2.3594383922495
2714,3441,1.35403105861356
2714,3527,2.16593080157612
2714,3722,0.612910752654929
2714,3759,0.954251959672573
2714,3818,0.914437553234007
2714,3939,1.43645432354601
2715,2718,-0.597693807793394
2715,2719,-1.21012007405816
2715,2721,-1.61218004264915
2715,2722,-1.83473465427994
2715,2789,-0.124879921043392
2715,2810,-1.88438170555069
2715,3064,0.0077716566765823
2715,3240,-0.943772182565476
2715,3522,-0.651000247500437
2715,3790,0.345502980391697
2716,2717,2.10504868842533
2716,2718,0.955870185683845
2716,2719,0.343443919419083
2716,2720,1.01106042098889
2716,2725,0.263888839018031
2716,2726,-0.669721845538539
2716,3107,1.64315706300744
2716,3274,0.977094927193857
2716,3385,1.29953447250498
2717,2724,-3.04126961173086
2717,2725,-1.8411598494073
2717,2729,-1.08022062351375
2717,2730,-0.337196898597684
2717,2737,-1.40487736572035
2717,3149,-1.40073007562252
2717,3317,-2.04762632978305
2717,3708,-1.1173976481498
2718,2726,-1.62559203122238
2718,2727,-0.210638826155977
2718,2988,0.0837724619629806
2718,3351,-0.198056857474705
2718,3377,-0.50122520690988
2718,3478,0.547155195873247
2718,3529,0.196310692468887
2718,3614,1.77066733690174
2719,2721,-0.402059968590998
2719,2722,-0.624614580221789
2719,2723,-0.397114134492929
2719,2726,-1.01316576495762
2719,2730,1.42440787040856
2719,2732,0.445250791430683
2719,2825,-0.0109013150310816
2719,2911,0.309408498715301
2719,3232,0.259053505690406
2719,3643,0.232532398042685
2719,3715,-0.155997554775068
2720,2722,-1.29223108179159
2720,2727,-0.265829061461022
2720,2729,0.0137676439226841
2720,2813,-0.0127449842336192
2720,2925,-1.29973343113247
2720,3242,-0.312877478015383
2720,3433,-0.998086187778376
2720,3500,-1.03561903589807
2720,3896,0.0004434726049637
2720,3922,-0.428419340104333
2721,2729,1.08344411408349
2721,2730,1.82646783899956
2721,2731,1.49247077413857
2721,2732,0.847310760021681
2721,2733,1.40618536549654
2721,3003,0.880857320029628
2721,3278,1.24632184807527
2721,3307,0.657746214550623
2721,3698,2.28838292918424
2721,3848,2.35022009904848
2722,2725,0.545059499820737
2722,2833,1.22430125314117
2722,3083,1.54706375648398
2722,3201,-0.277715134854533
2722,3249,1.79910210592823
2722,3507,2.61447750067382
2722,3961,0.6688508483127
2723,2724,-0.882550708231688
2723,2728,0.608182171523423
2723,2730,1.82152200490149
2723,2805,0.301737856604644
2723,2977,0.915302232828888
2723,3716,0.245148744378561
2723,3808,2.31306885521531
2723,3913,0.963737279971619
2724,2727,1.6814522828334
2724,2893,2.59631166089284
2724,2998,1.32353445672435
2724,3213,0.539460574885955
2724,3795,1.95232099828868
2724,3865,2.79792123265209
2724,3977,1.65212870843204
2725,2727,0.481342520509837
2725,2731,1.16996588594862
2725,2738,0.447454012274328
2725,2771,1.15864065988303
2725,2784,1.85911742244534
2725,3020,1.66520831243541
2725,3166,0.662154169203796
2725,3723,0.429799229865748
2725,3759,0.383110522417254
2725,3872,0.266126745704193
2726,2730,2.43757363536618
2726,2731,2.10357657050519
2726,2733,2.01729116186317
2726,2738,1.3810646968309
2726,2842,1.03177567510414
2726,2873,1.77530406611789
2726,3259,2.22018090388286
2726,3951,-0.0107950894524758
2727,2733,0.602337956796761
2727,2737,-0.0450600368228925
2727,2740,0.272116496042698
2727,2870,-0.945429653421112
2727,3203,1.05983616440044
2727,3299,0.749581962792188
2727,3881,-0.587149170661903
2728,2729,0.470316108461997
2728,2730,1.21333983337807
2728,2732,0.23418275440019
2728,2734,0.701248875286793
2728,2735,-0.663712939668541
2728,3437,0.457236501524811
2728,3770,-0.548593316194535
2729,2732,-0.236133354061807
2729,2734,0.230932766824795
2729,2737,-0.324656742206599
2729,2738,-0.313485213619215
2729,2741,-0.391482601285913
2729,3107,0.618328998095863
2729,3261,0.0871430537425367
2729,3338,-1.52433193847683
2729,3471,0.671274610917629
2729,3886,-1.14493397092675
2730,2731,-0.333997064860991
2730,2736,-1.08577710931733
2730,2738,-1.05650893853528
2730,2740,-0.750503934257077
2730,2741,-1.13450632620198
2730,2743,-0.940538347325273
2730,2837,-2.08641046074354
2730,3315,-0.344344220904681
2730,3733,-1.30172142616842
2731,2740,-0.416506869396086
2731,2988,-0.394212077319826
2731,3061,-0.294202220374565
2731,3111,0.144809258386694
2731,3194,-1.69237872414649
2731,3212,-0.809943274399647
2731,3313,-1.23154698381682
2731,3345,-0.792791861997085
2731,3827,-0.437030887042773
2731,3977,-0.717946939840149
2732,2733,0.558874605474863
2732,2736,-0.106620030339453
2732,2739,-0.433756874047789
2732,2740,0.228653144720799
2732,2913,-0.262663728450877
2732,2921,-0.0821210896318328
2732,3175,0.810789212515489
2732,3381,-0.10942034762062
2732,3435,0.162000550083201
2732,3486,0.825450504353075
2732,3882,1.74899343188223
2733,2735,-1.45677029954359
2733,2736,-0.665494635814315
2733,2737,-0.647397993619654
2733,2741,-0.714223852698968
2733,2742,0.64194117480861
2733,2745,0.0278890685234439
2733,2847,-1.08879405153016
2733,3018,-0.461925759448444
2733,3517,-1.51259511814641
2734,2735,-1.36496181495533
2734,2738,-0.54441798044401
2734,2742,0.73374965939687
2734,2744,-1.04471443647552
2734,3244,-0.308028753327219
2734,3792,-0.609200098185303
2734,3810,0.179289594185472
2735,2738,0.820543834511323
2735,2741,0.742546446844625
2735,2742,2.0987114743522
2735,2745,1.48465936806704
2735,2747,1.31443520820499
2735,3182,0.601225222230283
2735,3404,1.0461284495313
2735,3748,1.19285436016622
2736,2738,0.0292681707820452
2736,2946,0.150811269694876
2736,3078,1.3810386865098
2736,3149,0.022243932292491
2736,3268,-0.11396708345423
2736,3314,-0.374281297378472
2736,3778,-0.530563774643985
2736,3784,-1.0767929917846
2736,3880,-0.400142752501714
2736,3958,-0.48920491994668
2737,2746,1.33464920342025
2737,2748,-0.123079418836072
2737,2790,0.344733539536124
2737,3064,0.861164327448846
2737,3150,-0.344711835842532
2737,3318,0.202808271790317
2737,3592,0.284279762978575
2737,3669,0.496403415744988
2737,3689,1.63591266336498
2737,3706,0.0917256475074444
2737,3840,1.45745378701445
2737,3853,-1.16440192926231
2737,3998,1.06550058180338
2738,2739,-0.356405014490382
2738,2746,1.32347767483286
2738,2747,0.493891373693667
2738,2750,-0.474262080796603
2738,2751,-0.188522314777066
2738,2786,0.57592787335545
2738,2901,-0.195546554299236
2738,3152,1.14181009109946
2738,3285,-0.547422474987177
2738,3413,-0.115121356714557
2738,3432,-0.559718390600911
2738,3547,-0.31305551471259
2738,3558,0.288427520132498
2739,2742,1.63457265433126
2739,2746,1.67988268932324
2739,2748,0.222154067066926
2739,2751,0.167882699713315
2739,2752,-0.30123262941122
2739,3009,-1.7305706842402
2739,3022,-0.419960754969242
2739,3818,0.252247118194742
2739,3900,-0.155918383165791
2739,3978,0.524504962916888
2740,2742,0.972162635562674
2740,2751,-0.494527319055273
2740,2753,0.349800598767573
2740,2837,-1.33590652648646
2740,3284,0.663580705089891
2740,3435,-0.066652594637598
2740,3557,-0.632511532385905
2740,3600,1.15533525639169
2740,3744,-0.253562042271494
2740,3956,-0.728013567550926
2740,3976,-0.858761780936025
2741,2745,0.742112921222412
2741,2747,0.571888761360365
2741,2748,-0.0562535597567575
2741,2754,0.0416769546251087
2741,2975,-0.690366966895171
2741,3574,1.11021743206264
2741,3593,-0.874846074872097
2741,3738,0.443454766674318
2741,3777,0.908363534207247
2741,3857,-0.113075314825698
2741,3926,0.716417770747724
2742,2746,0.0453100349919826
2742,2750,-1.75242972063748
2742,2751,-1.46668995461795
2742,2753,-0.622362036795101
2742,2754,-1.31448807288247
2742,2755,-1.10663063561735
2742,2895,-0.521939569285665
2742,2918,-1.23519789998895
2742,3044,-1.71785931048554
2742,3119,-0.411005304960872
2742,3172,-1.94511577097787
2742,3963,0.100872108653238
2743,2744,-0.616267047241518
2743,2747,0.377920782483656
2743,2752,-0.773608235111612
2743,2755,0.0555664130135234
2743,2795,-1.32829541710648
2743,3002,1.2369304820218
2743,3018,0.0583301143738153
2743,3197,0.705794583566384
2743,3227,-0.0039045681720837
2743,3446,-0.960939399282937
2743,3718,-0.109293089223713
2744,2745,1.16441198958722
2744,2755,0.671833460255041
2744,3182,0.280977843750467
2744,3196,-0.0694756347463431
2744,3371,1.6141458031079
2744,3476,1.49318911488544
2744,3611,-1.48048463385847
2744,3614,2.51549112732473
2745,2748,-0.798366480979169
2745,2749,0.7025528213313
2745,2750,-1.13837761435232
2745,2753,-0.0083099305099342
2745,2754,-0.700435966597303
2745,2756,0.069103301043632
2745,3123,-0.778453075943397
2745,3267,-1.02362790603816
2745,3646,-0.315321393456753
2745,3803,0.419517680755978
2746,2749,0.0431906800541512
2746,2750,-1.79773975562947
2746,2751,-1.51199998960993
2746,2752,-1.98111531873446
2746,2755,-1.15194067060933
2746,2756,-0.590258840233517
2746,2758,-1.32759463320626
2746,2765,-1.2514661759547
2746,2902,-0.994489686445439
2746,2940,-2.10466524711783
2746,3522,-1.13225678014842
2747,2748,-0.628142321117122
2747,2751,-0.682413688470733
2747,2752,-1.15152901759527
2747,2754,-0.530211806735256
2747,2757,0.74514260071856
2747,2814,-0.95237577655428
2747,3006,-0.0431973603546788
2747,3405,0.490186871610423
2747,3406,-1.18066064043524
2747,3443,-0.0023746671236168
2747,3560,0.255661849334936
2747,3897,0.461119534026944
2748,2749,1.50091930231047
2748,2752,-0.523386696478146
2748,2760,0.503025098961758
2748,2761,0.715699952680501
2748,2907,0.585247420092041
2748,3245,0.257817761734049
2748,3547,-0.178804567289135
2748,3805,0.201990292752736
2749,2751,-1.55519066966408
2749,2753,-0.710862751841234
2749,2754,-1.4029887879286
2749,2757,-0.127634380474787
2749,2758,-1.37078531326041
2749,2759,-1.30411967278889
2749,2760,-0.997894203348711
2749,3172,-2.033616486024
2749,3181,-1.68718113748213
2750,2751,0.285739766019537
2750,2753,1.13006768384238
2750,2758,0.470145122423204
2750,2763,1.42178356002027
2750,2882,-0.115369322281861
2750,2886,1.16843109785989
2750,3041,0.293987032042354
2750,3099,0.835145566817087
2750,3199,0.234698812332754
2750,3364,-0.853939638222524
2750,3456,0.368636489043287
2750,3572,1.60202311801962
2750,3699,1.10110425970428
2750,3826,0.420953963384543
2751,2755,0.360059319000601
2751,2761,0.769971320034112
2751,2776,0.758571581645258
2751,3037,-0.296997321734436
2751,3217,-0.697178928632871
2751,3285,-0.35890016021011
2751,3486,1.09132467868755
2751,3518,0.542964067216747
2751,3706,0.269076433697127
2751,3733,-0.0566901728560672
2752,2756,1.39085647850095
2752,2757,1.89667161831383
2752,2833,0.88942538494771
2752,3198,1.02356683999859
2752,3331,0.0327431476782433
2752,3621,0.477607459280019
2752,3714,0.0619504772774902
2752,3825,1.33244137721072
2753,2760,-0.287031451507477
2753,2764,-0.11228485880131
2753,2873,-0.261566233758783
2753,3102,-0.199435678747961
2753,3157,-0.289454281094589
2753,3582,0.391631725686384
2753,3644,-0.679009207475474
2753,3894,-0.677124848961283
2754,2757,1.27535440745382
2754,2758,0.0322034746681899
2754,2760,0.405094584579892
2754,2766,0.546609396347751
2754,2826,-1.01237864472984
2754,2907,0.487316905710175
2754,3833,-0.435295296255635
2754,3901,0.92454009925875
2755,2757,1.06749697018869
2755,2758,-0.175653962596933
2755,2761,0.409912001033512
2755,2763,0.775984475000131
2755,2767,-0.718953182039315
2755,2916,-0.362148007407746
2755,3087,-0.31070763275669
2755,3172,-0.838485135360521
2755,3173,-1.08005076777924
2755,3799,-0.392335866547777
2756,2759,-0.670670152501226
2756,2760,-0.364444683061043
2756,2793,-0.823822157306737
2756,2918,-0.690249094747417
2756,2966,0.624259600939392
2756,3001,0.612595492925869
2756,3031,-0.324186543298504
2756,3266,-0.245138152760888
2756,3525,-1.04582180532076
2756,3532,-0.48596805032964
2756,3803,0.350414379712346
2757,2763,-0.291512495188562
2757,2764,-0.695513230167758
2757,2770,-1.37686047070694
2757,2793,-1.32963729711962
2757,2821,-1.05045096351408
2757,2942,-0.593271960884325
2757,3485,-1.46098390052312
2757,3561,0.342870782749276
2757,3972,-0.471067038319535
2758,2760,0.372891109911702
2758,2764,0.547637702617869
2758,2767,-0.543299219442382
2758,2909,0.472732584597502
2758,2959,-1.14485629641974
2758,3293,0.725497753593672
2758,3448,-0.289785778647266
2759,2761,0.518900323158926
2759,2765,0.0094628167800433
2759,2766,0.447740281208042
2759,2940,-0.843736254383086
2759,3129,0.411085099280089
2759,3545,-0.329067607028868
2759,3628,0.81666879908128
2760,2762,-0.429696524196668
2760,2763,0.578747327685362
2760,2764,0.174746592706167
2760,2765,-0.296762652660139
2760,2769,0.140432408587465
2760,3168,-1.17983888770151
2760,3609,-0.609407634007394
2760,3658,-0.901858760895135
2760,3698,1.14964987718166
2760,3867,-0.558304841805711
2761,2764,-0.0379282610125761
2761,2766,-0.0711600419508835
2761,2768,-0.709444984603667
2761,2770,-0.719275501551755
2761,2771,0.129737642351659
2761,2772,-1.20058639763456
2762,2763,1.00844385188203
2762,2767,-0.486493805157416
2762,2770,-0.0769041236363446
2762,2881,1.38059819216506
2762,3038,1.75061816322053
2762,3050,-0.181854633546315
2762,3064,0.910915171519828
2762,3191,0.895383170217019
2762,3212,-0.0265090280669899
2762,3381,0.0288538845951521
2762,3650,-0.284233661505444
2763,2767,-1.49493765703945
2763,2772,-1.56665887160118
2763,3016,-0.892060642802539
2763,3084,-0.846158068147625
2763,3118,-0.518301781108188
2763,3146,0.647339407586301
2763,3201,-2.21775012617326
2763,3595,0.474074715030492
2763,3656,-0.367618762501242
2763,3676,-1.08591729093927
2763,3950,0.214639307947691
2764,2768,-0.67151672359109
2764,2772,-1.16265813662198
2764,2773,0.929053218049853
2764,3152,0.59828934685499
2764,3250,-0.588961345850784
2764,3319,-0.657885293113895
2764,3975,-0.956573053056671
2765,2766,0.438277464427999
2765,2768,-0.200007478224784
2765,2772,-0.691148891255675
2765,2774,1.39327273915436
2765,2778,1.54937308577161
2765,2841,0.910537102940978
2765,2848,-0.370357504024593
2765,3047,-0.34918781275597
2765,3130,0.282458519012345
2765,3299,0.711458972149533
2765,3870,-0.432489173067745
2766,2771,0.200897684302543
2766,2772,-1.12942635568367
2766,2779,-0.738321187901361
2766,2785,-0.147238200969275
2766,2895,0.245939107249053
2766,3126,-1.50627251748991
2766,3165,-0.914498975170225
2766,3261,-0.109660695944411
2766,3576,0.0150270447455288
2766,3605,-0.397309869944284
2766,3878,-0.903239674611689
2767,2772,-0.0717212145617298
2767,2774,2.01270041584831
2767,2775,0.534145945645022
2767,2777,0.489604454082594
2767,2780,0.289884691953034
2767,3260,-0.137419355757928
2767,3461,-0.0569441737545405
2767,3544,1.42075501442315
2767,3724,-0.648468801689467
2767,3937,-0.0273265646636584
2767,3964,0.284403344391243
2768,2771,0.839182626955326
2768,2779,-0.100036245248578
2768,3438,0.313332950416106
2768,3655,-0.371645910211786
2768,3706,0.208550098266681
2768,3754,0.0196279533628907
2768,3846,0.477244330721109
2769,2771,0.201980087482937
2769,2772,-1.12834395250328
2769,2773,0.963367402168554
2769,2774,0.956077677906759
2769,2839,0.402103876922923
2769,2845,-1.10765802538268
2769,3053,-1.10618428037639
2769,3205,-0.56468475834989
2769,3276,-0.145616942570459
2769,3587,-0.7883974131191
2770,2771,0.849013143903415
2770,2773,1.61040045858903
2770,2774,1.60311073432724
2770,2776,0.707875763162901
2770,2777,0.0800147725615219
2770,2778,1.75921108094449
2770,2782,-0.117473512012031
2770,2783,-0.0764876862620613
2770,2832,0.877403546785775
2770,2952,1.03668618469555
2770,3161,0.329918139107407
2770,3536,-0.391275968948629
2770,3789,0.247253913348662
2770,3792,0.0730443785534169
2771,2778,0.910197937041073
2771,2779,-0.939218872203904
2771,2780,-0.968718133471453
2771,3190,-0.924033037664077
2771,3407,1.06629495962633
2771,3524,-1.70883188898492
2771,3648,-0.745744922624867
2772,2776,1.1891866592457
2772,2780,0.361605906514764
2772,2782,0.363837384070771
2772,2784,2.03080080254852
2772,2954,0.590154998733396
2772,2993,0.158581713410668
2772,3127,0.76624421723106
2772,3293,1.34051818759778
2772,3555,1.31308488966946
2773,2775,-1.48584419446508
2773,2780,-1.73010544815707
2773,3146,0.122286924515644
2773,3305,-0.979945771837844
2773,3308,-1.11601777397559
2773,3378,-0.131731019574471
2773,3941,-1.24381861891179
2774,2779,-1.69331646262773
2774,2780,-1.72281572389528
2774,2785,-1.10223347569564
2774,2786,-0.889356364677078
2774,2790,-1.13172222708379
2774,3178,-1.60431522869567
2774,3255,-0.695366372691812
2774,3660,-1.62452078739905
2774,3731,-1.99884431472371
2774,3757,-1.53313650454332
2775,2783,-0.201043950386011
2775,2787,1.42888117282182
2775,2805,-0.450004977590801
2775,3758,0.600809721932009
2775,3825,0.688073965479877
2776,2778,1.05133531778159
2776,2780,-0.827580752730939
2776,2795,-1.78237409276466
2776,2980,-1.17394471688619
2776,3621,-0.750079451489774
2776,3648,-0.604607541884353
2776,3813,-0.908735849597064
2776,3925,0.949493643453993
2777,2779,-0.170220500862011
2777,2780,-0.19971976212956
2777,2786,0.633739597088638
2777,2789,0.775152944874676
2777,3202,-0.126819072335995
2777,3318,0.249448466936121
2777,3517,-0.818556929380956
2777,3839,-0.0791138189222925
2777,3914,0.802781709084349
2777,3931,0.91510652629367
2778,2781,-2.60247148676765
2778,2785,-1.25833382231289
2778,2789,-0.90404336350829
2778,3205,-1.6768627828739
2778,3320,-0.390279642684172
2778,3321,-1.10564138432417
2778,3719,-0.804814745656797
2779,2781,-0.753054677522675
2779,2783,0.0137180420384274
2779,2784,1.63969563476621
2779,2791,0.79474063720581
2779,3243,1.09438016538509
2779,3477,0.282467373524571
2779,3504,-0.80525908916501
2779,3676,0.089636412879597
2779,3767,0.272859779514292
2780,2787,1.67314242651381
2780,2790,0.591093496811488
2780,2791,0.82423989847336
2780,2792,1.14068486301748
2780,2793,0.166928163155356
2780,2980,-0.34636396415525
2780,3138,0.730408369672135
2780,3328,0.694089504837776
2780,3387,-0.118517025368445
2780,3428,0.361442608295167
2780,3859,1.07021371859695
2781,2785,1.34413766445476
2781,2786,1.55701477547332
2781,2790,1.31464891306661
2781,2837,-0.0488146200903849
2781,2915,2.03554608879744
2781,3208,0.279234227722041
2781,3756,0.985361731779049
2781,3801,1.52876532681386
2781,3880,0.551675978834114
2781,3894,0.95976765620237
2782,2785,0.618350770643628
2782,2789,0.972641229448229
2782,2792,1.13845338546147
2782,2793,0.164696685599349
2782,2795,-0.957024817589728
2782,2895,1.01152807886196
2782,3787,0.0269673106667031
2782,3966,-0.264563032745534
2783,2791,0.781022595167383
2783,2796,0.73840380412835
2783,2801,-0.609290106188403
2783,2914,0.512419664498084
2783,2972,-0.260495506781133
2783,3008,0.0716257329856305
2783,3750,0.15817557229786
2783,3861,0.334946510487997
2783,3913,0.413038396162184
2784,2787,0.0039475304800555
2784,2791,-0.844954997560397
2784,3135,-1.41662044330706
2784,3196,-1.98143550094886
2784,3687,-0.685269562786719
2784,3898,-0.819523618834734
2785,2788,1.00734771726366
2785,2789,0.354290458804601
2785,2793,-0.453654085044279
2785,2798,1.04453507558029
2785,2847,-0.815618348834777
2785,2974,-0.926363148006177
2785,3250,-0.408491363943202
2785,3260,-1.0478862959106
2785,3407,1.41443084489815
2785,3462,-0.149787021862461
2785,3815,-0.460227094611329
2786,2787,0.839683067295614
2786,2794,-0.569332669622285
2786,2916,-0.766538876539661
2786,3293,0.145452921864823
2786,3297,-0.177703291880319
2786,3449,-0.117298633909934
2786,3716,-1.09579219534309
2786,3788,0.119631734827936
2786,3869,-1.00633707631003
2786,3883,-0.891512890576627
2786,3969,-0.250368607986972
2787,2789,-0.698269719509576
2787,2795,-2.62793576654753
2787,2798,-0.0080251027338871
2787,2803,-1.65648139926692
2787,2936,-1.44321984215207
2787,2963,-0.65510630051159
2787,3082,-0.861712341848043
2787,3128,-1.30023641336314
2787,3354,-0.824617972530005
2787,3523,-1.74337672923144
2788,2790,-1.0368364686518
2788,2793,-1.46100180230793
2788,2795,-2.58272330549701
2788,2797,-0.902982848555841
2788,2798,0.037187358316634
2788,2799,-0.348638726698982
2788,2801,-2.19400276834572
2788,3016,-1.31493764317942
2788,3094,-0.370224100898933
2788,3296,-0.513019978059478
2788,3752,-0.740102088101757
2788,3781,-0.4692946473317
2789,2790,-0.383779210192747
2789,2793,-0.807944543848879
2789,2799,0.304418531760073
2789,2801,-1.54094550988666
2789,3087,-0.856511849674644
2789,3117,-1.09672063634337
2789,3723,-0.734996003550068
2789,3893,-1.10495168175427
2790,2793,-0.424165333656132
2790,2794,-0.326966807215576
2790,2795,-1.54588683684521
2790,2796,0.190527610622839
2790,2829,-1.05401800375453
2790,3039,-0.606755508362962
2790,3424,0.0341515299133201
2790,3871,0.314447996505219
2791,2795,-1.77903323850708
2791,2796,-0.0426187910390324
2791,2801,-1.39031270135579
2791,2812,-1.33619022293753
2791,3780,-0.608778227351556
2792,2794,-0.876558173421568
2792,2801,-1.70675766589991
2792,2804,-1.10636125809853
2792,2805,-1.34642858691629
2792,2822,-2.35349477193666
2792,3317,-1.53707386980481
2792,3478,-0.091470846889999
2792,3801,-0.335474952458742
2792,3808,0.664902411694373
2793,2794,0.0971985264405557
2793,2800,1.29291980923614
2793,2822,-1.37973807207454
2793,2893,1.03935120900234
2793,3190,-0.12224306734798
2793,3734,0.601283335091318
2794,2796,0.517494417838415
2794,2804,-0.229803084676958
2794,2807,0.541591074027974
2794,2862,1.12708568605661
2794,3352,-0.54979730485114
2794,3481,-0.239603614579388
2794,3484,-0.858455935313411
2794,3512,1.31033952478327
2794,3553,0.286407190420272
2794,3777,0.823770942807385
2795,2796,1.73641444746805
2795,2805,0.749049616134908
2795,2807,1.76051110365761
2795,2924,2.07104538459262
2795,3181,0.891812043301354
2795,3560,1.96187804892507
2795,3592,1.48543306028766
2795,3709,1.78819383692139
2795,3789,1.32175224295042
2796,2804,-0.747297502515373
2796,2807,0.0240966561895587
2796,2808,-0.532245936966736
2796,2809,-0.0786718063734401
2796,2910,-0.440313250878349
2796,3055,-0.803248427059479
2796,3291,0.222887088607938
2796,3327,0.706992344614108
2796,3482,-0.038474845594574
2796,3765,-0.12931492332768
2796,3779,-0.0761535625981392
2797,2806,-1.30386634664593
2797,3053,-1.06439335129533
2797,3173,-1.37592939460041
2797,3243,0.398932309745191
2797,3778,-1.02724757647073
2797,3864,-1.20076017618022
2798,2800,-0.205269351388427
2798,2801,-2.23119012666235
2798,2807,-0.859399560156039
2798,2900,-2.70920714392853
2798,2975,-2.17595019247905
2798,3254,-1.5285252079439
2798,3640,-2.13433582508186
2799,2802,-2.22137443588619
2799,2806,-1.85821046850279
2799,2807,-0.473573475140423
2799,2810,-2.06392031626737
2799,2833,-0.789972011855453
2799,3395,-0.207095868540057
2799,3730,0.321572487499165
2799,3878,-1.41471046420709
2800,2802,-2.40193116951337
2800,2804,-1.42552436747254
2800,2806,-2.03876720212998
2800,2811,-1.90306811895179
2800,2813,-0.915343901065839
2800,3122,-1.37023113981628
2800,3259,-0.363200279476791
2800,3485,-1.42426641263965
2800,3515,-2.39189807473502
2800,3562,-0.663480699938599
2800,3572,-0.0745554493057314
2800,3776,-2.09535078381914
2800,3861,-1.08168415859752
2801,2804,0.60039640780138
2801,2806,-0.0128464268560573
2801,2828,1.73373845067811
2801,2875,1.00044767880117
2801,3341,0.607758324742599
2801,3394,1.02958877365639
2801,3642,1.11437738717594
2801,3825,1.49840802205429
2801,3936,1.5381537121743
2802,2806,0.363163967383393
2802,2812,0.430132872657702
2802,2814,0.741130280124011
2802,3094,2.19978906168623
2802,3582,2.24705201171679
2802,3643,1.06424814915403
2802,3696,0.0571915825127175
2802,3801,1.74729310768061
2802,3852,1.36570660879032
2802,3986,2.06388017922452
2803,2811,-0.459881173807192
2803,2812,-0.528611351711071
2803,2813,0.527843044078763
2803,2816,-0.127864688491773
2803,2861,-0.426469585929373
2803,2914,0.538975940557164
2803,3491,1.14669542461151
2803,3848,1.82113165720005
2804,2924,1.08192843963994
2804,2947,0.324405452053953
2804,3026,-0.234296209940672
2804,3093,-0.980404295766726
2804,3120,0.210454276093804
2804,3368,0.963253733029565
2804,3442,0.0985202216091733
2804,3589,0.356194951628451
2804,3764,-0.82923560716397
2804,3799,0.0024090186195509
2804,3811,0.739330321776615
2804,3897,1.1782187886644
2804,3909,2.10317216178427
2805,2807,1.0114614875227
2805,3111,1.33059634182255
2805,3195,0.146024475250654
2805,3213,-0.644827989950377
2805,3253,0.919822333049176
2805,3295,0.888053820229276
2805,3333,0.720160622948965
2805,3749,-1.27929036749025
2805,3919,0.806852302611936
2806,2807,1.38463699336237
2806,2808,0.828294400206075
2806,2809,1.28186853079937
2806,2811,0.135699083178188
2806,2813,1.12342330106414
2806,2817,1.33467069113984
2806,2819,0.940109632267539
2806,3076,1.3017449728053
2806,3158,2.40540029591745
2806,3213,-0.271652484110707
2806,3894,0.815131469685728
2807,2808,-0.556342593156295
2807,2812,-1.31766808808806
2807,2816,-0.916921424868762
2807,3020,0.669568022399947
2807,3302,1.29575124865073
2807,3511,0.11675852589101
2807,3619,0.490144762969982
2807,3686,-0.311390706921558
2807,3883,-0.863771294982316
2807,3996,-0.624825156678748
2808,2812,-0.761325494931766
2808,2813,0.295128900858068
2808,2821,0.196739326293301
2808,3079,-0.542173549044948
2808,3382,0.344549838222932
2808,3549,0.112460023225757
2808,3602,1.18976864259659
2809,2812,-1.21489962552506
2809,2816,-0.814152962305763
2809,2818,-1.26904742584687
2809,2819,-0.341758898531831
2809,3057,-1.25922727465745
2809,3234,0.0436296163461784
2809,3432,-1.00513620579905
2809,3899,-1.60835917011877
2810,2813,1.32913314882872
2810,2814,0.583676160505194
2810,2816,0.673425416258184
2810,2817,1.54038053890442
2810,2818,0.218530952717076
2810,2820,1.43902934841888
2810,2822,-0.428180831416123
2810,3291,1.78913727354532
2810,3711,1.63121550647706
2811,2815,0.249838661313172
2811,2816,0.332016485315419
2811,2818,-0.122877978225688
2811,2820,1.09762041747612
2811,2821,0.889334643321187
2811,2823,0.604228491408862
2811,2838,1.0635397426433
2811,3112,0.632342337222529
2811,3230,0.54686924290574
2811,3688,0.966878482647306
2811,3814,0.166220366756942
2811,3974,0.457928363069282
2811,3983,0.230740691418485
2812,2813,1.05645439578983
2812,2814,0.310997407466309
2812,2816,0.400746663219298
2812,2819,0.87314072699323
2812,2820,1.16635059538
2812,2821,0.958064821225066
2812,2824,2.28487101547176
2812,2854,1.32571777248255
2812,3503,0.252712040403558
2812,3671,0.444193233331508
2812,3760,1.35418295530605
2812,3803,1.85311502463861
2813,2818,-1.11060219611164
2813,2821,-0.0983895745647675
2813,2826,-1.33567166323434
2813,2865,-0.579078359549567
2813,2934,-0.288424516546065
2813,3417,-1.00883639125633
2813,3827,-0.0014915988313919
2814,2819,0.562143319526921
2814,2821,0.647067413758757
2814,2823,0.361961261846433
2814,2825,0.079684155956256
2814,2827,-0.891505807836636
2814,3303,0.774800886719303
2814,3395,1.27314828722212
2814,3613,0.693085718270538
2814,3726,0.578733353028306
2815,2816,0.0821778240022476
2815,2817,0.949132946648485
2815,2820,0.847781756162946
2815,2821,0.639495982008015
2815,3029,1.1962759327678
2815,3054,-0.435115778750926
2815,3109,-1.0725154754948
2815,3251,1.91501560196482
2815,3308,0.8074691594286
2815,3345,0.380632982787078
2815,3390,2.21801168956762
2815,3653,-0.501421708900064
2816,2819,0.472394063773932
2816,2820,0.765603932160698
2816,2821,0.557318158005768
2816,2826,-0.679963930663809
2816,3530,-1.02945567417723
2816,3821,0.733134211374797
2817,2819,-0.394561058872306
2817,2822,-1.96856137032054
2817,2825,-0.877020222442971
2817,2826,-1.54691905331005
2817,2827,-1.84821018623586
2817,2840,-0.924036610735827
2817,3206,0.406224178168538
2817,3242,-0.511379883857466
2817,3346,-1.2035026096404
2817,3481,-0.731228386384838
2818,2820,1.22049839570181
2818,2821,1.01221262154688
2818,2823,0.727106469634551
2818,2824,2.33901881579357
2818,2826,-0.225069467122702
2818,2827,-0.526360600048518
2818,2831,1.04944726097445
2818,3341,0.607783646646157
2819,2820,0.293209868386766
2819,2822,-1.57400031144824
2819,2825,-0.482459163570665
2819,2828,0.80647524526663
2819,2830,0.548368515081819
2819,2832,0.635918133824758
2819,2850,-0.275050922761604
2819,2904,0.269042109037163
2819,2909,0.364956709557795
2819,3073,-1.43194554850405
2819,3128,0.0117156106216191
2819,3232,-0.212504342849178
2819,3276,0.259930700889001
2819,3284,0.86592679270179
2819,3285,-0.651081391653485
2819,3844,0.0262509273472606
2819,3852,0.0624330091393832
2820,2823,-0.493391926067255
2820,2831,-0.171051134727355
2820,2875,-0.22002539499708
2820,2958,0.265345239288907
2820,3078,0.954901730674681
2820,3130,-0.0423987671625661
2820,3164,-0.124305671849142
2820,3297,0.0013557964220562
2820,3401,-1.23252344676525
2820,3533,-0.687503012572537
2820,3650,-0.742024819216883
2820,3743,0.646893427280292
2820,3804,0.442369112002939
2821,2823,-0.285106151912325
2821,2832,0.550994039592922
2821,2886,0.505586006165145
2822,2826,0.421642317010497
2822,2829,0.749885401976137
2822,2830,2.12236882653006
2822,2835,1.79013005088363
2822,2880,1.59118068428336
2822,3007,1.38129557792412
2822,3294,0.352690810460133
2822,3498,1.03646896417161
2823,2824,1.61191234615902
2823,2825,-0.282277105890177
2823,2830,0.748550572762308
2823,2831,0.3223407913399
2823,2834,0.28732365101058
2823,2836,0.408034100087786
2824,2830,-0.863361773396711
2824,2832,-0.775812154653773
2824,2835,-1.19560054904314
2824,2837,-2.5452907273531
2824,2954,-1.54437159878895
2824,3853,-2.69096266299453
2825,2826,-0.669898830867076
2825,2828,1.2889344088373
2825,2831,0.604617897230077
2825,2833,0.610587987950465
2825,2835,0.698588903006057
2825,3038,2.06849603746652
2825,3204,0.369593088219664
2825,3444,-0.417657689312008
2825,3575,-0.966290214409563
2825,3755,0.0159973962784797
2825,3824,0.631031905880808
2826,2827,-0.301291132925816
2826,2829,0.32824308496564
2826,2831,1.27451672809715
2826,2835,1.36848773387313
2826,2836,1.36021003684504
2826,2839,1.96000951482012
2826,3645,1.03280139433608
2827,2829,0.629534217891456
2827,2830,2.00201764244538
2827,2835,1.66977886679895
2827,2838,1.7127783209175
2827,3274,1.61574228659875
2827,3409,1.98709658860345
2827,3836,-0.0727931584483065
2828,2830,-0.258106730184811
2828,2836,-0.598623202859333
2828,2926,-0.210761605672437
2828,3141,0.0086397961226137
2828,3218,-0.430559981350138
2828,3251,0.553968468922008
2828,3334,-0.0474626098743544
2828,3342,-0.700622169868046
2828,3343,-1.35829633356779
2828,3406,-1.59690342867451
2828,3563,-2.07911233148391
2829,2831,0.946273643131512
2829,2835,1.04024464890749
2829,2836,1.0319669518794
2829,2837,-0.309445529402465
2829,2841,1.70300459462493
2829,2954,0.691473599161678
2829,3123,0.60611845041811
2829,3267,0.360943620323351
2829,3442,0.595768333471172
2829,3527,1.86779134485226
2829,3540,0.727518645067996
2829,3686,0.957251563645373
2830,2835,-0.332238775646428
2830,2837,-1.68192895395638
2830,2840,-1.07784406694534
2830,2843,-0.0209263180343206
2830,2991,-1.71983260410695
2830,3074,-0.557347514973108
2830,3209,-0.766712493186896
2830,3373,0.434967373301981
2830,3554,-0.704003120327369
2831,2832,0.513759400165346
2831,2833,0.0059700907203886
2831,2839,0.685492786722972
2831,2840,-0.651634285522932
2831,2842,-0.575106672052481
2831,2843,0.405283463388087
2831,3039,-0.49901114773994
2831,3200,-0.580348964403292
2831,3508,-0.472717998285394
2831,3570,1.02502455950085
2831,3616,-0.591894509487078
2831,3804,0.613420246730294
2832,2836,-0.428066091417461
2832,2841,0.242971551328076
2832,2981,-0.195892610789333
2832,3342,-0.530065058426174
2832,3431,-1.0747289160654
2832,3483,-0.308664833417798
2832,3634,0.0901004182953944
2833,2834,-0.0409872310497085
2833,2840,-0.657604376243321
2833,2843,0.399313372667698
2833,2845,-0.830239206303023
2833,2846,-0.872354764903019
2833,2925,-1.23180360248205
2833,3199,-0.471351009509958
2833,3399,0.194045242673912
2833,3521,-0.956389062922879
2833,3557,-0.558294269153806
2833,3603,0.140239660189258
2833,3622,-0.144274793788385
2833,3838,-0.400871790045687
2833,3908,-0.377757645869228
2833,3993,-0.308801318390404
2834,2839,0.720509927052292
2834,2843,0.440300603717407
2834,2845,-0.789251975253315
2834,3081,0.363873483094111
2834,3092,-0.766870941734569
2834,3212,-0.278231910721754
2834,3302,1.65313701641547
2834,3352,-0.734002611114375
2834,3620,-1.00639853731784
2835,2837,-1.34969017830996
2835,2839,0.591521780946992
2835,2874,-0.285536678324262
2835,3350,-0.475160248166722
2835,3359,-1.57450377026414
2835,3439,-1.08781585184819
2836,2843,0.319590154640201
2836,2844,0.45868529900788
2836,2849,1.35094173882958
2836,2945,-0.107312330051844
2836,3114,-0.592580418029814
2836,3328,0.125047059901423
2836,3446,-1.15647976714653
2836,3832,-0.0063389640958294
2837,2838,1.39268963242851
2837,2840,0.604084887011045
2837,2844,1.80009778028974
2837,2848,0.731555517061828
2837,2849,2.69235422011144
2837,2879,0.506243919595175
2837,3073,-0.29838510962948
2837,3681,1.66032596864856
2837,3848,2.61016272079246
2837,3878,0.636950810902731
2837,3980,0.706719482168136
2838,2842,-0.712077131947014
2838,2843,0.268313003493554
2838,2846,-1.00335513407716
2838,2849,1.29966458768293
2838,2933,-0.360346610040928
2838,3024,-1.08456569673102
2838,3292,0.689033766499574
2838,3383,-0.340475018043735
2838,3387,-0.738836621451445
2838,3510,0.0219457557788718
2838,3775,-1.46493020235749
2839,2840,-1.3371270722459
2839,2844,-0.141114178967206
2839,2850,-1.08270244314399
2839,2852,-1.08496817019287
2839,2892,-0.0479126914162646
2839,2893,0.0374374492462602
2839,3056,-1.3216005621477
2839,3216,-0.106648884022866
2839,3795,-0.6065532133579
2839,3828,-1.58995219382254
2840,2842,0.0765276134704516
2840,2844,1.1960128932787
2840,2847,-0.026750951300677
2840,2946,0.547359734110044
2840,3346,-0.279465998904577
2840,3966,-0.0940464058550613
2841,2842,-1.3318376235459
2841,2846,-1.62311562567605
2841,2847,-1.43511618831703
2841,2851,-1.78196779150378
2841,2852,-1.15620633496332
2841,2854,-0.426312639663511
2841,3169,-0.983470844668363
2841,3213,-2.09065180153108
2841,3253,-0.526001478531526
2841,3402,-2.20251470708169
2841,3902,-1.11626931042434
2842,2848,0.0509430165803318
2842,2851,-0.450130167957879
2842,2852,0.175631288582584
2842,2854,0.905524983882392
2842,3070,-0.0736436585633225
2842,3278,0.825651969337756
2842,3418,0.83659959100502
2843,2846,-1.27166813757072
2843,2847,-1.0836687002117
2843,2849,1.03135158418938
2843,2853,-0.63344070127318
2843,2856,-1.20007441788624
2843,3155,-0.758890515511259
2843,3165,-1.03531112557787
2843,3169,-0.632023356563027
2843,3559,-0.847065032058612
2843,3959,-0.0732015931258396
2843,3988,0.719373364476891
2844,2849,0.892256439821697
2844,2851,-1.56961544776613
2844,2855,-0.317161309568286
2844,2877,-2.21811924926466
2844,2908,-0.847713307650527
2844,2973,-1.51840873304992
2844,3431,-1.10534812365582
2844,3464,0.0399537254470015
2844,3650,-1.11535229224529
2845,2851,-0.200967724427725
2845,2852,0.424793732112738
2845,2855,1.05148641377012
2845,2898,0.019882044543016
2845,2905,1.59226267454614
2845,2962,1.23316907169498
2845,3097,1.42515382740327
2845,3368,1.33849731734269
2845,3650,0.253295431093107
2845,3688,0.864578315481179
2845,3884,0.724804149790058
2846,2847,0.187999437359021
2846,2848,0.342221018710482
2846,2850,0.469175017761615
2846,2851,-0.158852165827729
2846,2852,0.466909290712734
2846,2853,0.638227436297537
2846,2854,1.19680298601254
2846,2888,1.55767592130197
2846,3011,0.60684502269974
2846,3072,0.617375130359145
2846,3088,0.652024142313416
2846,3313,0.131531913714383
2846,3318,0.832203767059844
2846,3342,0.850079015921803
2846,3439,-0.127460171889582
2847,2852,0.278909853353712
2847,2854,1.00880354865352
2847,2858,0.295136777153324
2847,3135,0.447610553361837
2847,3153,-0.201602270688997
2847,3274,0.718319662399388
2847,3589,0.585554657182548
2847,3630,0.0725127657355266
2847,3793,1.15073620242794
2847,3814,-0.0819636791682107
2847,3871,1.10057759395185
2847,3915,-0.0553101465453184
2848,2850,0.126953999051133
2848,2852,0.124688272002252
2848,2856,-0.270627299026002
2848,2858,0.140915195801863
2848,2861,-0.368994039398795
2848,2898,-0.28022341556747
2848,2985,0.618472906540541
2848,3180,1.02927893734368
2848,3912,0.152391717361871
2848,3989,-0.538884967838346
2849,2853,-1.66479228546256
2849,2855,-1.20941774938998
2849,2856,-2.23142600207561
2849,2858,-1.81988350724775
2849,2860,-1.91574168199758
2849,2861,-2.32979274244841
2849,2862,-0.528771808113407
2849,2969,-1.0520021155289
2849,3223,-1.67179680042136
2849,3259,-0.823336490851224
2850,2853,0.169052418535922
2850,2854,0.727627968250926
2850,2857,0.342124877821967
2850,3184,0.241954202225361
2850,3264,-0.339078478238251
2850,3461,-0.432968345475026
2850,3640,-0.555357981069391
2851,2852,0.625761456540463
2851,2857,0.970152061411311
2851,2859,1.06916994132054
2851,2860,0.546130205590244
2851,2861,0.132079145139416
2851,2908,0.721902140115599
2851,3240,0.697868149304045
2851,3249,1.60600778351781
2851,3794,0.389570612706824
2851,3879,0.474776669635668
2851,3992,1.08350987961656
2852,2853,0.171318145584804
2852,2856,-0.395315571028254
2852,2857,0.344390604870848
2852,2858,0.0162269237996115
2852,2864,-0.654639747583066
2852,3320,1.40476267510978
2852,3423,1.12236844471002
2852,3467,-0.174953044126909
2852,3528,0.311547063465469
2852,3647,0.145011290108786
2852,3963,1.5526974816383
2853,2858,-0.155091221785192
2853,2862,1.13602047734915
2853,2864,-0.82595789316787
2853,2866,-0.161915314519462
2853,2912,-0.14017164552934
2853,3110,1.12770230862123
2853,3177,0.522654544964955
2853,3388,-0.624667006565177
2853,3690,-0.273434759130013
2854,2856,-1.12520926632806
2854,2857,-0.38550309042896
2854,2863,-1.27385810619128
2854,2906,-1.72570536281741
2854,3259,0.282880244896329
2854,3630,-0.936290782917994
2854,3838,-0.725320011155209
2854,3850,-0.0578058489558021
2854,3951,-1.948095748439
2855,2856,-1.02200825268563
2855,2861,-1.12037499305842
2855,2864,-1.28133242924044
2855,2868,-0.407648239309904
2855,3168,-1.26409968467641
2855,3181,-0.773547731108315
2855,3385,0.135156672699418
2855,3437,-0.152629341831171
2855,3740,-0.153243998112751
2855,3803,0.630598265798493
2855,3934,-0.0337794724913187
2855,3951,-1.84489473479657
2856,2858,0.411542494827865
2856,2860,0.315684320078035
2856,2865,0.276867530085776
2856,2868,0.614360013375727
2856,3046,-1.03981349056278
2856,3318,0.760610047375365
2856,3332,0.295968523280338
2856,3472,0.534599637641368
2857,2858,-0.328163681071237
2857,2863,-0.888355015762317
2857,3130,0.183737146163838
2857,3213,-1.27883607143861
2857,3268,-0.313968125962946
2857,3403,-0.0007552552953747
2857,3582,0.876704457005493
2857,3604,-0.671266757050688
2857,3662,-0.0768045748633403
2857,3678,0.619578979187358
2857,3816,-1.02596586505417
2858,2859,0.427181560980461
2858,2863,-0.56019133469108
2858,2864,-0.670866671382678
2858,2929,0.0501673371938121
2858,3114,-0.123638649611643
2858,3307,0.0452181234309155
2858,3323,1.15801170235338
2858,3659,0.278893562907115
2858,3663,0.880084175213622
2859,2860,-0.523039735730291
2859,2869,0.376977974640787
2859,2870,-1.1812918968215
2859,2907,0.181245721032691
2859,3104,-0.204052998663536
2859,3105,2.02927222599065
2859,3145,-0.732076976882046
2859,3182,-0.489069363916935
2859,3398,-0.257145107487992
2859,3596,0.149462411038765
2859,3909,1.61021352920458
2860,2863,-0.46433315994125
2860,2865,-0.0388167899922585
2860,2866,0.089034082015561
2860,2869,0.900017710371078
2860,2870,-0.658252161091207
2860,2871,0.48121420577142
2860,2872,-0.122757625984471
2860,2934,0.251837053011243
2860,3258,1.35636617614889
2860,3439,-0.514738211652097
2860,3530,-1.14490183719046
2860,3542,0.0798379691098452
2861,2865,0.375234270458569
2861,2867,-0.293610743022473
2861,2868,0.71272675374852
2861,2869,1.31406877082191
2861,2874,0.701592022322662
2861,3284,1.63692575391332
2861,3561,2.24924480170673
2861,3863,0.227645113918324
2862,2864,-1.96197837051702
2862,2866,-1.29793579186861
2862,2870,-2.04522203497538
2862,2961,-2.18345332070657
2862,3203,-0.0399562171538267
2862,3252,0.137653163284231
2862,3485,-1.35563081590067
2862,3625,-0.466014214627608
2862,3678,-0.343369038875747
2863,2869,1.36435087031233
2863,2872,0.341575533956778
2863,2873,1.11186151332264
2863,2875,0.894465534091641
2863,2981,1.26130658373738
2863,3237,0.0615236780878161
2863,3573,1.55130455493869
2863,3874,1.31280402149194
2864,2868,0.87368418993054
2864,2870,-0.0832436644583592
2864,2872,0.452250870648376
2864,2873,1.22253685001424
2864,2875,1.00514087078324
2864,2877,-0.619625510455934
2864,3040,0.21888389551306
2864,3113,1.0770492581234
2864,3214,2.15552499317973
2864,3397,1.5563251650941
2864,3406,0.141528213985668
2864,3649,0.967999016652993
2864,3799,0.607498618403001
2865,2868,0.337492483289951
2865,2870,-0.619435371098948
2865,2875,0.468949164142649
2865,2878,-0.0773026113844775
2865,2897,0.191922970306339
2865,2914,0.590211256027968
2865,3441,0.627541383170572
2865,3565,-0.129791603415613
2865,3665,0.298752814016862
2866,2869,0.810983628355517
2866,2870,-0.747286243106768
2866,2874,0.198506879856273
2866,2876,-0.527869017720009
2866,3133,0.890798567362154
2866,3421,-0.47928984824519
2866,3566,0.565180867231042
2867,2871,1.18887600924472
2867,2875,1.13779417762369
2867,2877,-0.48697220361548
2867,3114,0.679881328611489
2867,3286,2.00008897599391
2867,3306,2.17923161201032
2867,3533,0.670316560048234
2867,3576,1.48626679561939
2867,3807,0.914066544552782
2867,3947,1.21124573541386
2867,3966,0.441087746515423
2868,2876,-0.73751062900214
2868,3120,-0.0581403140532853
2868,3491,0.860438256792361
2868,3727,0.181358925112726
2869,2870,-1.55826987146228
2869,2872,-1.02277533635555
2869,2882,-1.23636012935515
2869,3043,-0.929168502143433
2869,3121,-1.25306306070183
2869,3350,-0.802100318341704
2869,3409,-0.0096223483704849
2869,3740,-0.346937775876233
2869,3871,0.0012812811772772
2869,3894,-0.668047972192185
2870,2871,1.13946636686263
2870,2872,0.535494535106735
2870,2875,1.0883845352416
2870,2882,0.321909742107138
2870,2991,-0.156264027173216
2870,3224,1.27249515291372
2870,3249,1.71812973901877
2870,3525,0.598938174464193
2871,2875,-0.0510818316210296
2871,2876,-0.920049141475868
2871,2879,-0.751582824290107
2871,2882,-0.817556624755489
2871,2883,0.541102051862153
2871,2884,-0.165969182964871
2871,3606,-0.480020440340661
2872,2879,-0.147610992534215
2872,2881,1.69572242958556
2872,2882,-0.213584792999597
2872,2883,1.14507388361804
2872,2891,0.798956613256908
2872,3115,0.128003467773715
2872,3162,-0.364547209964978
2872,3285,-0.171375864908309
2872,3311,0.953563894670433
2872,3341,0.160200646076293
2872,3353,1.199530633734
2872,3356,0.752652692315397
2872,3912,0.23009232229431
2873,2878,-0.763647754758129
2873,3329,0.166160660145694
2873,3898,0.197900422049278
2874,2879,-0.55790958039052
2874,2885,0.85275436279905
2874,2887,0.645075702041683
2874,2945,0.169946651244323
2874,2947,0.0669455933327218
2874,3103,0.286492055468294
2874,3189,0.111054123806009
2874,3559,-0.250215896122243
2875,2877,-1.62476638123917
2875,3079,-0.727173254496099
2875,3099,0.184040095964489
2875,3238,0.727334897028974
2875,3278,0.299519557555
2875,3317,-0.830763882706075
2875,3800,-0.551630309427408
2875,3828,-0.855485146829847
2876,2878,0.322715534327712
2876,2884,0.754079958510998
2876,2887,1.37145159961797
2876,3318,0.883760663001777
2876,3383,0.714437011975362
2876,3411,0.810126028673642
2876,3999,1.04114409912353
2877,2878,1.07851460571205
2877,2881,2.76759881068987
2877,2902,1.7769109795706
2877,3095,2.96420510766741
2877,3774,1.22027014712195
2877,3878,1.05497227987765
2877,3960,1.54102056963019
2878,2880,0.490247674972567
2878,2881,1.68908420497782
2878,2882,-0.220223017607332
2878,2885,1.25641472604762
2878,2886,1.06357740253442
2878,3067,0.175270087746803
2878,3121,-0.236925948954016
2878,3246,0.925393740528135
2878,3280,-0.377722308039725
2878,3287,0.752275857711074
2878,3667,-0.610719771722296
2878,3907,1.06909216138545
2879,2880,0.644496892114518
2879,2881,1.84333342211977
2879,2883,1.29268487615226
2879,2885,1.41066394318957
2879,2890,-0.2536235128938
2879,2923,0.280503624583477
2879,3027,1.09338753304596
2879,3182,0.304338990332043
2879,3370,1.19894882583925
2879,3540,0.530720254875286
2879,3557,0.197151074505385
2879,3819,0.112356401071389
2880,2882,-0.7104706925799
2880,2884,-0.0588832507892815
2880,2885,0.766167051075052
2880,2886,0.573329727561855
2880,2890,-0.898120405008317
2880,2891,0.302070713676605
2880,3112,-0.189248584701948
2880,3947,0.129455658344725
2881,2884,-1.25771978079454
2881,2885,-0.432669478930204
2881,2887,-0.64034813968757
2881,2890,-2.09695693501357
2881,2894,0.137139346355916
2881,2963,-0.559171179367217
2881,3495,-0.404332170717704
2881,3714,-1.9153629861308
2882,2884,0.651587441790618
2882,2885,1.47663774365495
2882,2894,2.04644656894107
2882,3269,0.0452144538887906
2882,3691,1.29838499687676
2882,3739,0.302621057449705
2883,2884,-0.707071234827023
2883,2890,-1.54630838904606
2883,2891,-0.346117270361137
2883,2892,0.09437047209325
2883,3790,0.418696849037401
2883,3964,-1.03204010696372
2884,2887,0.617371641106967
2884,2891,0.360953964465887
2884,2894,1.39485912715045
2884,2896,0.248735079511095
2884,3073,-1.39024267054989
2884,3229,-0.544416818187941
2884,3999,0.287064140612535
2885,2886,-0.192837323513198
2885,2890,-1.66428745608337
2885,2892,-0.0236085949440605
2885,3124,-1.12462366855132
2885,3280,-1.63413703408734
2885,3320,0.344098601389119
2885,3442,-1.01169399991111
2885,3626,0.22646648430284
2885,3738,-0.521548961568867
2886,2891,-0.27125901388525
2886,2892,0.169228728569137
2886,2894,0.762646148799318
2886,2899,-0.782998178191927
2886,3368,0.0458768350224812
2886,3574,0.33805102733265
2887,2890,-1.456608795326
2887,2893,0.269420206475831
2887,2894,0.777487486043487
2887,2895,0.0769003907360945
2887,2896,-0.368636561595872
2887,2897,-0.779510483599436
2888,2896,-0.606417779221813
2888,2898,-1.49567831815896
2888,2899,-1.0059380585737
2888,2945,-0.712910268423301
2888,2948,1.07067681147404
2888,3066,-1.22556270726447
2888,3468,-1.44654175004974
2888,3569,-1.27489944061231
2888,3967,-0.678416128775957
2888,3987,-0.404283830771587
2889,2894,1.41144774253378
2889,2895,0.710860647226392
2889,2896,0.265323694894426
2889,2902,0.283620565058601
2889,2980,-0.64926287334682
2889,3046,-1.65415421806403
2889,3097,0.781334938817527
2889,3132,0.663099257001175
2889,3450,-0.752393606974174
2889,3494,-0.74254557434919
2889,3777,0.784998723211726
2889,3950,1.11679336384253
2890,2892,1.64067886113931
2890,2898,0.198711694792983
2890,2899,0.688451954378245
2890,2900,-0.524340190504474
2890,2902,1.10626910389431
2890,2903,1.40239710333695
2890,3140,0.745790906649447
2890,3220,0.36386244247619
2890,3492,0.582588929059527
2890,3563,-0.391697054044092
2891,2899,-0.511739164306677
2891,2903,0.202205984652029
2891,2904,-0.0502089774745691
2891,3052,-0.49537416231424
2891,3278,0.0534529444329545
2891,3507,1.19905398540071
2891,3633,-0.146428785794767
2892,2894,0.593417420230181
2892,3102,-0.407027821334608
2892,3115,-1.11144088793758
2892,3117,-1.24277716083431
2892,3410,-0.666326110687596
2892,3537,-0.991153373702462
2893,2895,-0.192519815739736
2893,2899,-1.03757704742359
2893,2940,-1.72993545857992
2893,3005,-1.56340250856711
2893,3891,0.0199344959623651
2894,2897,-1.55699796964292
2894,2898,-2.03538458657651
2894,3205,-1.51229336408673
2894,3330,-0.722263771072809
2894,3395,-0.642151281501103
2894,3414,-1.65624960793816
2895,2896,-0.445536952331967
2895,2899,-0.845057231683852
2895,2908,-0.833745120124257
2895,3264,-1.26669855488876
2896,2897,-0.410873922003564
2896,2899,-0.399520279351886
2896,2903,0.314424869606821
2896,2905,0.683120091065977
2896,2908,-0.38820816779229
2896,3450,-1.0177173018686
2896,3837,0.421852538719233
2897,3021,0.103247202712874
2897,3357,0.289178418150669
2897,3553,0.393185197933752
2897,3558,0.388610323912814
2897,3626,1.21365562865964
2897,3674,-0.240228782966903
2897,3910,1.34892398899911
2898,2899,0.489740259585262
2898,2903,1.20368540854397
2898,2904,0.95127044641737
2898,2907,1.02956589338249
2898,2911,0.520078987555925
2898,3318,0.770206163916832
2898,3366,0.157222893475958
2898,3635,-0.418018392194748
2898,3735,0.25909923792967
2899,2906,-1.08064023953314
2899,2909,0.55744478735274
2899,2911,0.0303387279706622
2899,2912,-0.0536820719600771
2899,2970,1.20167241742892
2899,3669,0.574061048286241
2899,3670,-1.03043200972857
2899,3759,0.0244856712715632
2900,2907,1.75261777867994
2900,2910,1.38539767670459
2900,2941,1.42045111170334
2900,2997,2.17021786267894
2900,3174,1.87664934143943
2900,3329,1.86202133544405
2900,3948,2.00442972941632
2900,4000,1.28879200923397
2901,2902,0.52453454268666
2901,2904,0.568247580002707
2901,2905,1.18935776358846
2901,2911,0.137056121141261
2901,2912,0.0530353212105219
2901,2914,0.493652036240549
2901,3176,0.574341713264552
2901,3511,0.860491357951384
2902,2909,0.139627637836679
2902,2912,-0.471499221476138
2902,2913,-0.514299857280894
2902,2974,-0.892300374056713
2902,2976,0.706709861222318
2902,3019,0.127604614237898
2902,3045,-0.609886416958569
2902,3059,-1.10239154952078
2902,3735,-0.648458171171653
2902,3982,-0.342913685198614
2903,2904,-0.252414962126598
2903,2905,0.368695221459157
2903,2912,-0.767627220918783
2903,2913,-0.810427856723539
2903,2914,-0.327010505888756
2903,3388,-1.25212258195462
2903,3557,-0.951622515937767
2903,3913,-0.426391774224656
2904,2909,0.0959146005206315
2904,2911,-0.431191458861446
2904,2913,-0.558012894596941
2904,2930,0.650967316431676
2904,3062,-0.818181211026202
2904,3182,-0.592019637984511
2904,3323,0.627879867305345
2904,3441,-0.0372654166195543
2904,3495,0.542642623085515
2904,3974,-0.615524295057232
2905,2907,-0.54281473662064
2905,2910,-0.910034838595995
2905,2913,-1.1791230781827
2905,2916,-1.18442221247344
2905,2918,-0.950841469437297
2905,3140,-1.02530141814666
2905,3831,-0.176956081164576
2905,3866,-0.156680124812715
2906,2909,1.63808502688588
2906,2912,1.02695816757307
2906,2915,2.22392858734135
2906,2917,1.00906395410818
2906,2918,1.21243914051371
2906,2965,1.03699275487849
2906,3361,0.869058012456279
2906,3601,1.85878265182446
2906,3791,0.845885075090923
2907,2908,-0.528513522237627
2907,2911,-0.509486905826561
2907,2966,0.906481962870153
2907,3068,-2.20916193737746
2907,3277,-0.082079705929557
2907,3576,0.0743195353831054
2907,3668,-1.087542367061
2907,3746,-1.07683328037581
2907,3826,-0.504304590080646
2908,2915,1.13197623624861
2908,2916,-0.11309395361517
2908,2917,-0.0828883969845614
2908,2918,0.120486789420971
2908,2919,0.0981603002967614
2908,2921,0.0727478194946161
2908,3056,-0.332773075529963
2908,3114,-0.203552409387167
2908,3132,0.785983729899039
2908,3746,-0.548319758138187
2908,3767,0.122344604488135
2908,3929,-0.511303899681032
2909,2912,-0.611126859312817
2909,2914,-0.17051014428279
2909,2916,-0.659226629408314
2909,2917,-0.629021072777705
2909,2922,0.15689713733721
2909,3058,0.225327736162261
2909,3223,-0.477959728742283
2909,3605,-0.355636532862224
2909,3623,-1.03801559897996
2909,3636,-0.923267739746508
2909,3793,0.229552989705952
2910,2913,-0.2690882395867
2910,2915,0.97068281598634
2910,2917,-0.244181817246833
2910,2918,-0.0408066308413012
2910,3486,0.819025993217252
2910,3567,-1.08845532550225
2910,3568,-1.12979674873317
2910,3752,0.546520020805555
2911,2912,-0.0840207999307393
2911,2913,-0.126821435735495
2911,2914,0.356595915099288
2911,2919,0.0791336838856949
2911,3166,0.273190590087443
2911,3195,-0.258760301352932
2911,3514,-0.287942628394751
2911,3629,-0.173914247598678
2911,3665,0.0651374730881822
2911,3672,-0.304517948288319
2912,2918,0.185480972940644
2912,2919,0.163154483816434
2912,2922,0.768023996650027
2912,2924,1.00123179178486
2912,2925,-0.857504628347225
2912,3161,0.334602875901412
2912,3758,0.730050722849964
2912,3867,-0.0470194571786941
2913,2918,0.228281608745399
2913,2920,-0.580271948021872
2913,2921,0.180542638819045
2913,2923,-0.0578421091361359
2913,2925,-0.814703992542469
2913,2952,1.08417155729431
2913,2976,1.22100971850321
2913,3069,-0.477963728373394
2913,3260,-0.49952366468024
2913,3482,0.670926644870475
2913,3500,-0.550589597308066
2913,3776,-0.707722428396924
2913,3896,0.485472911194964
2913,3909,2.06527614973395
2914,2915,0.756353704738257
2914,2918,-0.255135742089383
2914,2924,0.560615076754836
2914,3336,0.0817054657080141
2914,3417,-1.01996928773473
2914,3511,0.366839321710836
2914,3960,-0.205007903494297
2914,3993,-0.375119059285609
2915,2917,-1.21486463323317
2915,2921,-1.059228416754
2915,3185,-1.00285511638186
2915,3593,-2.00730264921836
2915,3887,1.08382039168273
2915,3961,-1.37812185046193
2915,3982,-1.06838488349076
2916,2920,-0.57497281373113
2916,2926,0.889983559444713
2916,2927,-0.269486630487443
2916,2929,0.0833475310334575
2916,2957,-1.25331094908342
2916,3142,0.92773157804356
2917,2919,0.181048697281323
2917,2924,1.01912600524975
2917,2925,-0.839610414882336
2917,2926,0.859778002814105
2917,3609,-0.0802280359154883
2917,3646,0.509199586652564
2917,3685,-1.30765904286117
2917,3699,0.787247625461275
2917,3822,0.206027763595003
2917,3845,0.665924234253926
2918,2921,-0.0477389699263548
2918,2927,-0.503067373523584
2918,2929,-0.150233212002683
2918,3039,-0.31616323726615
2918,3123,-0.157307282239612
2918,3232,-0.151815166034799
2918,3498,-0.476842170462246
2918,3558,0.245457780280569
2918,3894,-0.0642889857674327
2919,2920,-0.786227067643062
2919,2921,-0.0254124808021453
2919,2927,-0.480740884399374
2919,2930,1.00302509140743
2919,2931,0.255941138249265
2919,2932,0.956645714041253
2919,3282,-0.540764944310642
2919,3759,-0.084986740584794
2920,2927,0.305486183243688
2920,2928,1.80654046169128
2920,2931,1.04216820589233
2920,3013,0.794743668135797
2920,3062,0.320103631592611
2920,3096,1.09499030769677
2920,3303,1.08190030077403
2920,3845,1.27110260461567
2920,3956,0.343575253642623
2921,2924,0.863489788770574
2921,2927,-0.455328403597229
2921,2930,1.02843757220957
2921,2934,0.0033172989912716
2921,2974,-0.558543155594864
2921,3224,0.365723237802538
2921,3709,0.580638241099345
2921,3842,-0.189100728473393
2921,3969,0.330328495442904
2922,2923,-0.868666741590918
2922,2927,-1.08561039723297
2922,2928,0.415443881214629
2922,2932,0.351776201207661
2922,2933,-0.623071263381988
2922,2999,-1.31852401581138
2922,3413,-0.74063412027587
2922,3446,-1.47048157163424
2923,2925,-0.756861883406333
2923,2928,1.28411062280555
2923,2930,1.26682232016475
2923,2933,0.24559547820893
2923,2934,0.241702046946452
2923,3080,2.11636221931299
2923,3241,0.544509628282644
2923,3560,0.992707201058208
2923,3979,0.418272052751309
2924,2927,-1.3188181923678
2924,2931,-0.582136169719164
2924,2932,0.118568406072824
2924,3265,0.388466607216112
2925,2926,1.69938841769644
2925,2929,0.892752389285185
2925,2933,1.00245736161526
2925,2935,1.71163011916925
2925,2938,0.485516614573685
2925,3084,1.10137927251198
2925,3642,1.29078895986671
2925,3715,0.476119374787596
2925,3734,1.51069587381987
2925,3921,1.3566284715714
2926,2927,-1.15947018993216
2926,2934,-0.700824487343656
2926,2938,-1.21387180312276
2926,3234,-0.210325124716184
2926,3824,-0.447140897284051
2926,3909,1.18059172457998
2927,2930,1.4837659758068
2927,2940,-0.321089938613312
2927,3023,-0.0300356712415597
2927,3215,0.866781547312289
2927,3337,0.759492422018663
2927,3696,-0.682325466800252
2928,2929,-1.1482201169267
2928,2931,-0.764372255798957
2928,2936,-1.06856554627694
2928,2937,-2.33709629808042
2928,2941,-0.922126839083959
2928,3098,-0.643835935249399
2928,3173,-1.94947040833165
2928,3492,-1.2356488312233
2929,2930,1.1309318142859
2929,2934,0.1058115410676
2929,2937,-1.18887618115372
2929,2940,-0.673924100134212
2929,2941,0.226093277842736
2929,3203,1.2009881447867
2929,3251,1.5713661030057
2929,3359,-1.14745164201169
2929,3566,0.50818943730296
2930,2932,-0.0463793773661733
2930,2937,-2.31980799543962
2930,2942,-0.377906328607244
2930,2996,-1.05217060983188
2930,3128,-0.90829381484722
2930,3313,-1.53270345227767
2930,3530,-2.42185916342
2930,3604,-1.52420222745916
2930,3732,-2.94510839790472
2930,3903,-1.67183829639068
2931,2932,0.700704575791988
2931,2934,-0.278036320060139
2931,2936,-0.304193290477988
2931,2941,-0.157754583285003
2931,2942,0.369177624550917
2931,2943,-1.42705894370367
2931,2944,-0.958440427773177
2931,2991,-1.3443895613358
2931,3535,0.608745350628524
2932,2933,-0.974847464589649
2932,3008,-1.11997741434011
2932,3086,-0.511938168965845
2932,3147,-0.766997572099332
2933,2934,-0.0038934312624781
2933,2937,-1.2985811534838
2933,2942,0.643320513348578
2933,3249,0.804147093653846
2933,3286,1.03669668824689
2933,3423,0.946269211386519
2933,3541,-0.157403221026637
2934,2939,-0.753474509985822
2934,2942,0.647213944611056
2934,2944,-0.680404107713039
2934,3113,0.250203708479309
2934,3549,0.105755638913754
2934,3596,0.420665093757813
2934,3921,0.358064541218618
2934,3928,0.654540047814584
2934,3953,0.459032486155551
2935,2936,-0.739223159234314
2935,2938,-1.22611350459557
2935,2940,-1.49280183001828
2935,2944,-1.3934702965295
2935,2945,-0.50741562871155
2935,2946,-0.59007115882048
2935,3023,-1.20174756264652
2935,3310,0.287358823804806
2935,3359,-1.96632937189575
2935,3389,-1.65401858472507
2935,3396,-1.98904644408071
2935,3440,-0.780459852285085
2935,3517,-1.58798291084746
2936,2938,-0.486890345361251
2936,2941,0.146438707192985
2936,2994,0.637384521482332
2936,3373,1.11460370655111
2936,3546,-1.02258623522831
2936,3600,1.4889491621709
2936,3691,0.736362495299302
2936,3716,-0.492255420486641
2936,3811,0.543731342333824
2936,3855,-1.09531109312383
2937,2945,1.50033828232624
2937,2948,3.28392536222358
2937,3117,0.91676023810259
2937,3251,2.76024228415942
2937,3566,1.69706561845668
2937,3677,2.23114891728621
2937,3696,0.153716552832568
2937,3697,3.48380949613791
2937,3882,3.12248494474411
2938,2951,-0.309165591237271
2938,3011,0.480777245705083
2938,3161,0.706590889674952
2938,3312,0.0096800268275016
2938,3610,0.434763695121676
2938,3737,0.128341428302649
2939,2944,0.0730704022727831
2939,2946,0.876469539981806
2939,2947,0.856124012179135
2939,2948,2.74271214998808
2939,3453,-0.189513273401041
2939,3651,1.86657915905113
2939,3702,0.271855457079705
2939,3939,1.17278531508534
2939,3988,2.10540091925967
2940,2942,1.42694958581287
2940,2952,1.6800472606858
2940,3074,0.875867489059985
2940,3290,1.39361352534352
2940,3539,1.37040517242023
2940,3570,2.03202978211153
2940,3786,0.332758514498239
2941,2944,-0.800685844488174
2941,2945,0.0853688233297786
2941,2950,-0.422133821229528
2941,2951,-0.942494643791507
2941,3012,-0.0559910929939261
2941,3376,1.2672127859982
2941,3400,-0.912786405160043
2941,3751,0.746550617499417
2941,3982,-0.132755502503173
2942,2943,-1.79623656825459
2942,2947,-0.544564442417743
2942,2948,1.3420236953912
2942,2949,-0.687665018276426
2942,2952,0.253097674872935
2942,3254,-0.766701383554628
2942,3549,-0.541458305697302
2942,3850,-0.147331900328074
2943,2945,1.35467318374845
2943,2948,3.13826026364579
2943,2949,1.10857154997816
2943,2953,2.32446503982146
2943,2955,2.51426687784086
2943,3114,0.869405095770476
2943,3705,1.0813029739182
2944,2947,0.783053609906352
2944,2953,1.85584652389096
2944,2956,1.22166976074679
2944,2975,-0.0865083157656761
2945,2948,1.78358707989734
2945,2950,-0.507502644559307
2945,2951,-1.02786346712129
2945,2958,0.458015395320221
2945,3243,0.662149311768133
2945,3401,-1.03985329073394
2945,3845,0.301320158678562
2945,3851,0.298822874880616
2945,3971,-0.652443810223677
2945,3972,0.563768307070932
2946,2950,-0.424847114450377
2946,2956,0.418270623037765
2946,2958,0.54067092542915
2946,3200,-0.476074412990404
2946,3308,0.235013089405898
2946,3684,-0.824676372778196
2947,2948,1.88658813780894
2947,2958,0.561016453231822
2947,2959,-1.2501708259033
2947,2960,-0.0013534626684821
2947,3132,0.607269109219839
2947,3288,0.0111870054976929
2947,3357,0.0877980432601938
2947,3392,0.61433533799161
2947,3552,0.178729938081019
2947,3597,-0.173335891105488
2947,3763,-1.22333524906351
2947,3889,0.252795597962229
2948,2953,-0.81379522382433
2948,2957,-3.43170766118674
2948,2958,-1.32557168457712
2948,2960,-1.88794160047742
2948,2961,-3.0375581398359
2948,3044,-2.42747737956376
2948,3098,-1.59066499939256
2948,3203,-0.894061036283152
2948,3328,-1.55122768994407
2948,3712,-1.46035136407622
2948,3726,-1.86753675875141
2949,2950,-0.261401010789022
2949,2952,0.940762693149361
2949,2953,1.21589348984329
2949,2957,-1.40201894751911
2949,2959,-1.10707025004461
2949,3761,-0.397891639363398
2950,2953,1.47729450063232
2950,2963,1.06380865567702
2950,3030,1.14809479595953
2950,3573,1.13698642644059
2950,3913,0.502028229142959
2951,2954,0.79468244445541
2951,2957,-0.62025711416811
2951,2960,0.923508946541202
2951,3112,0.755255542899011
2951,3295,1.24844344856724
2951,3592,1.09677307249072
2951,3812,2.34150389458136
2951,3893,0.436054377486746
2952,2953,0.275130796693933
2952,2955,0.464932634713343
2952,2958,-0.236645664058856
2952,2960,-0.79901557995916
2952,2963,-0.138355048261363
2952,2964,-1.62868978080141
2952,3446,-1.74382849647376
2952,3553,-0.605857294247401
2952,3661,0.298609607734626
2952,3872,-1.08018695497097
2952,3900,-1.41118308605701
2953,2957,-2.61791243736241
2953,2960,-1.07414637665309
2953,2961,-2.22376291601156
2953,3272,-0.610618155790907
2953,3321,-0.658247284769158
2953,3700,-1.53074649798806
2954,2955,1.3927747167583
2954,2957,-1.41493955862352
2954,2958,0.691196417986096
2954,2961,-1.02079003727268
2954,2962,0.663700000082178
2954,3134,0.961474943406092
2954,3196,-0.540789697133735
2954,3897,0.983993301364726
2955,2957,-2.80771427538181
2955,2958,-0.701578298772199
2955,2959,-2.51276557790732
2955,2964,-2.09362241551475
2955,2965,-1.49626896889747
2955,2967,-2.71931145038857
2955,3955,-0.861958797944385
2955,3971,-1.8120375043161
2956,2959,-1.68878697674373
2956,2962,0.0949038844874679
2956,2965,-0.672290367733888
2956,2969,0.0706368604236823
2956,3372,0.932021899385769
2956,3428,-0.435902599518176
2956,3529,-0.098975695090223
2956,3824,-0.287582062974145
2957,2958,2.10613597660962
2957,2967,0.0884028249932481
2957,2970,2.55676520856792
2957,3424,1.8116354931297
2957,3740,1.74371290266808
2957,3773,1.79903826833538
2957,3930,1.68409456186593
2958,2960,-0.562369915900304
2958,2961,-1.71198645525878
2958,2968,-2.09088571931756
2958,2971,-0.473436457140231
2958,3180,0.0687189078552714
2958,3788,0.0333455838414042
2958,3903,-1.31038397859751
2959,2960,1.24881736323482
2959,2963,1.90947789493261
2959,2964,0.419143162392565
2959,2967,-0.206545872481249
2959,2971,1.33775082199489
2959,3064,1.9989660536546
2959,3549,1.25327696262374
2959,3675,2.46044451227167
2959,3729,0.976019528991026
2959,3792,1.08419113705185
2959,3979,1.32409132951484
2960,2963,0.660660531697797
2960,2966,1.25763432709706
2960,2967,-1.45536323571606
2960,2972,-0.574653797779581
2960,3067,-0.293982406166007
2960,3412,0.987392229395526
2960,3637,0.194009663793343
2960,3693,0.495911093967285
2960,3900,-0.612167506097851
2960,3982,-0.113769805252868
2961,2968,-0.378899264058787
2961,2969,1.66022301329107
2961,2972,0.574962741578891
2961,3078,2.40154294664455
2961,3127,1.19687925577034
2961,3238,1.95395071800176
2961,3440,0.98092683636502
2961,3619,2.08810347164791
2961,3899,-0.113168924003839
2961,4000,1.03694313413941
2962,2963,0.125787033701411
2962,2968,-2.06338930141365
2962,2970,0.478125649862219
2962,2974,-1.19802999210735
2962,2975,-1.40308196099993
2962,3124,-0.8723349344129
2962,3364,-1.96291932545719
2962,3426,-0.924424064182357
2962,3644,-0.657921210867758
2962,3998,0.419611446777928
2963,2968,-2.18917633511506
2963,2970,0.352338616160808
2963,2971,-0.571727072937724
2963,2972,-1.23531432947738
2963,2973,-1.50871711510791
2963,2974,-1.32381702580876
2963,2976,0.275193209470267
2963,3433,-1.45887325822132
2963,3810,-0.0367970655099917
2964,3005,0.115175470128415
2964,3190,0.516983702345202
2964,3332,0.45682531150848
2964,3398,0.742435736548476
2964,3401,-0.105824569311603
2964,3502,0.496420429003868
2964,3573,1.56351250330362
2964,3726,0.850079042568266
2964,3754,0.621462066416843
2965,2966,1.48995508132203
2965,2968,-1.29619504919229
2965,2973,-0.615735829185145
2965,2977,0.282765812245975
2965,2978,-0.199067959414291
2965,3004,0.136466338472952
2965,3260,-0.552358887790417
2965,3312,-0.37234257425146
2965,3883,-0.183108371437885
2966,2967,-2.71299756281313
2966,2971,-1.16870086833699
2966,2973,-2.10569091050718
2966,2974,-1.92079082120803
2966,2975,-2.12584279010061
2966,3026,-1.8149825264232
2966,3101,-2.09946247327704
2966,3314,-1.76102790369925
2966,3525,-1.67008140626015
2966,3574,-0.325258391142799
2967,2971,1.54429669447614
2967,2972,0.880709437936483
2967,2973,0.607306652305949
2967,3457,1.46386298859791
2967,3586,1.07322947851033
2967,3669,1.84075101443199
2968,2969,2.03912227734986
2968,2970,2.54151495127586
2968,2971,1.61744926217733
2968,2972,0.953862005637678
2968,2975,0.660307340413713
2968,2980,0.824776244957584
2968,3098,1.82579240450212
2968,3163,0.28940274595147
2968,3451,0.174946041113142
2968,3832,1.73384368995336
2969,2973,-1.35866305734272
2969,2981,-0.0667661426725452
2969,2982,-0.703733671205749
2969,3022,-1.3868163518339
2969,3062,-1.05593076769701
2969,3210,1.82224638542988
2970,2971,-0.924065689098532
2970,2972,-1.58765294563819
2970,2977,-0.9625540898376
2970,2979,-0.838398413313789
2970,2980,-1.71673870631828
2970,3123,-1.22718079868797
2970,3580,-0.957558901793082
2970,3601,-0.423530005137607
2971,2976,0.846920282407991
2971,2979,0.0856672757847432
2971,2983,0.14664018849225
2971,3338,-1.39962429205936
2971,3809,-0.0373631755277924
2972,2976,1.51050753894765
2972,2977,0.625098855800586
2972,2978,0.14326508414032
2972,2979,0.749254532324397
2972,2984,-0.865986396556124
2972,3040,-0.13460389587628
2972,3105,2.77383266696445
2972,3198,0.840738885434889
2972,3409,1.1119160672441
2972,3410,0.671881324282734
2972,3798,0.210473232880568
2972,3824,0.727041348314355
2972,3929,-0.11401125991217
2972,3939,0.892668563354265
2973,2974,0.184900089299148
2973,2976,1.78391032457818
2973,2984,-0.59258361092559
2973,2985,1.06833937636255
2973,3171,0.98621107855489
2973,3219,1.80969811206374
2973,3225,1.33568214054923
2973,3268,0.604977220732162
2973,3400,-0.045744124499623
2973,3459,1.05873832412363
2973,3538,-0.824408663775267
2973,3828,0.0695707181945847
2973,3851,1.25123397887081
2973,3965,1.10635509980741
2974,2975,-0.205051968892579
2974,2985,0.883439287063401
2974,2987,1.94370116099554
2974,3746,-0.0625244220379384
2974,3806,0.789885732354182
2974,3843,0.0187101296844782
2975,2976,1.80406220417161
2975,2979,1.04280919754836
2975,2980,0.164468904543871
2975,2981,1.3120487942636
2975,2985,1.08849125595598
2975,3191,1.60282515212052
2975,3218,1.24793853514467
2975,3487,0.790550554927966
2975,3505,1.55906662258086
2975,3550,0.579129673140428
2976,2980,-1.63959329962774
2976,2984,-2.37649393550377
2976,2986,-1.93105849952629
2976,2987,0.344690925716511
2976,2988,-0.707398053255275
2976,3153,-1.68986770679663
2977,2981,0.39339527323905
2977,2982,-0.243572255294154
2977,2987,1.23009960886357
2977,2988,0.178010629891784
2977,3083,0.404261077926235
2977,3102,0.306080757835136
2977,3262,0.214610279965487
2978,2981,0.875229044899316
2978,2983,0.666962360891583
2978,2985,0.651671506591694
2978,2987,1.71193338052384
2978,3420,0.715022826802825
2978,3613,0.566145920607508
2978,3724,-0.864340374307665
2978,3802,-0.965011379341942
2978,3966,-0.188318435854691
2979,2980,-0.878340293004491
2979,2982,-0.367727931817965
2979,2988,0.0538549533679734
2979,2990,1.25099341449505
2979,2991,-1.34225001534531
2979,3250,-0.319885444592807
2979,3793,0.423723772943561
2980,2988,0.932195246372464
2980,2990,2.12933370749954
2980,2992,0.534088070725015
2980,2993,0.143339771051155
2980,3243,1.47024339080789
2980,3896,0.904056492319492
2981,2985,-0.223557538307622
2981,2991,-1.61148961206055
2981,3038,1.14601135086043
2981,3223,-0.553028542219913
2981,3747,-1.40026443492227
2982,2988,0.421582885185938
2982,2989,0.920080826041669
2982,3131,-0.0743197647857457
2982,3276,0.456872706386781
2982,3278,0.569646036442466
2982,3982,0.0793573920202808
2983,2985,-0.0152908542998887
2983,2988,-0.0071179593395331
2983,2990,1.19002050178754
2983,2992,-0.405225134986982
2983,2993,-0.795973434660842
2983,3001,1.01039657183122
2983,3236,0.353616064149851
2983,3268,-0.478653009930275
2983,3316,-0.704173358233735
2983,3841,-0.682783184238072
2983,3912,-0.481372043478558
2984,2988,1.66909588224849
2984,2994,1.95057170587536
2984,3316,0.972040483354292
2984,3440,1.27195049134225
2984,3590,1.87223906293937
2984,3899,0.177854730973394
2985,2986,-1.21548755131066
2985,2996,-0.348629169090846
2985,3232,-0.428972327576981
2985,3241,-0.018771251141073
2985,3328,0.116431117580918
2985,3344,0.174199917063826
2985,3487,-0.297940701028014
2985,3802,-1.61668288593364
2985,3860,-0.942372169646711
2985,3880,-0.74953782467787
2986,2988,1.22366044627101
2986,2989,1.72215838712674
2986,2990,2.42079890739809
2986,2992,0.825553270623565
2986,3387,0.519312138685354
2986,3623,0.325960677160692
2987,2990,0.145049482155293
2987,2991,-2.44819394768507
2987,2994,-0.770613155344923
2987,2996,-1.40889104302299
2987,3054,-2.26641752518705
2987,3406,-2.06715804206783
2987,3434,-1.55087727090378
2987,3684,-2.08352204919162
2987,3978,-1.21228882689975
2988,2989,0.498497940855731
2988,2999,-1.02131104860454
2988,3138,0.144577087454921
2988,3361,-0.628711184559967
2988,3640,-1.05504978351915
2988,3659,-0.206837042791918
2988,3752,0.301996595144319
2988,3762,0.390355337660704
2988,3941,-0.0995444529719386
2989,2992,-0.89660511650318
2989,2994,-0.217022117228869
2989,2996,-0.855300004906933
2989,3001,0.519016590315017
2989,3275,-0.637922074866763
2989,3474,-1.84915381752485
2989,3646,-0.478003597111237
2989,3895,-1.56664759422485
2990,2994,-0.915662637500216
2990,2995,-1.86194296063879
2990,2996,-1.55394052517828
2990,3001,-0.17962392995633
2990,3002,-0.17253718424973
2990,3003,-1.41453983791619
2990,3180,-0.794505325284292
2990,3501,-2.1423503813323
2990,3742,-1.51558763388237
2990,3879,-1.85008077753052
2990,3957,-0.535914556088433
2991,2992,0.997997793065836
2991,2999,0.374793920108747
2991,3000,2.17652515801238
2991,3002,2.42070624559063
2991,3124,0.830187844383982
2991,3184,1.13836736848888
2991,3568,0.0217847943188818
2991,3581,2.50626348859781
2991,3619,2.10613621308994
2992,2993,-0.39074829967386
2992,2995,-0.26669732386426
2992,2998,-0.254221938580561
2992,3086,0.535158175096111
2992,3626,1.18328020417231
2992,3834,0.258099025383356
2993,2999,-0.232455573283229
2993,3000,1.5692756646204
2993,3005,-0.154098943305315
2993,3006,0.911249692305831
2993,3300,-0.250889597975485
2994,3005,-1.22443024225349
2994,3006,-0.159081606642341
2994,3007,-0.698821436839139
2994,3129,-0.13614183860312
2994,3432,-1.16949401058224
2994,3986,0.254489876258564
2995,2997,1.20510125982482
2995,3000,1.4452246888108
2995,3083,0.89105494754616
2995,3158,1.90545428347346
2995,3292,1.38832657987707
2995,3323,1.33708559616606
2995,3328,0.773062722132271
2995,3505,1.12720697117623
2995,3895,-0.403345153857408
2996,3007,-0.0605435491610743
2996,3091,0.443816172151955
2996,3225,0.615971933277526
2996,3301,0.200350577376331
2996,3586,-0.253787381067319
2996,3759,-0.0358412221603385
2996,3786,-0.419926790089992
2997,2998,-1.19262587454112
2997,2999,-1.56160780891765
2997,3001,0.477217770857633
2997,3004,-0.864606863977922
2997,3008,-1.01128500623872
2997,3009,-2.95557225539817
2997,3136,0.0106631540238646
2997,3316,-1.23735215920732
2997,3389,-1.81100088365934
2997,3772,-0.872211490603134
2997,3853,-2.04417001451727
2998,3000,1.4327493035271
2998,3001,1.66984364539876
2998,3006,0.774723331212531
2998,3007,0.234983501015734
2998,3008,0.181340868302403
2998,3009,-1.76294638085704
2998,3011,0.290307316716372
2998,3481,0.0910209070273195
2998,3518,0.678471070313224
2998,3922,0.195327547465741
2999,3002,2.04591232548189
2999,3007,0.603965435392262
2999,3011,0.6592892510929
2999,3012,0.755849964948128
2999,3097,1.51971361439642
2999,3146,2.28787213906004
2999,3184,0.763573448380137
2999,3204,0.683804093565379
2999,3217,-0.192689991159866
2999,3262,1.05791069867824
2999,3346,-0.012271381851718
2999,3763,-0.429126425703283
3000,3001,0.237094341871657
3000,3003,-0.997821566088204
3000,3004,-1.1047302929639
3000,3008,-1.2514084352247
3000,3009,-3.19569568438414
3000,3012,-1.0458812729555
3000,3114,-1.38978944460977
3000,3187,-0.65333883020297
3000,3226,0.0784756336842581
3000,3923,-1.14538279865628
3001,3004,-1.34182463483556
3001,3077,-1.31688561613504
3001,3160,-2.33743630453608
3001,3250,-1.39125492913153
3001,3332,-1.61881910841731
3001,3911,-0.0986627218971559
3001,3936,-0.631264904096091
3002,3005,-1.96755569550397
3002,3013,-1.32374122201136
3002,3014,-1.74997370685692
3002,3060,-1.99653736300234
3002,3299,-0.569430602204118
3002,3470,-0.85651682381244
3002,3598,-0.77697054534701
3002,3851,-0.849879569329438
3002,3931,-0.495606270671333
3002,3973,-0.799367538032735
3003,3005,-0.725553041837512
3003,3008,-0.253586869136494
3003,3009,-2.19787411829594
3003,3011,-0.144620420722525
3003,3205,-0.166376617789475
3003,3407,1.66658318766968
3003,3435,0.128453990075255
3003,3789,-0.0014710025114016
3003,3985,0.006247996495915
3004,3005,-0.618644314961818
3004,3007,-0.0930355095474694
3004,3012,0.0588490200083964
3004,3013,0.0251701585307957
3004,3015,-0.814087697689469
3004,3046,-1.61277648742487
3004,3269,-0.548406641879334
3004,3412,1.08324664514754
3004,3479,0.61465594599753
3004,3564,0.220869136602075
3004,3629,-0.236394373446313
3004,3672,-0.366998074135953
3004,3737,-0.390147511249265
3004,3994,-0.0942178880065864
3005,3008,0.471966172701018
3005,3013,0.643814473492613
3005,3014,0.217581988647054
3005,3017,0.360500605605348
3005,3018,0.788955327855984
3005,3540,0.621717274534361
3005,3603,0.986682023507524
3005,3811,1.13077706310498
3005,3900,0.102331224615985
3005,3931,1.47194942483264
3006,3012,-0.387855300640932
3006,3013,-0.421534162118533
3006,3014,-0.847766646964092
3006,3016,-0.395233176917862
3006,3017,-0.704848030005798
3006,3211,-0.71971926729789
3006,3329,0.109706016093703
3006,3371,0.663155333737402
3006,3688,-0.184567163114725
3007,3010,-0.742092934359123
3007,3012,0.151884529555866
3007,3017,-0.165108199809
3007,3018,0.263346522441636
3007,3082,0.642944415660831
3007,3233,0.0386396457529526
3007,3816,-0.766187176469694
3008,3011,0.108966448413969
3008,3212,0.0552570488457855
3008,3877,-0.180947512572784
3009,3016,2.14243653515171
3009,3018,2.26127640431441
3009,3019,2.54356830135591
3009,3025,2.3801562244086
3009,3210,4.51967266653475
3009,3595,3.50857189298474
3009,3827,2.37245668536211
3009,3917,3.68983364379962
3009,3954,2.25618113102217
3010,3015,0.0210407462171235
3010,3018,1.00543945680076
3010,3023,0.341005446303719
3011,3014,-0.363350632467932
3011,3015,-0.776376003842638
3011,3020,1.25147630131826
3011,3280,-0.713408692353686
3011,3343,-0.414440170477683
3011,3642,0.324495099587938
3012,3015,-0.872936717697865
3012,3016,-0.00737787627693
3012,3023,-0.55297201761127
3012,3024,-0.784616299208821
3012,3111,0.804482419362931
3012,3128,0.052535814589871
3012,3170,1.01957297782854
3012,3496,0.141144597225225
3012,3759,-0.12718220255513
3012,3869,-0.493247915652641
3012,3900,-0.575162110354229
3012,3907,0.636845063216262
3013,3020,1.18859444894063
3013,3021,-0.0260954522878974
3014,3022,-0.37929313583452
3014,3025,0.690253159303115
3014,3026,-0.0604314572593616
3014,3154,-0.14508855148208
3014,3240,0.295521593244508
3014,3242,0.383912725306252
3014,3384,0.296868178841198
3014,3531,-0.186681762048031
3014,3821,0.761471697892277
3014,3854,1.18119457213562
3014,3889,0.751065802697492
3015,3017,0.555943988332999
3015,3023,0.319964700086595
3015,3025,1.10327853067782
3015,3295,1.23487661546752
3015,3953,1.26767856007221
3016,3017,-0.309614853087936
3016,3020,1.16229346373996
3016,3023,-0.54559414133434
3016,3028,0.051520851918943
3016,3051,0.483064795908618
3016,3357,0.133534777949227
3016,3381,-0.0875293244843389
3016,3484,-0.907321568001373
3016,3529,0.385377190439247
3016,3966,-0.5753238774734
3017,3020,1.47190831682789
3017,3022,-0.522211752792814
3017,3025,0.547334542344821
3017,3281,0.558251547045498
3017,3568,-0.791866361373127
3018,3019,0.282291897041496
3018,3020,1.04345359457726
3018,3027,0.395429224849047
3018,3030,0.670490074838159
3018,3476,0.818591953270107
3018,3522,0.0169201891006177
3018,3543,-0.0885874161426467
3018,3761,-0.614095349695747
3019,3020,0.761161697535763
3019,3023,-0.946725907538536
3019,3027,0.11313732780755
3019,3082,0.0973059961776996
3019,3617,-0.500530701202201
3019,3662,-0.362664305761992
3020,3023,-1.7078876050743
3020,3026,-1.67525839104555
3020,3027,-0.648024369728213
3020,3028,-1.11077261182102
3020,3031,-0.808722008860242
3020,3032,-0.483238484757418
3020,3033,-1.92511958893419
3020,3472,-1.25212796669215
3020,3652,-0.734806538521235
3020,3718,-1.21107679817479
3021,3022,-0.779430168392182
3021,3024,-0.724841985443323
3021,3026,-0.460568489817023
3021,3028,0.103917289407511
3021,3029,0.742298562725371
3021,3033,-0.710429687705661
3021,3034,1.01227033481772
3021,3313,-0.512099509075086
3021,3642,0.287708699498208
3021,3827,0.282416587698962
3022,3028,0.883347457799693
3022,3328,1.21292378843465
3022,3347,1.15523733451108
3022,3488,0.130341666159872
3022,3689,2.40110690423722
3022,3762,1.49502090347479
3022,3919,1.11994286231
3023,3026,0.0326292140287483
3023,3027,1.05986323534609
3023,3028,0.597114993253283
3023,3030,1.3349240853352
3023,3034,1.50546803866349
3023,3065,1.13546301843236
3023,3278,0.966496252524208
3024,3026,0.264273495626299
3024,3027,1.29150751694364
3024,3035,0.86545583724851
3024,3322,0.764016323159176
3024,3396,-0.555654599836632
3024,3497,0.401624315700982
3024,3582,1.76921491524293
3024,3915,0.213899853467556
3025,3029,0.452182435979918
3025,3034,0.722154208072265
3025,3036,0.764820200781087
3025,3038,1.39651526488416
3025,3070,-0.716113205968095
3025,3191,0.541280271880642
3025,3352,-0.836382626795987
3025,3569,-0.650971068845256
3025,3590,0.238262451367333
3025,3850,0.205249587521817
3026,3029,1.20286705254239
3026,3031,0.866536382185308
3026,3033,-0.249861197888638
3026,3035,0.601182341622211
3026,3037,-0.0280155456270372
3026,3604,-0.0430297944395523
3026,3719,1.27407392987745
3026,3878,0.0645533795789388
3026,3956,0.0354955276117465
3027,3031,-0.16069763913203
3027,3281,-0.265632400054184
3027,3392,0.145802978668897
3027,3447,-0.200546576082335
3027,3706,-0.489175811512812
3028,3030,0.737809092081916
3028,3036,0.95101903811903
3028,3038,1.5827141022221
3028,3039,-0.38017518575429
3028,3364,-1.4351834073592
3028,3821,0.257417375927104
3028,3880,-0.536392611623828
3028,3966,-0.626844729392343
3029,3036,0.31263776480117
3029,3038,0.944332828904238
3029,3039,-1.01855645907215
3029,3041,-0.925638010412179
3029,3396,-2.02279514800533
3029,3669,-0.260131074500325
3030,3031,-0.435758489121142
3030,3034,0.170543953328292
3030,3036,0.213209946037114
3030,3042,-1.74272197182385
3030,3043,-1.12723055628874
3030,3168,-1.6558555165852
3030,3350,-1.00016237248701
3030,3802,-2.14134676496151
3030,3914,-0.0998207950708237
3030,3983,-1.31480172142654
3031,3035,-0.265354040563097
3031,3037,-0.894551927812345
3031,3039,-0.682225788715064
3031,3042,-1.3069634827027
3031,3259,0.430083915751116
3032,3033,-1.44188110417677
3032,3035,-0.590837564665922
3032,3125,-1.31890974643556
3032,3429,-1.56233013870047
3032,3484,-1.58637654698391
3032,3782,-0.731875511537405
3032,3965,-0.376373190564691
3033,3040,0.0979517035589191
3033,3042,-0.190565902628757
3033,3045,0.426466860201958
3033,3238,1.61154357585807
3033,3549,0.811668996603704
3033,3927,0.831500677628042
3033,3946,-0.352505466592133
3034,3035,-0.871656483012531
3034,3036,0.0426659927088217
3034,3037,-1.50085437026178
3034,3067,-1.20947303147461
3034,3357,-0.826339119379924
3034,3553,-0.722332339596841
3034,3978,-0.84723478532377
3035,3039,-0.416871748151967
3035,3042,-1.04160944213961
3035,3048,0.497120350604975
3035,3541,-0.298639971585058
3035,3744,-0.0912352887310324
3036,3038,0.631695064103068
3036,3044,-1.49769239710376
3036,3045,-1.33889915503024
3036,3048,-0.417202125116378
3036,3078,0.293769789268656
3036,3249,-0.251412132625928
3036,3261,-0.657372459097347
3036,3556,0.551216006994194
3036,3692,-0.177363715462365
3037,3041,0.305244587757253
3037,3042,-0.412411554890358
3037,3045,0.204621207940357
3037,3211,0.216494382552601
3037,3421,-0.158025113812523
3037,3746,-0.140317171195725
3038,3043,-1.97213556642892
3038,3049,-1.34149039442775
3038,3050,-1.93247279676685
3038,3244,-1.45330656344538
3038,3401,-2.52535045227434
3039,3040,-0.336220087799963
3039,3042,-0.624737693987639
3039,3048,0.913992098756942
3039,3049,0.621398893548637
3039,3051,0.811719129743965
3039,3053,-0.323784222836404
3039,3533,-0.0174407301052419
3039,3898,0.865333288750496
3040,3050,0.366636579009504
3040,3051,1.14793921754393
3040,3193,0.238025250601505
3040,3240,0.507862544833588
3040,3454,0.939571343897589
3040,3465,1.07885022373144
3040,3514,0.262980523661458
3040,3778,0.0495816397881537
3041,3048,0.82107365009697
3041,3049,0.528480444888666
3041,3050,-0.0625019574504306
3041,3123,0.0659375063665667
3041,3203,1.2739997213902
3041,3368,0.92032090084002
3041,3416,-0.513759018784962
3041,3752,0.810571440253036
3042,3052,0.825467032265661
3042,3053,0.300953471151235
3042,3092,0.321860759663691
3042,3383,0.920244283578378
3042,3412,1.98516752923906
3042,3594,1.00058885651214
3042,3699,1.52477337030953
3043,3045,0.0015413472956052
3043,3046,-1.32634701886846
3043,3047,0.0052634619889444
3043,3050,0.0396627696620705
3043,3056,-0.127850349232254
3043,3079,-0.267890088573354
3043,3174,0.857467811294828
3043,3429,-0.545374547430049
3043,3551,0.306136175027942
3043,3738,0.647897154874371
3043,3765,0.67721447411065
3043,3886,-0.549008981440781
3043,3940,-0.317493471339939
3044,3046,-1.16909512409054
3044,3117,0.0603122554427794
3044,3175,1.32783274271756
3044,3231,0.726302656552865
3044,3545,0.173172745713917
3044,3557,0.113185142536966
3044,3653,-0.512643009365271
3044,3714,-0.155995495979447
3044,3982,0.425765973833474
3045,3049,0.629103824705562
3045,3050,0.0381214223664653
3045,3052,0.208434269434946
3045,3053,-0.316079291679479
3045,3054,-0.605130321289652
3045,3055,0.0017396230832458
3045,3057,-0.53291103088816
3045,3251,1.74500105942609
3045,3626,1.39437125345047
3045,3918,0.055263436994624
3046,3052,1.53632263559901
3046,3054,0.722758044874411
3046,3056,1.1984966696362
3046,3058,2.30273015712157
3046,3698,3.12721082345517
3047,3051,0.81570194620755
3047,3055,-0.0019824916100933
3047,3060,-0.366459975892716
3047,3201,-0.993052333071791
3047,3618,1.99792957888346
3047,3878,-0.11577439742772
3048,3051,-0.102272969012977
3048,3053,-1.23777632159335
3048,3058,0.0531447610436432
3048,3116,0.0483693725586166
3048,3265,0.606388564569541
3048,3824,-0.388566942366269
3048,3834,-0.452506955252347
3048,3897,0.31421230637789
3048,3987,-0.127973534669246
3049,3050,-0.590982402339097
3049,3053,-0.945183116385041
3049,3055,-0.627364201622316
3049,3058,0.345737966251947
3049,3626,0.765267428744911
3049,3831,0.468649731990233
3050,3053,-0.354200714045945
3050,3059,-0.53062655492868
3050,3061,0.671086659504408
3050,3368,0.982822858290451
3050,3479,0.86142264489187
3050,3519,-0.332392399865009
3050,3619,1.2811080469358
3051,3052,-0.610989791465944
3051,3054,-1.42455438219054
3051,3060,-1.18216192210027
3051,3063,0.0918388527480791
3051,3210,1.89417133547442
3051,3332,-0.811530413221837
3051,3461,-1.14288598390007
3051,3529,-0.0976876054693712
3051,3558,-0.250098112197245
3051,3718,-0.531848130343446
3052,3059,-0.70093940199716
3052,3063,0.702828644214023
3052,3064,0.922456957997662
3052,3065,0.717793872655346
3052,3125,-0.511929771895695
3052,3513,-0.250144633544505
3052,3982,0.0585384623250093
3053,3054,-0.289051029610172
3053,3055,0.317818914762725
3053,3056,0.18668759515162
3053,3058,1.29092108263699
3053,3060,-0.0466585695198972
3053,3062,0.151497534927894
3053,3063,1.22734220532845
3053,3103,0.917721753496357
3053,3219,1.65846335734592
3053,3348,1.00091298986872
3053,3365,1.43568979890664
3053,3641,0.579562540866738
3053,3831,1.41383284837527
3054,3056,0.475738624761793
3054,3057,0.0722192904014917
3054,3060,0.242392460090275
3054,3063,1.51639323493862
3054,3064,1.73602154872226
3054,3069,0.222753152593934
3054,3711,1.47508369297205
3055,3058,0.973102167874263
3055,3067,0.08502050776357
3055,3361,-0.0212525827176009
3055,3503,-0.237610964435465
3055,3534,0.0137439109510543
3055,3865,1.42951626354209
3056,3059,-0.363113436034355
3056,3063,1.04065461017683
3056,3064,1.26028292396047
3056,3065,1.05561983861815
3056,3069,-0.252985472167859
3056,3125,-0.17410380593289
3056,3236,1.09932394494286
3056,3464,1.22044010862749
3056,3677,1.34529938908074
3056,3962,-0.226136183888498
3057,3058,1.50775282184567
3057,3059,0.0404058983259457
3057,3061,1.24211911275903
3057,3062,0.368329274136575
3057,3068,-0.944356005249567
3057,3069,0.150533862192442
3057,3070,0.390876779169222
3057,3342,1.0233214515242
3057,3555,1.50775695675125
3057,3744,0.866252421466019
3057,3799,0.593010597135063
3058,3059,-1.46734692351972
3058,3060,-1.33757965215689
3058,3062,-1.13942354770909
3058,3068,-2.45210882709524
3058,3071,-0.596945046634241
3058,3422,-1.07781734089528
3058,3583,0.477952195026011
3059,3063,1.40376804621118
3059,3065,1.41873327465251
3059,3066,0.464949751313955
3059,3072,0.750211667635594
3059,3142,1.51052413599271
3059,3406,0.0866342943917842
3059,3568,-0.272616816906577
3059,3826,0.7200954437213
3060,3064,1.49362908863198
3060,3071,0.740634605522645
3060,3092,0.067565858032353
3061,3066,-0.736763463119132
3061,3069,-1.09158525056659
3061,3070,-0.851242333589811
3061,3071,-0.331311337547605
3061,3072,-0.451501546797494
3061,3141,0.490464304755825
3061,3873,-0.589059169019116
3062,3064,1.29547298418419
3062,3071,0.542478501074853
3062,3075,-0.421340426021807
3062,3114,0.164410726366522
3062,3192,0.680240808213469
3062,3207,-0.656491496585264
3062,3234,0.934527616867049
3062,3642,0.736253283753497
3062,3752,1.07577657682152
3063,3064,0.21962831378364
3063,3065,0.0149652284413228
3063,3068,-2.3885299497867
3063,3072,-0.653556378575589
3063,3074,-0.535684568302804
3063,3076,-0.165070227873758
3063,3879,-0.955007005126795
3063,3899,-1.79330583999846
3064,3076,-0.384698541657397
3064,3151,-2.2762477986723
3064,3407,0.927488808373571
3064,3903,-1.498162753117
3065,3068,-2.40349517822802
3065,3069,-1.30860531078601
3065,3072,-0.668521607016912
3065,3074,-0.550649796744127
3065,3077,-0.616401002128975
3065,3078,0.706440802208609
3065,3081,-0.0906557204286352
3065,3185,-0.593725643221439
3065,3469,-0.946384696941277
3065,3523,-0.973095502099524
3066,3075,-0.558366801525133
3066,3077,0.337382521209576
3066,3078,1.66022432554716
3066,3134,1.24094635958138
3066,3483,0.739366026892673
3066,3832,0.613625804797181
3067,3072,0.170946404226563
3067,3074,0.288818214499349
3067,3076,0.659432554928395
3067,3385,0.782329918936948
3067,3427,1.01512347923363
3067,3664,-0.0536013652257894
3068,3070,1.33523278441879
3068,3078,3.10993598043663
3068,3690,1.48239111801949
3068,3821,2.12256452897605
3069,3081,1.21794959035737
3069,3321,1.17901879759248
3069,3432,0.103557206665952
3069,3692,1.5439126082636
3069,3806,0.889848943951756
3069,3891,1.63195797952418
3069,3920,1.1937844476972
3070,3076,0.888226937494149
3070,3082,0.976831279093105
3070,3500,-0.312968785911452
3070,3695,1.15031121354218
3071,3074,-0.0023183989771035
3071,3079,-0.647328180192227
3071,3081,0.457675677338388
3071,3083,0.457551928636796
3071,3341,-0.312844279754697
3071,3482,0.388616460224883
3071,3958,-0.615471406480848
3072,3077,0.0521206048879369
3072,3081,0.577865886588277
3072,3083,0.577742137886684
3072,3085,-1.27226802894045
3072,3628,0.902409374677166
3072,3805,0.0909312388270465
3072,3898,0.615331684834041
3072,3915,-0.484685839545442
3073,3079,0.777956767397634
3073,3081,1.88296062492825
3073,3082,1.88218523064076
3073,3084,1.42965004291378
3073,3085,0.0328267093995247
3073,3284,2.29787234120584
3073,3405,2.31236487714183
3073,3440,1.25944103728596
3073,3674,0.98787504509052
3073,3997,1.15430616981227
3074,3078,1.25709059895274
3074,3087,-0.233850545308175
3074,3166,0.120020240154449
3074,3611,-2.075461006665
3074,3619,0.943651123956101
3074,3855,-1.21759991139986
3075,3079,0.316490746904433
3075,3080,2.74002885262793
3075,3208,0.164967936948706
3075,3279,0.763331340184644
3075,3928,1.51990872807597
3076,3077,-0.436365545813895
3076,3078,0.886476258523689
3076,3079,-1.01562412164417
3076,3084,-0.363930846128025
3076,3086,5.65385990626131e-05
3076,3087,-0.604464885737221
3076,3089,0.999523570407907
3076,3267,-0.824806629686507
3076,3500,-1.2011957234056
3076,3507,1.15666973137469
3076,3707,-1.92340839869636
3076,3736,-0.38350785483941
3077,3079,-0.579258575830275
3077,3081,0.52574528170034
3077,3083,0.525621532998747
3077,3084,0.0724346996858699
3077,3085,-1.32438863382838
3077,3089,1.4358891162218
3077,3090,0.994813961328391
3077,3128,0.0864458158977564
3077,3129,0.444705069988038
3077,3214,1.29829880106231
3077,3485,-0.250878637501066
3077,3515,-1.21851029959644
3077,3865,1.12142874666402
3078,3086,-0.886419719924627
3078,3087,-1.49094114426091
3078,3287,-0.968903043487814
3078,3861,-1.23113818779653
3079,3080,2.42353810572349
3079,3088,0.561786982896609
3079,3089,2.01514769205208
3079,3091,0.965643768895324
3079,3199,0.310766595976255
3079,3542,0.376878849455553
3079,3903,-0.0978400898154287
3080,3082,-1.31930964248037
3080,3083,-1.31865799689447
3080,3086,-1.40785744548026
3080,3087,-2.01237886981654
3080,3088,-1.86175112282688
3080,3091,-1.45789433682817
3080,3092,-2.44927867302156
3080,3093,-3.07682041799391
3080,3129,-1.39957445990518
3080,3403,-1.70323062485209
3080,3424,-1.50549470042133
3080,3895,-2.61305809829804
3081,3087,-0.693844621623667
3081,3092,-1.13074442482868
3081,3093,-1.75828616980103
3081,3094,0.4455003856111
3081,3829,0.682920855838463
3081,3864,-1.28801853822603
3081,3872,-0.736001259660646
3082,3088,-0.542441480346517
3082,3090,0.46984407391554
3082,3093,-1.75751077551354
3082,3094,0.446275779898589
3082,3095,0.962383517681212
3082,3139,-0.713092665603182
3082,3306,0.664382225639598
3082,3425,-0.794331544121356
3082,3458,-0.42566636259093
3082,3759,-0.618242088660096
3082,3834,-0.365606952712648
3083,3084,-0.453186833312877
3083,3094,0.445624134312692
3083,3095,0.961731872095316
3083,3193,-0.925938579001597
3083,3208,-1.25640291878475
3083,3750,-0.610688854647829
3083,3949,-0.562798314357269
3084,3088,-0.0899062926195363
3084,3094,0.89881096762557
3084,3318,0.0902733321268925
3084,3354,0.489629557045019
3084,3483,0.329548805997228
3084,3908,-0.24733331589916
3084,3997,-0.275343873101512
3085,3086,1.76081071824134
3085,3087,1.15628929390506
3085,3088,1.30691704089472
3085,3089,2.76027775005019
3085,3091,1.71077382689343
3085,3093,0.091847745727693
3085,3095,2.81174203892245
3085,3097,2.12216228458456
3085,3098,1.69258063196476
3085,3319,1.18109537356879
3085,3415,3.06728828538807
3085,3623,0.726059949682359
3085,3759,1.23111643258114
3085,3987,1.80828498911169
3086,3096,-0.135944305021698
3086,3570,0.785491414023437
3086,3941,-0.2365954524206
3087,3088,0.15062774698966
3087,3091,0.554484532988376
3087,3092,-0.436899803205013
3087,3093,-1.06444154817736
3087,3095,1.65545274501739
3087,3152,1.28098071963262
3087,3851,0.642192132435533
3087,3943,1.75592796033873
3087,3994,0.0489424332162292
3088,3090,1.01228555426206
3088,3092,-0.587527550194674
3088,3099,0.349426367563979
3088,3100,0.0726425277036097
3088,3137,0.891581804795015
3088,3694,0.450792083823702
3089,3092,-2.04088825935014
3089,3096,-1.13541133683054
3089,3097,-0.638115465465622
3089,3098,-1.06769711808543
3089,3100,-1.38071818145186
3089,3102,-1.00844790331415
3089,3155,-1.59260722940943
3089,3183,-0.0293726874922088
3089,3637,-1.17096405537695
3089,3936,-0.750268404182849
3090,3095,0.492539443765672
3090,3096,-0.694336181937131
3090,3100,-0.939643026558448
3090,3101,-1.76572671045687
3090,3102,-0.567372748420743
3090,3612,-1.33864929337917
3091,3092,-0.991384336193389
3091,3094,0.58486047424639
3091,3102,0.0410560198425991
3091,3188,-1.21447365827146
3091,3324,-0.348417067202437
3091,3352,-0.958516005573195
3091,3421,-1.05885865477925
3091,3508,-0.662214252414894
3092,3095,2.0923525482224
3092,3096,0.905476922519599
3092,3099,0.936953917758652
3092,3105,2.87509340936471
3092,3228,0.412731827690398
3092,3367,0.942206392516572
3092,3468,0.0466375791334938
3092,3645,0.56017274830282
3093,3095,2.71989429319475
3093,3096,1.53301866749195
3093,3100,1.28771182287063
3093,3101,0.461628138972215
3093,3105,3.50263515433706
3093,3517,0.327243523596376
3093,3568,0.157591798670583
3093,3977,1.20817711054466
3094,3095,0.516107737782624
3094,3097,-0.17347201655526
3094,3102,-0.543804454403791
3094,3127,-0.853067553848062
3094,3148,-0.752226409533204
3094,3786,-1.44860343648834
3094,3865,0.150183079352584
3095,3098,-1.11916140695769
3095,3296,-0.658903614943169
3095,3380,-0.647747395030883
3095,3480,-1.85191354990337
3095,3577,-1.27014363677024
3095,3958,-2.03475520721296
3096,3099,0.031476995239053
3096,3101,-1.07139052851974
3096,3107,0.602407720933647
3096,3108,-1.03431136853213
3096,3395,0.485257393580074
3097,3101,-1.56868639988466
3097,3103,-0.505958328900619
3097,3108,-1.53160723989705
3097,3109,-2.35013080875102
3097,3110,0.298660358915503
3097,3223,-0.836046464664531
3097,3746,-1.45253916985358
3097,3765,-0.431927663902451
3098,3099,-0.036237223506059
3098,3100,-0.313021063366428
3098,3109,-1.92054915613121
3098,3152,0.744689381572917
3098,3339,0.260962186058976
3098,3548,0.498780375377829
3098,3699,0.22972146938113
3098,3798,-0.661457165983878
3098,3902,-0.530841418131742
3099,3101,-1.10286752375879
3099,3103,-0.0401394527747516
3099,3105,1.93813949160606
3099,3106,-0.937227740286658
3099,3109,-1.88431193262515
3099,3110,0.76447923504137
3099,3112,-0.429292781220997
3099,3445,-1.57916443465215
3100,3101,-0.826083683898419
3100,3102,0.372270278137705
3100,3103,0.236644387085618
3100,3104,-0.0184018931877549
3100,3107,0.847714565554964
3100,3110,1.04126307490174
3100,3113,0.164652131236041
3100,3118,0.345120051955363
3100,3263,0.188397276553238
3100,3320,1.14700529580549
3100,3534,-0.349514540696959
3100,3763,-1.20623732411347
3100,3851,0.418921857742263
3100,3951,-1.47595943244349
3100,3963,1.294940102334
3100,3973,0.469433889038965
3101,3103,1.06272807098404
3101,3108,0.0370791599876024
3101,3112,0.673574742537792
3101,3113,0.990735815134461
3101,3428,0.845895160170725
3101,3708,1.01829222672148
3101,3916,1.61296372933724
3102,3106,-1.03271417856399
3102,3107,0.475444287417259
3102,3108,-1.16127480204852
3102,3378,0.884473018422033
3102,3407,1.32111168293721
3102,3427,0.364615257211482
3102,3534,-0.721784818834664
3102,3915,-0.964247657341027
3103,3108,-1.02564891099643
3103,3109,-1.8441724798504
3103,3113,-0.0719922558495764
3103,3114,-0.60181349220194
3103,3115,-0.568787175550884
3103,3116,0.368423940655605
3103,3182,-0.540062645526771
3103,3286,0.718394155180486
3103,3833,-0.792359762542956
3104,3109,-1.58912619957703
3104,3110,1.05966496808949
3104,3114,-0.346767211928568
3104,3117,-0.445077168174244
3104,3446,-0.910666561045285
3104,3687,0.660696094411931
3104,3690,-0.341472099661746
3104,3917,1.53716019209668
3105,3108,-3.00392785537725
3105,3112,-2.36743227282706
3105,3115,-2.5470661199317
3105,3276,-1.93543336007123
3105,3331,-2.9239174738499
3105,3998,-1.24469392441055
3106,3108,-0.128560623484529
3106,3110,1.70170697532803
3106,3112,0.507934959065661
3106,3114,0.295274795309966
3106,3115,0.328301111961022
3106,3116,1.26551222816751
3106,3602,1.75795658146761
3106,3791,0.252759928695317
3106,3874,1.17152613172246
3107,3109,-2.45524265831975
3107,3110,0.193548509346775
3107,3111,-0.064493079654091
3107,3113,-0.683062434318923
3107,3118,-0.502594513599601
3107,3162,-1.67240803175892
3107,3280,-1.67894490522594
3107,3404,-0.706229596695099
3107,3438,-0.746477240645592
3107,3539,-0.34259661157981
3108,3114,0.423835418794494
3108,3116,1.39407285165204
3108,3120,0.692151272900714
3108,3121,0.0985705433255544
3108,3550,0.515670196329263
3108,3623,0.135504904994849
3108,3768,0.589737335031786
3108,3866,1.54203596222721
3108,3873,0.544155362031314
3109,3115,1.27538530429952
3109,3122,1.35551379331714
3109,3247,0.900465266940518
3109,3261,1.92405671396642
3109,3347,1.90230001165613
3110,3111,-0.258041589000866
3110,3112,-1.19377201626237
3110,3114,-1.40643218001806
3110,3116,-0.436194747160516
3110,3119,-0.258200386181844
3110,3121,-1.731697055487
3110,3123,-1.23970026344954
3110,3745,-1.63728734304997
3111,3114,-1.1483905910172
3111,3118,-0.43810143394551
3111,3120,-0.880074736910976
3111,3121,-1.47365546648614
3111,3122,-1.03523578534852
3111,3261,-0.466692864699235
3111,3296,-0.0099426305199218
3111,3318,-0.675684388858054
3111,3708,-0.591012943077816
3112,3115,-0.179633847104639
3112,3124,-0.169208032774323
3112,3225,0.655878960781305
3112,3286,1.10754748362673
3112,3528,0.206298625521805
3112,3605,0.181388388562392
3112,3728,-0.380771341944929
3112,3730,1.41174153560124
3112,3752,0.6987056866993
3113,3116,0.440416196505182
3113,3120,-0.261505382246145
3113,3122,-0.416666430683687
3113,3125,-0.83314570842805
3113,3126,-1.24473533157991
3113,3295,0.17602683307156
3114,3194,-0.688797391515984
3114,3530,-1.11712136232865
3114,3597,0.20893113896088
3114,3776,-0.611964838334185
3115,3119,1.11520547718516
3115,3122,0.0801284890176207
3115,3124,0.010425814330316
3115,3441,0.583478751389069
3115,3523,-0.0797226462752255
3115,3547,-0.0650123724074373
3115,3657,-0.341216653127925
3115,3684,-0.455090131560213
3116,3120,-0.701921578751327
3116,3125,-1.27356190493323
3116,3127,-0.542061149047788
3116,3129,-0.215534192523128
3116,3162,-1.42976179394518
3116,3399,-0.263334990181317
3116,3579,-1.17313897097284
3116,3785,-0.985147128438521
3116,3786,-1.13759703168806
3117,3118,0.808599113317362
3117,3120,0.366625810351895
3117,3123,0.265041872814202
3117,3125,-0.20501451583001
3117,3129,0.853013196580094
3117,3379,-0.315311305288736
3117,3667,-0.600748741991544
3118,3119,0.437942636764531
3118,3126,-1.42520325229923
3118,3457,-0.320875836791951
3118,3730,0.91411254228525
3119,3120,-0.879915939729998
3119,3123,-0.981499877267691
3119,3125,-1.4515562659119
3119,3126,-1.86314588906376
3119,3128,-0.751787807592081
3119,3196,-1.43693442565786
3119,3305,-0.37453414442353
3119,3468,-1.39659518748468
3119,3690,-1.14293668156939
3119,3716,-1.38702665686765
3120,3122,-0.155161048437543
3120,3124,-0.224863723124847
3120,3127,0.159860429703538
3120,3129,0.486387386228199
3120,3130,0.367223622740498
3120,3566,0.413679570002196
3120,3694,0.475002807130196
3120,3891,0.981435987107306
3120,3990,-1.49422845425539
3121,3125,0.0219404033932535
3121,3126,-0.389649219758601
3121,3128,0.721708861713076
3121,3151,-0.819920665385693
3121,3579,0.122363337353645
3121,3660,0.447097785058625
3122,3131,0.0003117996703149
3122,3206,1.07235880699468
3122,3245,0.291481467598125
3122,3468,-0.361518199317143
3122,3932,-0.323027082115454
3122,3933,-0.3844649106655
3123,3126,-0.881646011796067
3123,3127,0.261444367241231
3123,3129,0.587971323765892
3123,3131,-0.0532653112295343
3123,3135,0.10938050925163
3123,3136,0.993597253079129
3123,3166,0.329037699317151
3123,3444,-0.682120393828682
3123,3446,-0.730631265685243
3124,3127,0.384724152828385
3124,3130,0.592087345865345
3124,3136,1.11687703866628
3124,3242,0.224457419655985
3124,3952,1.05666486546293
3125,3127,0.731500755885444
3125,3128,0.699768458319822
3125,3131,0.416791077414678
3125,3133,1.31093759631521
3125,3136,1.46365364172334
3125,3893,0.196783470419116
3126,3130,1.35045357207426
3126,3134,1.92847610394573
3126,3137,1.89902247743527
3126,3139,0.836789487383589
3126,3759,0.931640064326676
3126,3777,1.8263497007243
3126,3805,1.06372289951303
3126,3891,1.96466593644107
3126,3986,1.86024905042364
3127,3128,-0.0317322975656215
3127,3129,0.326526956524661
3127,3131,-0.314709678470766
3127,3137,0.75593209839797
3127,3140,-0.178597033710984
3128,3132,0.593092153042071
3128,3138,0.35750235652146
3128,3140,-0.146864736145362
3128,3925,1.40416838303426
3128,3938,0.0560864945670041
3129,3130,-0.119163763487701
3129,3136,0.405625929313237
3129,3778,-1.03346572680424
3129,3935,-1.35002121755119
3130,3131,-0.522072871507725
3130,3132,0.35399666243949
3130,3133,0.37207364739281
3130,3504,-1.38776133165072
3130,3546,-1.40466515461982
3130,3564,-0.129611188598774
3130,3858,-0.386932276079802
3130,3909,1.52549426294997
3130,3967,-0.115777249221403
3131,3132,0.876069533947215
3131,3133,0.894146518900535
3131,3138,0.640479737426605
3131,3140,0.136112644759782
3131,3141,1.08637681167277
3131,3142,0.904723428476565
3131,3143,0.251900124567965
3131,3276,0.531192471172527
3131,3293,0.88898364883749
3131,3675,1.47907411109575
3131,3708,0.443911042600388
3131,3742,0.177453477216391
3132,3135,-0.713423713466051
3132,3137,0.194572242921521
3132,3139,-0.867660747130159
3132,3143,-0.624169409379251
3132,3145,-1.17079290557615
3132,3162,-1.44906050037384
3132,3245,-0.584899866019405
3132,3779,-0.260530621356558
3132,3789,-0.599039263276046
3133,3135,-0.731500698419371
3133,3342,-0.517031673218427
3133,3469,-1.02759864870545
3133,3780,-0.768613480024262
3133,3869,-1.1569528682379
3133,3947,-0.476248717437159
3134,3135,-0.93744958289803
3134,3142,-0.195371974902629
3134,3146,0.662368337047989
3134,3482,-0.446877773784972
3134,3644,-0.955696154191672
3134,3796,-0.396001784412534
3135,3136,0.884216743827499
3135,3137,0.907995956387572
3135,3138,0.47783391694544
3135,3141,0.923730991191605
3135,3143,0.0892543040868
3135,3146,1.59981791994602
3135,3183,1.44040217325582
3135,3194,-0.964909817336141
3135,3207,-1.09701464877194
3135,3296,0.862335534677117
3135,3616,-0.361119826025306
3136,3137,0.0237792125600729
3136,3138,-0.406382826882059
3136,3141,0.0395142473641059
3136,3142,-0.142139135832098
3136,3145,-1.3415859359376
3136,3405,0.104818534612644
3136,3408,-0.296347166492455
3136,3478,-0.0875771804267129
3136,3872,-1.06058697726158
3136,3988,0.471214767499251
3137,3139,-1.06223299005168
3137,3142,-0.165918348392171
3137,3144,-0.646561510563884
3137,3145,-1.36536514849767
3137,3146,0.691821963558447
3137,3150,-1.25892228768144
3137,3501,-1.51995104710227
3137,3516,-2.19348420331705
3137,3529,-0.462200896391146
3137,3637,-0.609185151016499
3137,3713,-1.47753230598809
3138,3144,-0.216399471121752
3138,3150,-0.828760248239304
3138,3151,-1.89913188362023
3138,3154,-1.01503806891657
3138,3168,-1.2839416199726
3138,3171,-0.234878280222935
3138,3595,0.948719310444769
3138,3614,1.54231778748384
3138,3656,0.107025832913036
3138,3777,0.357489262731161
3139,3140,0.127703857942725
3139,3147,0.369485459469802
3139,3151,-1.26706093301068
3139,3152,1.30100415789962
3139,3691,0.86794766059846
3139,3768,0.0440265240812439
3139,3995,-0.5872530578933
3140,3143,0.115787479808183
3140,3144,0.28796762154507
3140,3145,-0.430836016388716
3140,3146,1.6263510956674
3140,3152,1.17330029995689
3140,3153,-0.622679648329452
3140,3475,-0.837163064106193
3140,3683,0.0093479434295971
3140,3860,-0.590755059395165
3141,3147,-0.708482565385911
3141,3150,-1.27465732248547
3141,3430,-1.22888484821427
3141,3440,-0.987619552607326
3141,3974,-1.16159722740931
3142,3143,-0.652823303908601
3142,3144,-0.480643162171713
3142,3149,-0.744144813348902
3142,3150,-1.09300393928926
3142,3152,0.404689516240111
3142,3153,-1.39129043204624
3142,3154,-1.27928175996653
3142,3238,0.16705771222562
3142,3682,-0.587462951914725
3143,3149,-0.0913215094403017
3143,3150,-0.440180635380664
3143,3152,1.05751282014871
3143,3154,-0.626458456057931
3143,3404,0.141287344069231
3144,3148,-0.0085294435192291
3144,3150,-0.612360777117551
3144,3151,-1.68273241249848
3144,3152,0.885332678411824
3144,3153,-0.910647269874522
3144,3157,0.109873909263556
3144,3521,-0.981078734564406
3144,3550,-0.445712094109075
3144,3597,-0.328615732682964
3144,3624,0.150001599123396
3145,3155,0.334536823448699
3145,3157,0.828677547197342
3145,3158,2.03127580556237
3145,3306,1.68060704968877
3145,3605,0.57530531860803
3145,3624,0.868805237057183
3145,3683,0.440183959818313
3145,3853,-0.71324723260354
3146,3147,-1.38456949414032
3146,3150,-1.95074425123988
3146,3152,-0.453050795710507
3146,3153,-2.24903074399685
3146,3157,-1.22850956485878
3146,3159,-0.868591010090736
3146,3161,-1.40276924399727
3146,3257,-1.60309676891295
3147,3151,-1.63654639248048
3147,3152,0.931518698429818
3147,3156,0.478025997891588
3147,3157,0.156059929281549
3147,3269,-0.754708341859316
3147,3629,-0.442696073426295
3147,3666,-0.247520448689787
3147,3679,-0.835439241068335
3148,3157,0.118403352782785
3148,3381,-0.280016457231619
3148,3400,-1.04190456863647
3148,3408,0.334964575030585
3148,3758,0.339591520592843
3149,3152,1.14883432958901
3149,3153,-0.647145618697333
3149,3329,0.567424267922245
3149,3507,1.62898822706831
3149,3607,-0.822956387743507
3150,3152,1.49769345552938
3150,3156,1.04420075499115
3150,3158,1.92483294474613
3150,3159,1.08215324114915
3150,3163,-0.783385584594195
3150,3466,0.80726861951292
3150,3488,-0.290140738869836
3151,3153,0.772085142623954
3151,3154,0.884093814703658
3151,3155,1.29846559801339
3151,3431,1.09110313423651
3151,3627,-0.0516008850846164
3151,3778,0.866423054384811
3151,3803,2.50988821412253
3151,3970,2.18106839402572
3152,3153,-1.79597994828635
3152,3156,-0.45349270053823
3152,3157,-0.775458769148269
3152,3162,-1.8824039111433
3152,3279,-1.24529936225935
3152,3285,-1.68923256608664
3152,3366,-1.5631566183374
3152,3533,-1.43244431861892
3152,3650,-1.48696612526327
3152,3957,-0.152286389706348
3152,3999,-0.792789911774771
3153,3154,0.112008672079704
3153,3160,-0.33745211982398
3153,3163,-0.485099091837224
3153,3164,0.92673297039082
3153,3166,0.868870014116355
3153,3506,0.516786791843198
3153,3706,0.734723976106948
3153,3972,1.42213679327958
3154,3155,0.414371783309731
3154,3157,0.908512507058374
3154,3191,1.37662198266584
3154,3425,0.301728239788849
3154,3637,0.836014957342204
3155,3156,0.816106792358682
3155,3161,0.31988104461015
3155,3166,0.342489558726921
3155,3167,-1.43446733558271
3155,3168,-0.683275334365759
3155,3576,0.653105409849144
3156,3158,0.880632189754986
3156,3159,0.0379524861580011
3156,3160,-1.6799393675721
3156,3161,-0.496225747748532
3156,3286,0.350820797864988
3156,3658,-1.22140199991806
3156,3692,0.192319620435504
3156,3732,-2.6097574463308
3156,3751,0.17706303263017
3157,3162,-1.10694514199504
3157,3165,-0.770561333815253
3157,3166,-0.151651165021723
3157,3168,-1.1774160581144
3157,3169,-0.367273564800412
3157,3206,0.538092831755961
3157,3417,-1.08821512774461
3157,3513,-0.688960114631895
3157,3791,-0.689935647522048
3157,3821,-0.0019522576840173
3158,3160,-2.56057155732708
3158,3163,-2.70821852934033
3158,3218,-1.08937539973342
3158,3566,-1.16802361516401
3159,3163,-1.86553882574334
3159,3164,-0.453706763515298
3159,3168,-1.53733461288244
3159,3242,-0.739429785038082
3159,3254,-0.847209246745956
3159,3262,-0.36137043029106
3159,3566,-0.325343911567024
3159,3876,-0.903386317739403
3159,3945,-0.990965121042404
3160,3161,1.18371361982356
3160,3162,0.251028156967021
3160,3173,0.0831082134551577
3160,3799,0.770823114686624
3161,3162,-0.932685462856543
3161,3169,-0.193013885661918
3161,3408,0.390820901386294
3161,3483,0.238820574260571
3161,3636,-0.646743756335103
3161,3766,0.368343875106888
3162,3163,-0.398675128980266
3162,3167,-0.821662917336314
3162,3170,1.82300551057044
3162,3171,0.978592423630298
3162,3175,1.62873489211674
3162,3793,1.4387624359739
3162,3894,0.719274574128342
3162,3931,1.59788862260433
3163,3167,-0.422987788356048
3163,3168,0.3282042128609
3163,3169,1.13834670617489
3163,3172,0.472320817887125
3163,3174,1.71429698445219
3163,3210,3.57196591682827
3163,3326,0.857800525945117
3163,3345,1.06898896070132
3163,3496,1.34325225894739
3164,3169,-0.273485356053153
3164,3172,-0.939511244340919
3164,3175,0.615577958868964
3164,3176,0.106232045761383
3164,3239,-0.0899056671924843
3164,3243,0.593784827585961
3164,3280,-1.01969380671479
3164,3448,-0.566465850224598
3164,3552,0.0073643959872457
3165,3169,0.403287769014841
3165,3172,-0.262738119272925
3165,3173,-0.504303751691647
3165,3176,0.783005170829378
3165,3378,1.74505295458391
3165,3789,0.513637428918015
3165,3803,1.48784322617575
3165,3981,1.02152799575873
3166,3177,0.305614800476113
3166,3190,-0.42754654698484
3166,3433,-0.913068775011313
3166,3558,0.0737273632030303
3166,3757,-0.282552423440265
3166,3780,-0.256769971670412
3166,3917,1.38815778813957
3167,3170,2.64466842790676
3167,3180,2.29318966957741
3167,3215,1.96894065102079
3167,3316,1.19350113484042
3167,3649,1.70195827330591
3167,3688,1.82838358760442
3168,3172,0.144116605026224
3168,3173,-0.0974490273924978
3168,3174,1.38609277159129
3168,3211,0.54203948220431
3168,3294,-0.306585848158586
3168,3427,1.63204991767251
3168,3714,0.2153775695391
3168,3816,-0.0441682571642926
3169,3179,0.160330254293645
3169,3180,0.731855175046474
3169,3181,-0.319590539745894
3169,3231,0.287533228757422
3169,3277,0.36983900958825
3169,3506,-0.136460822494468
3169,3555,0.694869740141167
3169,3625,0.668588918011389
3170,3171,-0.844413086940147
3170,3174,-0.507383655098522
3170,3175,-0.194270618453703
3170,3176,-0.703616531561284
3170,3181,-1.40292447312171
3170,3381,-1.11448017858981
3170,3781,-0.181307858257756
3170,3810,-0.358704115897117
3171,3178,-0.377029594249599
3171,3179,-0.0785905921420281
3171,3181,-0.558511386181567
3171,3513,-0.560607396267157
3171,3650,-0.583154637750261
3171,3702,-0.721069587575723
3171,3730,1.10533363681427
3171,3739,-0.525008949215212
3171,3756,-0.233723773925277
3171,3877,-0.561634565730377
3172,3174,1.24197616656506
3172,3176,1.0457432901023
3172,3177,1.18726308854257
3172,3180,1.39788106333424
3172,3183,2.10239327125675
3172,3184,0.737510327267052
3172,3309,1.23679766689464
3172,3355,0.592144684930787
3172,3454,0.997105889820392
3172,3518,1.02138988357667
3172,3583,1.83884368854936
3172,3797,2.48996651674306
3173,3176,1.28730892252102
3173,3177,1.42882872096129
3173,3179,1.06792177500013
3173,3180,1.63944669575296
3173,3182,0.689195151274669
3173,3186,1.21650913990975
3173,3285,0.361091288568532
3173,3765,1.30328846179961
3174,3176,-0.196232876462762
3174,3178,-0.714059026091224
3174,3270,-0.0101597002013809
3174,3606,-0.827123254091715
3175,3180,-0.157208139875644
3175,3183,0.547304068046868
3175,3187,-0.432759916622309
3175,3415,0.883687290876959
3175,3452,-1.55439420007049
3175,3643,-1.02350760590349
3175,3868,-0.705632014480289
3175,3942,-0.667452914538894
3176,3178,-0.517826149628462
3176,3185,-0.327191088667609
3176,3516,-1.66924043903085
3176,3617,-0.422733257542194
3176,3791,-0.702379484536173
3176,4000,-0.391624455742697
3177,3178,-0.659345948068727
3177,3181,-0.840827740000696
3177,3186,-0.212319581051538
3177,3300,-1.23176023434791
3177,3636,-0.974967070927987
3177,3988,0.830159520785116
3178,3183,1.57447613078291
3178,3186,0.447026367017189
3178,3189,0.284337092246593
3178,3482,0.624645766640151
3178,3673,0.916861050080037
3178,3676,0.0006351789475447
3178,3735,-0.180439192121083
3178,3782,0.141671294529408
3178,3873,-0.0217185250562426
3179,3180,0.571524920752828
3179,3181,-0.479920794039539
3179,3183,1.27603712867534
3179,3187,0.295973144006163
3179,3285,-0.706830486431601
3179,3574,0.872812032951515
3179,3931,0.697886791116058
3180,3181,-1.05144571479237
3180,3184,-0.660370736067188
3180,3190,-0.943779322252625
3180,3277,-0.362016165458224
3180,3612,-1.04583955285786
3180,3793,-0.0327643162671987
3180,3812,0.786906124284583
3180,3912,-0.876887219981811
3181,3187,0.775893938045703
3181,3190,0.107666392539743
3181,3191,1.15497358015377
3181,3246,0.876498137652118
3181,3285,-0.226909692392062
3181,3677,1.25552204657685
3181,3852,0.486604708400806
3182,3187,0.674699767731628
3182,3192,0.454079235171778
3182,3195,-0.0979321222298674
3182,3389,-0.72308571471072
3182,3953,0.676899167353437
3183,3186,-1.12744976376572
3183,3192,-1.20068451722903
3183,3194,-2.40531199059196
3183,3195,-1.75269587463067
3183,3345,-1.50572512844256
3183,3360,-0.790443278022436
3183,3480,-1.7710765735389
3183,3726,-1.31519618995207
3183,3764,-2.48788862822753
3184,3187,0.384818959320523
3184,3191,0.763898601428589
3184,3195,-0.387812930640972
3184,3196,-0.640334286907916
3184,3282,-0.590683889712988
3184,3483,0.360350020943203
3184,3484,-0.922422927710312
3184,3972,0.697404739962627
3185,3196,-0.621376161075557
3185,3197,0.770161104478687
3185,3331,-0.676498566521065
3185,3532,0.195646713971999
3185,3638,-0.307348567450225
3186,3188,-1.10715513017028
3186,3193,-0.679383710966722
3186,3194,-1.27786222682624
3186,3197,0.513769798422351
3186,3199,-0.547558644817893
3186,3507,1.31396861222471
3186,3541,-0.462957097201356
3186,3671,-0.633283953349458
3186,3772,-0.311610310289595
3186,3944,0.488961552573706
3187,3189,-0.310075053867141
3187,3190,-0.668227545505959
3187,3193,-0.826769490063267
3187,3920,0.0751276949797461
3188,3189,0.944465855399683
3188,3195,0.481909019305329
3188,3196,0.229387663038386
3188,3197,1.62092492859263
3188,3199,0.559596485352387
3188,3301,0.971008063495831
3188,3884,0.925512438349378
3189,3190,-0.358152491638818
3189,3242,-0.158466009902299
3189,3301,0.0265422080961486
3189,3357,0.0436895127869064
3189,3509,-0.0431311250448696
3189,3845,0.360212686116876
3189,3961,-0.468968765365811
3190,3196,-0.356925700722479
3190,3202,0.028215593986189
3190,3438,0.398183361124857
3190,3518,0.567288142495052
3190,3581,1.65130470629436
3190,3604,-0.287687495268646
3190,3732,-1.7085936657142
3191,3193,-1.20584913217133
3191,3199,-1.0740240660225
3191,3204,-0.843667956243347
3191,3347,-0.455589232507194
3191,3584,-0.475257329015925
3191,3748,-0.462150271903754
3191,3773,-0.479344481490907
3191,3893,-1.22207125817143
3192,3196,-0.804532713668589
3192,3203,0.858964049745211
3192,3205,-0.29023882111486
3192,3441,0.100674986193178
3192,3609,-0.475394105359829
3192,3920,0.295748227539596
3193,3194,-0.598478515859514
3193,3195,0.054137600101772
3193,3206,1.27583248831983
3193,3589,0.504375405297337
3194,3195,0.652616115961286
3194,3197,1.79163202524859
3194,3198,1.33579604656918
3194,3199,0.730303582008344
3194,3200,0.61533553639462
3194,3203,2.06359152310814
3194,3464,1.78001683400068
3194,3582,2.01730417920436
3194,3648,0.935308575456032
3195,3196,-0.252521356266943
3195,3198,0.683179930607892
3195,3200,-0.0372805795666658
3195,3204,0.308043575826214
3195,3208,-0.384601939884925
3195,3327,1.54833270069659
3195,3700,-0.0395052783823866
3195,3893,-0.0703597261018714
3195,3955,0.819084259680703
3196,3199,0.330208822314001
3196,3208,-0.132080583617982
3196,3223,0.56042798825967
3196,3404,0.795356705797829
3196,3625,1.23743876594002
3197,3198,-0.45583597867941
3197,3199,-1.06132844324024
3197,3200,-1.17629648885397
3197,3201,-2.09199382172599
3197,3203,0.271959497859555
3197,3204,-0.830972333461087
3197,3432,-1.38148356537731
3198,3201,-1.63615784304658
3198,3204,-0.375136354781678
3198,3205,-0.421407394321106
3198,3208,-1.06778187049282
3198,3209,-0.480614257535754
3198,3340,-0.163184067151929
3198,3846,-0.0166808447224963
3198,3895,-1.10577905311163
3199,3202,0.0549324723946668
3199,3207,-0.862408413444145
3199,3210,2.67226023626801
3199,3212,0.152131867738495
3199,3300,-0.471882008478479
3199,3874,0.83474514592014
3199,3900,-0.272760129192324
3199,3942,0.460251425997852
3200,3208,-0.347321360318259
3200,3210,2.78722828188173
3200,3211,0.0855060601186712
3200,3258,1.45760850613207
3200,3305,0.847159504534052
3200,3576,0.879847322129264
3200,3624,0.761010325888604
3200,3737,-0.0316265044820319
3200,3968,-2.22029029353266
3201,3202,1.08559785088041
3201,3205,1.21475044872548
3201,3208,0.568375972553766
3201,3213,0.16212544723766
3201,3359,0.0155135327871567
3201,3453,0.325788932479581
3201,3457,1.37857250827312
3201,3500,0.534327180748061
3201,3658,0.737144037592766
3201,3956,0.848220083676879
3202,3204,0.17542363738449
3202,3206,1.08907494977633
3202,3207,-0.917340885838812
3202,3208,-0.517221878326649
3202,3209,0.0699457346304136
3202,3210,2.61732776387334
3202,3214,1.51185830852167
3202,3523,-0.143134992511196
3202,3531,-0.399123599603953
3202,3690,-0.0911435506202039
3202,3813,-0.15405578665969
3202,3951,-1.20722899021419
3202,3988,1.53510527425988
3203,3208,-1.79557734703178
3203,3209,-1.20840973407472
3203,3211,-1.36274992659485
3203,3213,-2.20182787234789
3203,3214,0.233502839816537
3203,3758,-0.5061851828747
3204,3208,-0.692645515711139
3204,3216,0.813868711710518
3204,3217,-0.876494084725244
3204,3273,-0.74248318831945
3204,3346,-0.696075475417097
3204,3801,0.556885583380683
3204,3806,0.235780505369585
3204,3977,0.0137720925188363
3205,3206,0.959922351931273
3205,3208,-0.646374476171711
3205,3209,-0.0592068632146477
3205,3210,2.48817516602828
3205,3213,-1.05262500148782
3205,3234,0.544525629768439
3205,3753,0.110147044974232
3206,3207,-2.00641583561515
3206,3208,-1.60629682810298
3206,3213,-2.01254735341909
3206,3214,0.422783358745334
3206,3217,-1.79014539711709
3206,3435,-0.665091744066543
3206,3511,-0.239499350055003
3207,3212,1.01454028118264
3207,3216,1.90663323493382
3207,3218,1.58154586249079
3207,3219,2.16345731900329
3207,3339,1.76005457749351
3207,3372,2.57380730324436
3207,3448,0.808068944887329
3207,3490,1.08664831044964
3207,3712,1.62940602675087
3208,3209,0.587167612957063
3208,3214,2.02908018684832
3208,3218,1.18142685497863
3208,3436,0.319011552040593
3208,3472,0.667479007864769
3208,3486,1.60465503830631
3208,3672,0.338844292949539
3208,3837,1.43439633133831
3209,3216,0.919346614464594
3209,3217,-0.771016181971168
3209,3392,0.830217970540538
3209,3570,1.36552727126533
3209,3678,0.904996912352798
3209,3833,-0.356930667858455
3209,3949,0.106436991470418
3210,3212,-2.52012836852951
3210,3214,-1.10546945535167
3210,3217,-3.3183982112141
3210,3218,-1.95312278722136
3210,3219,-1.37121133070886
3210,3322,-2.39045823115575
3210,3333,-2.17581155461676
3210,3557,-2.75920349591186
3210,3903,-3.08086692205969
3211,3212,0.181593853233547
3211,3219,1.3305108910542
3211,3221,0.599350798333215
3211,3224,0.629979261687015
3211,3653,-0.683309426051034
3211,3712,0.796459598801778
3211,3740,0.56881620435935
3211,3874,0.864207131415192
3212,3224,0.448385408453468
3212,3276,0.451021018280664
3212,3327,1.31851336691104
3212,3707,-1.37068274076694
3212,3841,-0.259934027818718
3213,3214,2.43533071216442
3213,3215,1.51478711335257
3213,3219,2.16958883680724
3213,3220,0.694684526681245
3213,3223,1.09875909719376
3213,3246,1.66408855476894
3213,3491,2.01392816570759
3213,3743,2.1518654120453
3213,3756,1.11237802937311
3214,3217,-2.21292875586242
3214,3218,-0.847653331869686
3214,3219,-0.265741875357187
3214,3220,-1.74064618548318
3214,3223,-1.33657161497067
3214,3224,-0.966273504724372
3214,3226,-0.140031893114669
3214,3331,-1.95212200867584
3215,3216,0.397977639385191
3215,3218,0.0728902669421655
3215,3301,-0.234835603961039
3215,3580,-0.251399559133434
3215,3631,0.183232985773053
3215,3700,-0.763439926533928
3215,3943,1.21007341816494
3216,3219,0.256824084069473
3216,3222,-0.63578259443716
3216,3225,-0.217191887445034
3216,3227,-0.692595529987898
3216,3281,-0.500564022647137
3216,3468,-1.3340944056305
3217,3218,1.36527542399274
3217,3223,0.876357140891757
3217,3227,0.997767266447865
3217,3228,0.722362639362166
3217,3229,0.40324046393415
3217,3559,0.669737325065132
3217,3756,0.889976073071113
3218,3219,0.581911456512498
3218,3221,-0.149248636208486
3218,3226,0.707621438755016
3218,3231,-0.192963194674599
3218,3288,-0.367189603974948
3218,3460,0.487249565198932
3218,3517,-1.35594283369694
3218,3696,-1.62199728105471
3218,3741,-0.271301610671686
3218,3745,-0.991498802570919
3218,3937,-1.05431692306224
3219,3223,-1.07082973961348
3219,3224,-0.700531629367185
3219,3225,-0.474015971514508
3219,3230,-1.2153680266126
3219,3231,-0.774874651187097
3219,3312,-1.56630485713005
3219,3633,-0.785004419712025
3219,3704,-2.06892825039054
3219,3756,-1.05721080743412
3219,3832,-0.756313642117523
3219,3897,-0.106474729374688
3219,3972,-0.293518701002606
3220,3222,0.582297631619358
3220,3225,1.00088833861148
3220,3227,0.52548469606862
3220,3228,0.250080068982922
3220,3229,-0.0690421064450946
3220,3232,0.304573246847823
3220,3498,-0.0204537575796236
3220,3516,-0.877026607034839
3220,3635,-0.583169139877955
3221,3223,-0.339669646892494
3221,3224,0.0306284633537993
3221,3225,0.257144121206477
3221,3230,-0.484207933891617
3221,3233,-0.380731715479171
3221,3234,0.158721887170004
3221,3419,-0.271291955390895
3221,3922,-0.459027314782116
3222,3227,-0.0568129355507382
3222,3232,-0.277724384771535
3222,3235,-0.0740125783700821
3222,3247,-0.791842138252815
3222,3299,0.614591512439031
3222,3361,-0.469290346794166
3222,3693,0.426876243820297
3222,3824,0.0833527003877859
3222,3905,0.286418609792952
3223,3225,0.596813768098972
3223,3230,-0.144538286999123
3223,3233,-0.0410620685866765
3223,3235,0.104210482736764
3223,3283,0.763268217334709
3223,3368,0.749389954603952
3224,3225,0.226515657852678
3224,3229,-0.8434147872039
3224,3234,0.128093423816205
3224,3236,0.328079812115738
3224,3649,-0.221252471802364
3225,3226,0.599725953757025
3225,3237,-1.24356813152862
3225,3481,-0.820478076427015
3225,3819,-0.998770867122485
3226,3228,-1.35053422338559
3226,3230,-1.34107800885512
3226,3236,-0.498161799493965
3226,3238,-0.283017332252848
3226,3239,-1.00453817332637
3226,3766,-0.626760101418231
3227,3234,0.376981408506391
3227,3239,0.0705914229735213
3227,3240,-0.213617063418523
3227,3411,0.0059360858368703
3228,3229,-0.319122175428016
3228,3231,0.449949589955972
3228,3232,0.0544931778649013
3228,3233,0.112932432942914
3228,3239,0.345996050059219
3228,3240,0.0617875636671755
3228,3253,0.619885727335386
3228,3466,0.614723859130775
3228,3564,0.388197433339505
3228,3748,0.535649129702671
3228,3821,0.527737668314944
3229,3230,0.328578389958484
3229,3233,0.43205460837093
3229,3234,0.971508211020105
3229,3235,0.57732715969437
3229,3236,1.17149459931964
3229,3238,1.38663906656076
3229,3240,0.380909739095192
3229,3282,-0.0376609141071351
3229,3293,1.20384157469606
3229,3713,-0.0920326032607867
3229,3815,0.385284447201346
3229,3846,0.831709130850276
3229,3961,0.158798115693423
3230,3231,0.440493375425504
3230,3235,0.248748769735886
3230,3236,0.842916209361154
3230,3237,-0.502216076430527
3230,3240,0.0523313491367077
3230,3241,0.455238039770341
3230,3296,1.01126089105837
3230,3372,1.62571801085367
3230,3680,0.74369358440563
3231,3232,-0.395456412091071
3231,3233,-0.337017157013058
3231,3236,0.40242283393565
3231,3240,-0.388162026288797
3231,3244,-0.05022175879141
3231,3363,-1.40887709561579
3231,3614,1.72858368538502
3231,3770,-0.992035196945518
3231,3883,-0.602196003129378
3232,3237,-0.54725303976496
3232,3240,0.0072943858022741
3232,3241,0.410201076435908
3232,3470,0.605229675602245
3232,3541,-0.046116294664443
3232,3562,0.647681212773021
3232,3952,0.927892963670962
3233,3235,0.14527255132344
3233,3239,0.233063617116305
3233,3725,-0.635133514153995
3233,3979,0.22552424582656
3233,3991,0.202585599777731
3234,3240,-0.590598471924913
3234,3241,-0.18769178129128
3234,3242,-0.50220733986317
3234,3244,-0.252658204427527
3234,3245,-0.365480617233724
3234,3246,0.0669379235126851
3235,3236,0.594167439625268
3235,3239,0.0877910657928652
3235,3243,0.771481560571311
3235,3244,0.141522846898208
3235,3245,0.0287004340920104
3235,3246,0.46111897483842
3235,3325,0.599886371696412
3235,3828,-0.773508136992436
3235,3909,1.7850979006219
3236,3242,-0.702193728162703
3236,3246,-0.133048464786848
3236,3486,0.213768544066632
3236,3725,-1.3745735051027
3236,3747,-1.54561381506438
3237,3244,0.892487693064621
3237,3247,0.0331352862836804
3237,3248,0.207134042891427
3237,3329,1.21649849538052
3237,3508,0.409198117988156
3237,3509,0.758273442486407
3237,3854,1.44022040445835
3237,3985,0.773244882009099
3238,3242,-0.91733819540382
3238,3243,-0.0378303462950744
3238,3245,-0.780611472774374
3238,3248,-1.35314271014137
3238,3250,-0.949618888691282
3238,3251,0.559924343769978
3238,3306,0.314102537357652
3238,3654,-0.670601681983687
3239,3241,0.11869820424159
3239,3242,-0.1958173543303
3239,3243,0.683690494778445
3239,3245,-0.0590906317008548
3239,3248,-0.631621869067852
3240,3242,0.0883911320617437
3240,3243,0.967898981170489
3240,3245,0.225117854691189
3240,3252,1.3728850934546
3240,3253,0.558098163668211
3240,3300,-0.609894236561733
3240,3936,0.81610046380972
3241,3244,-0.0649664231362469
3241,3245,-0.177788835942445
3241,3247,-0.924318829917188
3241,3248,-0.750320073309442
3241,3253,0.155191473034577
3241,3270,0.263512684973659
3241,3471,0.683404174283806
3241,3756,-0.297080820591862
3241,3793,0.396812965677016
3241,3948,0.401452773151926
3242,3245,0.136726722629445
3242,3249,0.819748502152022
3242,3250,-0.0322806932874624
3242,3253,0.469707031606467
3242,3254,-0.107779461707874
3242,3589,0.14614697900351
3242,3746,-0.612676899388376
3242,3766,0.573595426238437
3242,3842,-0.180710050228966
3242,3997,-0.16082055370662
3243,3251,0.597754690065053
3243,3252,0.404986112284113
3243,3323,0.134232952218923
3243,3647,-0.894994383825285
3243,3722,-1.27203263766461
3243,3731,-1.39990801748108
3243,3759,-0.930691430646967
3243,3987,-0.353522874116419
3244,3255,0.533528638223925
3244,3496,-0.0324059171935098
3244,3602,0.94522310008464
3244,3766,0.324046290802794
3245,3246,0.43241854074641
3245,3247,-0.746529993974743
3245,3253,0.332980308977022
3245,3254,-0.244506184337319
3245,3255,0.646351051030123
3245,3258,0.979510377743905
3245,3267,-0.483079186793035
3245,3622,-0.03605386705287
3245,3753,-0.0688979675604828
3245,3792,-0.188348932051886
3245,3851,0.379454689591784
3245,3901,0.764652851906568
3246,3248,-1.00494977811341
3246,3249,0.250603238776167
3246,3252,0.715348698017004
3246,3257,-0.56422123715999
3247,3248,0.173998756607746
3247,3253,1.07951030295176
3247,3256,1.4820283229936
3247,3657,0.0337033842310716
3247,3833,0.151347450366925
3247,3904,0.0798783158921261
3247,3949,0.614715109695799
3248,3252,1.72029847613041
3248,3255,1.21888228839712
3248,3259,1.28808063010836
3248,3260,-0.235871110517306
3248,3517,-0.42740423005774
3248,3783,-0.348988553999374
3249,3257,-0.814824475936157
3249,3318,-0.614951850630237
3249,3403,-0.636610977401874
3249,3460,0.160235151948562
3249,3602,0.375023733368261
3249,3607,-1.63656922006623
3249,3608,0.159427291778315
3249,3702,-1.28965957782244
3249,3910,0.442152591385621
3250,3251,1.50954323246126
3250,3256,0.904505744935769
3250,3445,-1.17284034702535
3251,3252,-0.192768577780939
3251,3256,-0.605037487525492
3251,3259,-0.624986423802987
3251,3260,-2.14893816442866
3251,3261,-1.06347436349319
3251,3378,-0.123259688135094
3251,3533,-1.75473685837441
3252,3253,-0.814786929786392
3252,3254,-1.39227342310073
3252,3258,-0.168256861019508
3252,3262,-0.906434606645837
3252,3264,-1.78180453740755
3252,3839,-1.40825959572949
3253,3256,0.402518020041839
3253,3259,0.382569083764344
3253,3268,-0.59978237752389
3253,3417,-1.17841092908103
3253,3584,-0.0973436547448864
3253,3717,-0.316613878128685
3253,3745,-0.968471745275734
3254,3255,0.890857235367442
3254,3258,1.22401656208122
3254,3261,0.521567637388477
3254,3262,0.485838816454895
3254,3857,-0.0701333324656702
3255,3257,-0.778153747443703
3255,3263,-0.497420942627364
3255,3264,-1.28038834967426
3255,3265,0.477269300571545
3255,3266,-0.281837183502258
3255,3518,-0.415476112901035
3255,3527,0.377417486705752
3255,3532,-0.52266708107101
3255,3552,-0.489990356149538
3255,3616,-1.13599472450207
3256,3265,0.388122022582807
3256,3267,-1.2185775158119
3256,3320,0.372039798636151
3256,3349,-0.454620485487769
3256,3398,-0.846459499181552
3256,3575,-2.20415560464337
3256,3659,-0.737602389766906
3256,3719,-0.0424953043364736
3256,3852,-0.692973217523763
3257,3259,0.847352089154946
3257,3260,-0.676599651470723
3257,3262,0.373135328531157
3257,3263,0.280732804816339
3257,3265,1.25542304801525
3257,3267,-0.351276490379455
3257,3270,0.573104217329684
3257,3753,0.0629047288530979
3257,3791,-0.31534844346787
3257,3993,-0.0687776952413091
3258,3262,-0.738177745626329
3258,3263,-0.830580269341146
3258,3270,-0.538208856827802
3258,3524,-2.10072243343071
3258,3681,-0.472652745614195
3258,3696,-2.2455002925264
3258,3735,-1.42254737483873
3258,3928,-0.449989075323068
3258,3948,-0.400268768649534
3259,3262,-0.474216760623789
3259,3264,-1.34958669138551
3259,3266,-0.351035525213501
3259,3339,-0.18103331146644
3259,3343,-1.28727837868681
3259,3603,-0.467088805816592
3260,3261,1.08546380093546
3260,3262,1.04973498000188
3260,3263,0.957332456287062
3260,3264,0.174365049240163
3260,3267,0.325323161091268
3260,3635,-0.311752279334938
3260,3820,-0.940019329367526
3260,3985,0.801981949634979
3261,3262,-0.0357288209335818
3261,3266,0.0874524144767064
3261,3272,0.162744061942111
3261,3273,-1.15231861436589
3261,3675,0.910842990116783
3261,3705,-0.469799848170238
3261,3739,-0.687638612990511
3262,3264,-0.875369930761717
3262,3267,-0.724411818910612
3262,3269,-0.909316395617844
3262,3273,-1.11658979343231
3263,3265,0.974690243198909
3263,3266,0.215583759125106
3263,3268,-0.415732176949627
3263,3271,0.192775672224645
3263,3273,-1.02418726971749
3263,3275,-0.0836212603699175
3263,3276,0.0910926948419572
3263,3338,-1.48334364757096
3263,3358,0.727591579781353
3263,3433,-0.970865540795197
3263,3839,-0.409422465368832
3263,3939,0.145361951303009
3264,3270,1.07533881956024
3264,3271,0.975743079271545
3264,3661,1.70793978046901
3264,3728,0.0612898471881042
3264,3865,1.66082794238774
3265,3269,-1.79160411510194
3265,3274,-0.981435090010763
3265,3278,-0.770824218301267
3265,3402,-2.46715327117481
3265,3538,-2.81980830465597
3265,3640,-1.97393715307695
3265,3715,-1.7710836525606
3265,3838,-1.41627121491184
3266,3267,-0.8475930543209
3266,3269,-1.03249763102813
3266,3298,-0.436875034519944
3266,3499,0.589939238419851
3266,3551,-0.464384282677266
3266,3607,-1.31806130807152
3266,3618,1.2326725831672
3266,3843,-1.03268293782327
3267,3275,0.548388034825877
3267,3277,0.728429139221471
3267,3278,0.835875320093437
3267,3279,0.256023101322548
3267,3601,1.04882562364512
3267,3699,0.986354551390114
3268,3269,-0.401181694953399
3268,3272,0.706607583540138
3268,3276,0.506824871791585
3268,3279,0.0397459830763814
3268,3281,0.447332784614963
3268,3316,-0.22552034830346
3268,3334,1.00590680629486
3268,3634,0.972912723022735
3268,3649,0.282936790162024
3268,3900,-0.369088143419898
3269,3270,1.10928528441637
3269,3273,-0.207273397814469
3269,3275,0.733292611533109
3269,3279,0.44092767802978
3269,3280,-0.202713744321183
3269,3468,0.0149840965849987
3269,3762,1.26307208320485
3270,3273,-1.31655868223084
3270,3279,-0.66835760638659
3270,3281,-0.260770804848008
3270,3283,0.189055779589831
3270,3358,0.435220167268009
3270,3485,-0.786818261337592
3270,3594,-0.462210670116422
3270,3899,-1.72780969014733
3271,3275,-0.276396932594563
3271,3277,-0.0963558281989687
3271,3278,0.0110903526729972
3271,3280,-1.21240328844885
3271,3281,-0.161175064559309
3271,3458,-0.337040358725906
3271,3467,-0.813883372209084
3271,3693,0.130482607470965
3272,3273,-1.31506267630801
3272,3274,-0.297620253402364
3272,3276,-0.199782711748553
3272,3277,-0.194455562564834
3272,3279,-0.666861600463757
3272,3633,-0.28689111192059
3272,3799,-0.784171191628106
3273,3275,0.940566009347578
3273,3278,1.22805329461514
3273,3280,0.0045596534932855
3273,3283,1.50561446182067
3273,3284,1.72127605637224
3273,3337,1.05108513535115
3273,3499,1.82971026726245
3273,3865,1.90204780505834
3273,3949,0.743442277035792
3274,3276,0.097837541653811
3274,3279,-0.369241347061392
3274,3280,-1.01288276941236
3274,3283,0.48817203891503
3274,3315,0.446412641729104
3274,3408,0.317160468297493
3274,3505,0.524950192117489
3274,3692,0.614884935095235
3275,3276,0.174713955211875
3275,3280,-0.936006355854292
3275,3284,0.780710047024663
3275,3286,0.850262526082783
3275,3287,0.193991809896506
3275,3351,-0.142405185426654
3275,3451,-1.44260131620587
3275,3460,0.777948083438297
3275,3549,-0.084571954512834
3276,3284,0.605996091812788
3276,3287,0.0192778546846317
3276,3446,-1.20855842562824
3276,3553,-0.0705872234018733
3276,3566,0.0373363475968969
3276,3623,-0.932989590311164
3276,3715,-0.887486104203653
3277,3279,-0.472406037898922
3277,3282,-0.889038460321951
3277,3289,-0.137831304435716
3277,3474,-1.39127284705369
3277,3593,-1.32176022927782
3277,3794,-0.778765343716845
3278,3280,-1.22349364112185
3278,3287,-0.0934954753710535
3278,3291,0.270613762568523
3278,3551,-0.452666548449803
3278,3766,0.0840725703085907
3278,3771,-0.275082252587267
3278,3795,-0.171605723920203
3279,3280,-0.643641422350964
3279,3289,0.334574733463206
3279,3424,0.471202812021954
3279,3627,-1.37436661373556
3279,3665,0.110136311090101
3279,3755,-0.259313579465984
3279,3934,0.522744747181775
3279,3944,0.900446200087643
3280,3287,1.1299981657508
3280,3289,0.97821615581417
3280,3292,1.79895257023068
3280,3420,1.1306089151161
3280,3499,1.82515061376917
3280,3882,2.57347598495049
3280,3944,1.54408762243861
3280,3955,1.24896421868065
3280,3959,1.30503021409882
3281,3282,-0.824219223961611
3281,3292,0.747724346341138
3281,3293,0.417283264841585
3281,3766,0.256337987540897
3282,3283,1.27404580839945
3282,3285,-0.0273007814042542
3282,3358,1.52021019607763
3282,3459,0.830647542738116
3282,3835,0.199898946669271
3282,3996,0.443482814665312
3283,3285,-1.3013465898037
3283,3287,-0.371056642576587
3283,3292,0.297897761903298
3283,3293,-0.0325433195962548
3283,3294,-1.87157469913833
3283,3295,-0.329145504348813
3283,3296,0.103454386724537
3283,3547,-1.06697962952912
3283,3824,-0.501692455840077
3284,3285,-1.51700818435527
3284,3286,0.0695524790581199
3284,3287,-0.586718237128157
3284,3289,-0.738500247064785
3284,3291,-0.222608999188581
3284,3294,-2.08723629368989
3284,3295,-0.544807098900382
3284,3387,-1.34563422059929
3284,3393,-0.914238120710726
3284,3409,-0.332479331461901
3284,3426,-1.25929216711239
3284,3558,-0.681158189235599
3284,3599,-0.121232858404754
3284,3872,-1.15091297593823
3285,3288,0.659807051595029
3285,3292,1.599244351707
3285,3297,0.945647056462307
3285,3323,1.54800336799599
3285,3846,0.896670826361665
3286,3287,-0.656270716186277
3286,3290,-0.426712235367663
3286,3292,0.0126836882936087
3286,3293,-0.317757393205944
3286,3294,-2.15678877274802
3286,3296,-0.181759686885153
3286,3298,-0.987932541107703
3286,3299,-0.255667717398521
3286,3943,0.577619143379357
3287,3291,0.364109237939576
3287,3295,0.0419111382277742
3287,3297,0.0153571092351895
3287,3541,-0.537829193087254
3287,3569,-0.740658015407186
3287,3586,-0.665157121003996
3287,3751,0.482512950951458
3288,3296,0.744993924933213
3288,3297,0.285840004867278
3288,3298,-0.061178929289338
3288,3299,0.671085894419844
3288,3300,-0.823829853550181
3288,3301,0.0594637330717431
3289,3293,0.49029533291696
3289,3295,0.193693148164403
3289,3296,0.626293039237752
3289,3299,0.552385008724384
3289,3300,-0.942530739245641
3289,3301,-0.0592371526237173
3289,3302,1.61285206410855
3289,3442,-0.355773121637933
3289,3903,-0.879255416558846
3289,3979,-0.0559673875816099
3290,3291,0.134550757120963
3290,3297,-0.214201371583424
3290,3299,0.171044517969142
3290,3301,-0.440577643378959
3290,3303,-0.296109469199865
3290,3456,-0.718051544811871
3290,3637,-0.318572180823535
3290,3907,0.0872578228557633
3291,3292,0.304845166540309
3291,3294,-1.86462729450131
3291,3298,-0.695771062861003
3291,3457,-0.638632848855991
3291,3465,-0.277540071662261
3291,3671,-1.07226528717493
3292,3293,-0.330441081499553
3292,3294,-2.16947246104162
3292,3735,-1.37129205950406
3292,3996,-1.12846075563744
3293,3301,-0.549532485540678
3293,3325,-0.0266280433052778
3293,3431,-1.0565326607946
3293,3488,-1.36740489852003
3293,3603,-0.349353393984907
3293,3962,-1.35780710420778
3294,3295,1.54242919478951
3294,3297,1.51587516579693
3294,3299,1.90112105534949
3294,3304,1.16124025444371
3294,3306,2.33593140876442
3294,3307,1.00543789840815
3294,3314,0.71410111616128
3294,3740,1.41744153472225
3294,3958,0.599177493593072
3295,3299,0.358691860559981
3295,3300,-1.13622388741004
3295,3303,-0.108462126609026
3295,3304,-0.3811889403458
3295,3308,-0.0682224221489865
3295,3538,-1.99739974921142
3295,3597,-0.496916930463044
3295,3839,-0.561704153123195
3295,3900,-0.937102008123889
3295,3935,-1.30116604664069
3296,3297,-0.459153920065934
3296,3298,-0.806172854222551
3296,3302,0.986559024870802
3296,3810,-0.133670926911582
3297,3300,-1.10966985841746
3297,3306,0.820056242967489
3297,3363,-1.52049069118272
3297,3512,0.918710147041303
3297,3559,-0.614188499819936
3297,3898,0.193915209861144
3298,3304,-0.0076159771965987
3298,3306,1.16707517712411
3298,3307,-0.163418333232165
3298,3309,0.518643888439141
3298,3862,1.28750744652034
3298,3880,-0.480616570602273
3299,3302,1.06046705538417
3299,3305,-0.290842280571218
3299,3308,-0.426914282708968
3299,3309,-0.213620935270041
3299,3474,-1.80582655134235
3299,3600,0.677869789642202
3299,3974,-1.02629374038146
3300,3301,0.883293586621924
3300,3306,1.92972610138495
3300,3307,0.599232591028678
3300,3308,1.06800146526106
3300,3309,1.28129481269998
3300,3310,1.71041835848045
3300,3569,0.353654733775084
3300,3631,1.30136217635602
3300,3639,0.0624726453380378
3300,3880,0.282034353658569
3300,3976,0.15868850028451
3301,3304,-0.12825863955768
3301,3681,0.458576136760708
3301,3976,-0.724605086337413
3302,3306,-0.625656701969247
3302,3311,-1.2664202418203
3302,3312,-2.34875674644662
3302,3314,-2.24748699457238
3302,3315,-1.13177280878126
3303,3305,0.176311706597789
3303,3306,0.90196434058393
3303,3310,0.682656597679428
3303,3357,-0.127320869488336
3303,3456,-0.421942075612005
3303,3669,0.168915403298915
3303,3719,0.500253355134291
3303,3816,-1.17154947718619
3304,3307,-0.155802356035566
3304,3309,0.52625986563574
3304,3312,-0.548408890156668
3304,3314,-0.447139138282432
3304,3315,0.668575047508687
3305,3307,-0.604840876370129
3305,3308,-0.13607200213775
3305,3309,0.077221345301177
3305,3310,0.506344891081639
3305,3389,-1.43503251744824
3305,3928,0.160459926274952
3306,3308,-0.861724636123891
3306,3309,-0.648431288684964
3306,3312,-1.72310004447737
3306,3319,-1.33264537331205
3306,3441,-0.882845215358703
3306,3445,-2.43656177307428
3306,3537,-1.34603645251265
3306,3730,0.125051415958107
3306,3732,-3.13972088021219
3307,3314,-0.291336782246866
3307,3315,0.824377403544253
3307,3317,-0.54170780673643
3307,3319,-0.002151862955775
3307,3336,0.492023633562977
3307,3594,0.214870351023926
3307,3866,0.949343770390161
3308,3314,-0.760105656479246
3308,3315,0.355608529311874
3308,3319,-0.470920737188154
3308,3357,-0.167560573948376
3309,3311,0.0076677488339096
3309,3314,-0.973399003918172
3309,3317,-1.22377002840774
3309,3319,-0.684214084627081
3309,3481,-0.802857946603879
3309,3911,0.677302069870403
3310,3313,-1.50800819168065
3310,3317,-1.6528935741882
3310,3322,-0.956734344889706
3310,3640,-1.7257230687028
3310,3689,0.625768053239483
3310,3874,-0.403791204081827
3311,3314,-0.981066752752082
3311,3316,-0.9462728871313
3311,3317,-1.23143777724165
3311,3321,-0.0617740842659525
3311,3324,-0.510620447338782
3311,3340,-0.374772155646509
3311,3618,1.14323598041409
3311,3860,-1.19976255284417
3311,3872,-0.7588445511617
3312,3313,-0.0042158901077755
3312,3316,0.136063617495017
3312,3321,1.02056242036037
3312,3324,0.571716057287535
3312,3325,1.19957197194975
3312,3440,0.435973625482979
3313,3316,0.140279507602793
3313,3317,-0.144885382507553
3313,3318,0.700671853345461
3313,3323,1.50961600315134
3313,3324,0.575931947395311
3313,3551,0.53273150930372
3313,3970,1.2638485043574
3314,3315,1.11571418579112
3314,3318,0.59518621136345
3314,3323,1.40413036116933
3314,3704,-0.60389314513472
3314,3806,0.630122814845409
3315,3317,-1.36608521028068
3315,3321,-0.19642151730499
3315,3323,0.288416175378213
3315,3325,-0.0174119657156075
3315,3452,-1.37841784562819
3315,3863,-1.1518596482575
3315,3875,-0.0342241533746968
3316,3318,0.560392345742668
3316,3319,0.25439105367031
3316,3325,1.06350835445473
3316,3326,0.0872871794607409
3316,3327,1.59983756872542
3316,3386,0.72762756404543
3316,3394,0.574740087450947
3316,3828,-0.309886154234118
3317,3329,1.21432052208277
3317,3384,0.553716037866174
3317,3516,-0.636524787415451
3317,3739,0.366910147021321
3318,3320,1.03946819876267
3318,3323,0.808944149805883
3318,3324,-0.12473990595015
3318,3377,-0.448334615721327
3318,3415,1.58019161974692
3318,3851,0.311384760699444
3318,3955,0.310196781966862
3319,3324,0.181261386122208
3319,3327,1.34544651505511
3319,3328,0.550922567844454
3319,3331,-0.510529947353932
3319,3332,-0.158640232022668
3319,3381,0.0822960608062127
3319,3411,0.232366657744223
3319,3805,0.182103894198706
3320,3325,-0.536352190050611
3320,3327,-2.29757799187345e-05
3320,3328,-0.794546922990577
3320,3329,-0.670704912532915
3321,3322,-0.473504463677202
3321,3324,-0.44884636307283
3321,3325,0.179009551589383
3321,3326,-0.797211623404607
3321,3328,-0.0791851813505841
3321,3329,0.0446568291070784
3321,3332,-0.788747981217706
3321,3333,-0.258857787138209
3321,3530,-1.91393402161047
3321,3671,-0.841031777321027
3322,3324,0.0246581006043719
3322,3326,-0.323707159727405
3322,3328,0.394319282326618
3322,3687,0.684155110735879
3322,3704,-1.04968134994365
3322,3802,-1.33879472118794
3323,3328,-0.564022874033788
3323,3329,-0.440180863576125
3323,3336,-0.620769945359489
3323,3622,-0.913067945751093
3323,3665,-0.993933853078609
3323,3783,-1.79853387006459
3324,3327,1.1641851289329
3324,3328,0.369661181722246
3324,3330,0.667654557537015
3324,3336,0.312914110396544
3324,3337,0.232497951094226
3324,3416,-0.760930904791994
3324,3493,-0.471971778101322
3325,3326,-0.97622117499399
3325,3327,0.536329214270692
3325,3330,0.0397986428748029
3325,3332,-0.967757532807089
3325,3334,0.167918800143589
3325,3338,-1.90559947677261
3325,3349,-0.29030809407331
3325,3396,-1.97218493826239
3326,3328,0.718026442054023
3326,3329,0.841868452511685
3326,3331,-0.343426073144364
3326,3335,1.18651908536058
3326,3337,0.580863211426003
3326,3339,0.939551318664513
3326,3497,-0.0386848477307884
3326,3512,1.59840315159543
3326,3870,-0.0790092511105868
3326,3943,1.89822575488457
3327,3328,-0.794523947210659
3327,3330,-0.496530571395889
3327,3333,-0.974196552998283
3327,3335,-0.326031303904105
3327,3336,-0.85127101853636
3327,3435,-0.991729556545078
3327,3806,-1.0045086195008
3327,3854,-0.446960027675171
3328,3329,0.123842010457662
3328,3333,-0.179672605787625
3328,3335,0.468492643306553
3328,3336,-0.0567470713257018
3328,3339,0.22152487661049
3328,3365,0.402154059680983
3328,3641,-0.453973198358916
3328,3822,-0.390935701933629
3329,3575,-1.90549049074661
3329,3642,-0.269626931001925
3329,3651,0.551252688549465
3330,3335,0.170499267491784
3330,3342,-0.525039402724906
3330,3453,-1.67899110925981
3330,3879,-1.05919391483877
3330,3965,-0.376408769950822
3331,3333,0.881779909410762
3331,3338,-0.585952228634252
3331,3341,0.409048532220784
3331,3836,-0.797888872922198
3331,3994,0.534666300906431
3332,3333,0.529890194079497
3332,3335,1.17805544317368
3332,3336,0.65281572854142
3332,3338,-0.937841943965517
3332,3339,0.931087676477612
3332,3344,0.76733159935003
3332,3345,0.2027247925693
3332,3838,0.103920731892515
3333,3334,0.60578613887118
3333,3335,0.648165249094178
3333,3357,-0.0678897988170508
3333,3532,-0.0096346289176979
3333,3583,0.915010144224971
3333,3755,-0.619688263813282
3334,3335,0.0423791102229979
3334,3336,-0.482860604409257
3334,3337,-0.563276763711576
3334,3338,-2.07351827691619
3334,3387,-1.23872006328978
3334,3541,-1.0176332729059
3334,3796,-0.326180786709141
3334,3874,-0.267489674602294
3334,3909,1.01729272878189
3335,3336,-0.525239714632255
3335,3338,-2.11589738713919
3335,3341,-1.12089662628416
3335,3343,-1.35321283391644
3335,3345,-0.975330650604375
3335,3346,-1.61033329638337
3335,3348,-0.501115392663482
3335,3402,-2.12501676754413
3335,3529,-0.464212635421209
3335,3662,-0.811122365418252
3335,3710,-0.389385138412826
3335,3865,0.245306795772613
3336,3337,-0.0804161593023184
3336,3341,-0.595656911651901
3336,3342,-0.170298955584435
3336,3345,-0.45009093597212
3336,3346,-1.08509358175112
3336,3349,0.0246337101923582
3336,3362,0.272633864159041
3336,3639,-1.02878357925362
3336,3923,-0.416473760652051
3337,3345,-0.369674776669801
3337,3346,-1.0046774224488
3337,3349,0.105049869494677
3337,3350,-0.454766380412031
3337,3440,-0.368240382898782
3337,3508,-0.546295136306682
3337,3537,-0.427150416417043
3337,3717,-0.159461543188078
3337,3822,-0.253772471305609
3338,3339,1.86892962044313
3338,3345,1.14056673653482
3338,3348,1.61478199447571
3338,3516,-0.0795985552079214
3338,3769,1.39186414963134
3339,3345,-0.728362883908311
3339,3803,0.425550318726174
3339,3861,-0.537450567654292
3339,3897,0.296928012135092
3339,3987,-0.145257828912044
3340,3343,-0.65090730057991
3340,3344,0.291581689512881
3340,3346,-0.908027763046846
3340,3348,0.201190140673044
3340,3352,-0.745947230063032
3341,3348,0.619781233620674
3341,3349,0.620290621844259
3341,3426,-0.0738604937417189
3341,3457,0.3241898253261
3341,3471,1.20060578853942
3341,3561,1.79775072116408
3342,3345,-0.279791980387685
3342,3346,-0.914794626166682
3342,3352,-0.752714093182868
3342,3553,0.0834904020885443
3342,3710,0.306153531803864
3342,3857,-0.400584694557288
3342,3973,0.344021543134187
3343,3347,0.827033736686314
3343,3349,0.852606829476539
3343,3353,1.27164619528998
3343,3451,-0.805563482227585
3343,3803,1.53179538594655
3344,3348,-0.0903915488398371
3344,3355,-0.569130264664137
3344,3478,0.297355711806796
3344,3504,-1.52761813221815
3344,3725,-1.17986650371679
3345,3350,-0.0850916037422294
3345,3353,0.89376401197792
3345,3357,0.259275602693146
3345,3395,0.884943872684297
3345,3528,0.208169318644085
3345,3550,-0.118954693098647
3345,3860,-0.551965279929807
3346,3347,1.08415419915325
3346,3351,0.75175311101857
3346,3354,1.29627560222285
3346,3355,0.63047918789559
3346,3357,0.894278248472143
3346,3552,0.985210143292968
3346,3955,1.20711615927158
3347,3348,0.02506370456664
3347,3349,0.0255730927902252
3347,3352,-0.922073666169435
3347,3359,-1.6335866792139
3347,3631,0.211045334362228
3347,3634,0.450805903735
3347,3698,1.13955246366851
3348,3350,-0.559306861683122
3348,3351,-0.357464792701319
3348,3354,0.18705769850296
3348,3522,-0.212714374933656
3348,3780,-0.446005084359044
3348,3843,-0.948537525602911
3349,3350,-0.559816249906707
3349,3352,-0.947646758959661
3349,3357,-0.215449043471332
3349,3360,0.240557204255643
3349,3405,0.579633587462405
3349,3723,-0.422099440250265
3349,3795,-0.0996874341508937
3349,3801,0.143233766854305
3349,3904,-0.947529521613709
3349,3978,-0.236344709415178
3349,3996,-0.481083536759295
3350,3353,0.97885561572015
3350,3355,0.0805681458588226
3350,3357,0.344367206435376
3350,3360,0.80037345416235
3350,3361,-0.145039796140478
3350,3452,-0.510881535932567
3350,3811,0.671494032897843
3350,3928,0.808459708796453
3351,3354,0.544522491204279
3351,3356,0.330135605319749
3351,3357,0.142525137453573
3351,3363,-1.16873658662437
3351,3506,-0.183853542260469
3351,3521,-0.771071798793551
3351,3635,-1.04305828982543
3351,3801,0.501207947779209
3352,3353,1.3666861247731
3352,3356,0.919808183354505
3352,3358,1.54329060361268
3352,3361,0.242790712912475
3352,3362,1.19564691292634
3352,3364,-0.784999617901151
3352,3686,0.779997671957556
3353,3359,-2.07819913781757
3353,3362,-0.17103921184676
3353,3428,-0.719572901222708
3353,3830,-0.812015452049362
3354,3359,-1.8457080822835
3354,3362,0.0614518436873079
3354,3365,0.247719110534952
3354,3367,-0.224857007342656
3354,3507,1.0309710204577
3354,3537,-0.718748596191094
3354,3604,-1.09152685344508
3354,3682,-0.441335345176437
3355,3356,0.451409528442729
3355,3364,-1.25339827281293
3355,3365,0.913515524862211
3355,3368,0.814849298291971
3355,3378,1.41564638892605
3355,3466,0.526188701289204
3355,3606,-0.177291772457437
3356,3360,0.268395779860798
3356,3361,-0.67701747044203
3356,3368,0.363439769849241
3356,3373,0.710388722813579
3356,3678,0.4137057686775
3356,3914,0.368363903114631
3357,3358,0.811092888124352
3357,3362,0.463449197438014
3357,3368,0.551050237715418
3357,3958,-0.707468705099079
3358,3359,-2.25480361665715
3358,3360,-0.355086640397378
3358,3366,-1.42143502973265
3358,3368,-0.260042650408935
3358,3369,0.18000785079916
3358,3371,0.113760844581685
3358,3534,-1.26550339703155
3358,3768,-1.11525604521362
3359,3361,0.95430372595694
3359,3367,1.62085107494084
3359,3371,2.36856446123883
3359,3379,0.56002439367182
3359,3696,0.112292013690534
3360,3363,-1.76726797180492
3360,3366,-1.06634838933527
3360,3370,0.0302893611288404
3360,3514,-0.991434923650054
3360,3554,-0.69697755067657
3360,3762,0.0736532719178429
3360,3788,0.0505577460860577
3360,3911,0.602149743530731
3361,3362,0.952856200013868
3361,3366,-0.120935139032441
3361,3371,1.41426073528189
3361,3373,1.38740619325561
3361,3374,-0.544914736396716
3361,3608,1.26642727381699
3361,3735,-0.0190587945787287
3362,3367,-0.286308851029964
3362,3370,0.022846411417801
3362,3373,0.434549993241741
3362,3864,-1.38578935694389
3362,3919,-0.308867718957992
3362,3936,0.0621046116207566
3363,3364,-0.205935609311537
3363,3366,0.700919582469648
3363,3373,2.2092609147577
3363,3938,1.29372713156252
3364,3365,2.16691379767514
3364,3367,1.69433767979753
3364,3368,2.0682475711049
3364,3371,2.44205106609552
3364,3416,0.634167651479916
3364,3600,2.78954197968903
3364,3778,0.768369773593097
3365,3368,-0.0986662265702403
3365,3375,-0.0876176656876485
3365,3376,0.54733051303417
3365,3377,-1.0954099511744
3365,3515,-2.02829366686228
3365,3541,-0.993673799503324
3365,3578,-1.02341083422079
3365,3602,0.34290024854542
3365,3973,-0.285178543456932
3366,3367,0.787482488016345
3366,3372,1.89318214857431
3366,3373,1.50834133228805
3366,3817,0.66904604982421
3366,3982,0.407420830426751
3367,3370,0.309155262447765
3367,3376,1.01990663091178
3367,3377,-0.622833833296797
3367,3379,-1.06082668126902
3367,3380,0.502398760674947
3367,3723,-0.383790743186984
3368,3372,0.731789769250594
3368,3374,-1.58537197668799
3368,3375,0.0110485608825919
3368,3376,0.645996739604411
3368,3512,0.576888876430662
3368,3667,-1.7201740092792
3368,3912,-0.886000139870329
3369,3371,-0.0662470062174756
3369,3372,0.291739268042498
3369,3376,0.205946238396316
3369,3378,0.160746589425986
3369,3379,-1.87478707378449
3369,3380,-0.311561631840515
3369,3385,-0.591904732081248
3369,3442,-1.30478401262849
3369,3863,-1.61979128392077
3369,3909,0.699867927546612
3370,3375,0.0758031897421944
3370,3377,-0.931989095744562
3370,3379,-1.36998194371679
3370,3382,-0.338897700398393
3370,3474,-1.69764730354083
3370,3482,-0.189676447249163
3370,3512,0.641643505290265
3370,3636,-1.12994333674857
3370,3940,-1.27522447043286
3370,3954,-0.506085790934586
3371,3374,-1.95917547167861
3371,3384,-1.2140538018603
3372,3379,-2.16652634182699
3372,3382,-1.13544209850859
3372,3383,-1.44952252915985
3372,3384,-1.57204007612027
3372,3641,-1.48925080072025
3373,3374,-1.93232092965233
3373,3375,-0.335900392081746
3373,3381,-1.11906329311332
3373,3382,-0.750601282222333
3373,3385,-0.49880318383749
3373,3596,-0.667781642375449
3373,3672,-1.4500031864964
3373,3807,-1.13387904806502
3373,3871,-0.438984797596149
3374,3379,0.150635404111596
3374,3382,1.18171964742999
3374,3383,0.867639216778734
3374,3384,0.745121669818311
3374,3386,1.20419808610791
3374,3387,0.469277613371024
3374,3471,1.83008594913906
3374,3672,0.482317743155923
3374,3854,1.62944806311273
3374,3979,1.02044419932392
3375,3384,-0.851298867752269
3375,3443,-0.259577706398313
3376,3378,-0.0451996489703298
3376,3381,-1.41811107975339
3376,3383,-1.36372949951366
3376,3385,-0.797850970477563
3376,3386,-1.02717063018449
3376,3388,-2.01304918581473
3376,3389,-2.32844691868194
3376,3829,-0.148447742761208
3376,3842,-1.579912550238
3377,3383,0.279010964694911
3377,3385,0.844889493731012
3377,3389,-0.685706454473366
3377,3748,0.629008398173294
3378,3382,-1.00444941989208
3378,3386,-0.981970981214157
3378,3389,-2.28324726971161
3378,3390,0.426255775737898
3379,3384,0.594486265706715
3379,3389,-0.247713606501139
3379,3420,1.07816894209586
3379,3872,0.513363453920486
3379,3937,0.119947978011181
3379,3988,2.04516519868132
3380,3381,-0.900603209516563
3380,3382,-0.532141198625575
3380,3385,-0.280343100240732
3380,3386,-0.509662759947655
3380,3389,-1.81093904844511
3380,3390,0.898563997004399
3380,3391,0.158562063462105
3380,3392,-0.153001812351581
3380,3431,-1.20368658702768
3380,3618,0.852218543552305
3380,3979,-0.693416646731648
3380,3989,-1.70576569443813
3381,3385,0.620260109275831
3381,3391,1.05916527297867
3381,3393,0.0874160767205849
3381,3640,-0.694681499101474
3382,3385,0.251798098384843
3382,3492,-0.531085709275131
3382,3496,-0.132410212904494
3382,3585,0.791604376028974
3382,3679,-0.961541371226469
3383,3386,0.336558869329178
3383,3387,-0.39836160340771
3383,3389,-0.964717419168277
3383,3391,1.00478369273894
3383,3395,0.792350792184986
3383,3396,-1.29974527852391
3383,3461,-0.626673443746839
3384,3387,-0.275844056447286
3384,3389,-0.842199872207854
3384,3391,1.12730123969936
3384,3397,0.82823213915076
3384,3465,0.569641093301162
3384,3638,-0.155540042368612
3384,3776,-0.792829842506487
3385,3387,-0.964240132443811
3385,3388,-1.21519821533717
3385,3389,-1.53059594820438
3385,3392,0.127341287889151
3385,3394,-0.382207136301406
3385,3395,0.226472263148885
3385,3397,0.139836063154235
3385,3398,-0.575585977064716
3385,3716,-1.10805594320026
3385,3970,0.166621773002256
3386,3388,-0.985878555630246
3386,3389,-1.30127628849746
3386,3394,-0.152887476594483
3386,3774,-0.586524805566923
3386,3776,-1.25190625879609
3386,3958,-0.877345052234421
3387,3392,1.09158142033296
3387,3393,0.431396099888565
3387,3397,1.10407619559805
3387,3608,1.34206439684268
3387,3860,-0.246196757021408
3387,3895,-0.363801345783457
3387,3918,0.150413519654671
3388,3392,1.34253950322632
3388,3395,1.44167047848605
3388,3396,-0.650425592222846
3388,3397,1.3550342784914
3388,3499,1.70502651438286
3388,3919,0.970583686974925
3389,3393,0.997751915649132
3389,3400,0.1484477275237
3389,3401,0.106749665279584
3389,3466,1.39378958207476
3389,3585,2.07040222584851
3389,3831,1.75925945511641
3389,3861,1.06303665492299
3389,4000,0.929575030214378
3390,3393,-1.71175112980038
3390,3395,-0.952434834096246
3390,3397,-1.0390710340909
3390,3399,-1.34126573473773
3390,3400,-2.56105531792581
3390,3478,-0.975416188193017
3390,3662,-1.67317042159442
3390,3841,-2.11446414700182
3390,3953,-1.30951816338535
3390,3982,-1.78102441526894
3391,3396,-2.30452897126285
3391,3398,-1.01449114076755
3391,3399,-0.601263801195436
3391,3400,-1.82105338438352
3391,3661,0.170372511220007
3391,3910,0.221644400303335
3392,3395,0.0991309752597345
3392,3401,-1.55118757081395
3392,3405,0.268545336202321
3392,3656,-0.135630192379346
3393,3397,0.672680095709482
3393,3400,-0.849304188125432
3393,3401,-0.891002250369548
3393,3402,-1.27531369391992
3393,3403,0.114630027773924
3394,3399,0.219848498808808
3394,3401,-1.04163914662339
3394,3747,-1.06256448013175
3394,3898,0.386155306425063
3395,3396,-2.0920960707089
3395,3401,-1.65031854607368
3395,3404,-0.589079269341526
3395,3771,-0.613383189337777
3396,3398,1.2900378304953
3396,3401,0.44177752463522
3396,3403,1.44740980277869
3396,3589,1.41041925703205
3396,3598,1.8533627142322
3396,3750,1.22129357608849
3396,3961,0.953769522565032
3396,3963,2.65647193484151
3397,3398,-0.715422040218951
3397,3399,-0.302194700646834
3397,3400,-1.52198428383491
3397,3402,-1.94799378962941
3397,3404,-0.502443069346875
3397,3405,0.256050560937236
3397,3406,-1.41479695110843
3397,3407,1.04945392286818
3397,3439,-1.49605488011335
3397,3449,-0.269398444921338
3397,3750,-0.784166294625764
3397,3763,-1.85016536232021
3397,3861,-0.607395356435627
3397,3952,0.0910198531212388
3398,3399,0.413227339572117
3398,3405,0.971472601156187
3398,3410,0.184465990796928
3398,3631,0.577311255265785
3398,3752,0.617690747350883
3398,3781,0.888498188120941
3398,3856,-0.705624535019878
3398,3909,1.86735863669258
3398,3929,-0.601426593397976
3399,3401,-1.2614876454322
3399,3408,0.157079560478971
3399,3409,0.211273394186177
3399,3411,-0.307830874845223
3399,3573,0.407849427183028
3399,3814,-0.960364249386121
3400,3401,-0.0416980622441159
3400,3402,-0.426009505794491
3400,3403,0.963934215899356
3400,3410,0.991028234412891
3400,3415,2.56578496241792
3400,3476,1.78684925832199
3400,3544,1.66729543607543
3400,3978,0.962056547894567
3401,3402,-0.384311443550375
3401,3412,1.92289099954938
3401,3696,-0.30676843875973
3401,3779,1.28359072068562
3402,3404,1.44555072028253
3402,3408,1.80287864946154
3402,3412,2.30720244309975
3402,3414,1.02053166318699
3402,3415,2.99179446821241
3402,3483,1.65087832233582
3402,3500,0.484064639061015
3402,3587,0.94077525226922
3402,3927,1.34410149411749
3403,3404,0.0556069985886826
3403,3406,-0.856746883172872
3403,3408,0.412934927767695
3403,3499,0.908042303827013
3403,3696,-1.3124007169032
3403,3754,-0.278345642415026
3404,3408,0.357327929179013
3404,3411,-0.107582506145181
3404,3414,-0.425019057095536
3404,3416,-0.91961868255919
3404,3822,-0.179962297978579
3404,3858,-0.258046873209272
3405,3411,-0.866076136429293
3405,3509,-0.881903268765513
3405,3601,-0.294764994141414
3405,3754,-1.09244627128782
3405,3789,-0.874650828250138
3406,3408,1.26968181094057
3406,3409,1.32387564464777
3406,3412,1.77400560457878
3406,3413,0.571647910027019
3406,3419,0.745802855724995
3407,3409,-1.14037522932884
3407,3411,-1.65947949836024
3407,3416,-2.47151567477425
3407,3418,-1.29017103795678
3408,3410,-0.38584090925416
3408,3414,-0.782346986274548
3408,3416,-1.2769466117382
3408,3420,-0.199434322593749
3408,3421,-1.22645729452302
3408,3473,-0.554204167918245
3408,3543,-0.497199254757812
3409,3412,0.450129959931006
3409,3414,-0.836540819981754
3409,3418,-0.149795808627939
3409,3420,-0.253628156300955
3409,3425,-0.877539323224531
3409,3538,-2.2097275166499
3409,3680,-0.0472951830178706
3409,3714,-1.23279354453031
3409,3914,0.107863607444964
3409,3964,-0.900119211330735
3410,3414,-0.396506077020388
3410,3416,-0.891105702484042
3410,3421,-0.840616385268856
3410,3422,-0.580945613453747
3410,3620,-1.01266966226627
3410,3708,0.0792365540383405
3410,3748,0.175238890710069
3410,3944,0.599885293982918
3411,3412,0.969234228962406
3411,3415,1.65382625407506
3411,3417,-0.839865914668213
3411,3422,-0.501876087383714
3411,3423,0.830708602691047
3411,3722,-0.523686805749516
3411,3834,0.0702895372155764
3411,3857,-0.309074811367193
3412,3420,-0.703758116231961
3412,3422,-1.47111031634612
3412,3423,-0.138525626271359
3412,3591,0.0529051078843934
3412,3757,-1.155088604348
3412,3820,-2.71209120077844
3413,3417,-0.606742449078859
3413,3419,0.174154945697976
3413,3423,1.0638320682804
3413,3426,-0.174585101029736
3413,3538,-1.45749978202915
3413,3906,-0.624808346042626
3414,3415,1.97126280502541
3414,3424,0.567147982937618
3414,3426,-0.090272015668736
3414,3427,1.02041962358486
3415,3417,-2.49369216874327
3415,3420,-1.38835014134461
3415,3421,-2.41537311327388
3415,3424,-1.40411482208779
3415,3425,-2.01226130826819
3415,3506,-1.90921142829354
3415,3522,-1.58060746826541
3415,3695,-1.04444982969776
3415,3735,-2.09129854573408
3415,3975,-2.18488067176206
3416,3419,0.75306765652263
3416,3422,0.310160089030295
3416,3424,1.06174760840127
3416,3425,0.453601122220877
3416,3848,2.27429526612341
3416,3916,1.56501375913815
3416,3919,1.03761116038959
3417,3418,1.20917437507167
3417,3424,1.08957734665548
3417,3425,0.481430860475082
3417,3428,0.825774928225836
3417,3553,1.01486619994685
3417,3689,2.34660494057102
3418,3419,-0.42827698029484
3418,3420,-0.103832347673017
3418,3422,-0.871184547787175
3418,3425,-0.727743514596593
3418,3426,-0.777017027022552
3418,3525,-0.799913539999668
3418,3731,-1.02087064596944
3418,3955,0.014522955891537
3418,3987,0.0255144973952163
3419,3432,-0.61875197958433
3419,3452,-0.725286716981008
3419,3664,-0.306773251933538
3420,3423,0.565232489960602
3420,3424,-0.015764680743181
3420,3427,0.437506959904059
3420,3431,-0.718630087179573
3420,3432,-0.943196612206153
3420,3433,-1.08184683968709
3420,3602,0.798134105596189
3420,3830,-0.372009649999476
3420,3895,-1.12332807861989
3421,3425,0.403111805005691
3421,3428,0.747455872756445
3421,3433,-0.0548238677578197
3421,3440,0.574699155772251
3421,3506,0.506161684980336
3421,3771,0.844825445347753
3422,3424,0.751587519370977
3422,3426,0.0941675207646231
3422,3428,0.487785100941336
3422,3435,0.623226388149525
3422,3486,1.2866763424194
3422,3517,-0.492494674605228
3422,3620,-0.431724048812527
3422,3866,1.22100506298543
3423,3424,-0.580997170703783
3423,3426,-1.23841716931014
3423,3430,-1.25882160172456
3423,3432,-1.50842910216676
3423,3434,-1.11919920714338
3423,3764,-2.00115419967361
3423,3771,-0.747430016542116
3424,3432,-0.927431931462972
3424,3436,-0.7505546632173
3424,3437,-0.0673079341800322
3424,3565,-0.789610918364329
3425,3427,1.06141812682763
3425,3428,0.344344067750754
3425,3433,-0.457935672763511
3425,3474,-0.781923134996322
3425,3777,1.07079909185888
3426,3428,0.393617580176713
3426,3429,-0.538107865552507
3426,3430,-0.0204044324144213
3426,3432,-0.270011932856618
3426,3438,0.475043428813779
3426,3499,1.3677263780026
3426,3650,-0.0554495764195154
3426,3656,0.869609174466717
3426,3890,-0.131215091286184
3426,3903,-0.35846349651124
3427,3428,-0.717074059076881
3427,3429,-1.6487995048061
3427,3430,-1.13109607166802
3427,3434,-0.991473677086833
3427,3437,-0.520579574827272
3427,3438,-0.635648210439815
3427,3439,-1.58901237725579
3427,3440,-0.889830776061074
3427,3542,-0.994436196493852
3427,3800,-1.19577210088071
3427,3943,0.795772150296274
3428,3441,0.231524486651497
3428,3482,0.381703653544586
3428,3586,-0.386200771196474
3428,3885,0.0901751484188102
3428,3931,0.753383680128063
3429,3434,0.657325827719268
3429,3439,0.0597871275503069
3429,3527,1.97514967534327
3429,3617,0.783876224719921
3429,3703,1.18686588208373
3429,3734,1.33849433568073
3429,3738,1.19327170230442
3430,3438,0.4954478612282
3430,3441,0.645546499242631
3430,3442,0.185423230824094
3430,3443,0.801627596728765
3430,3545,0.0435919652279674
3431,3433,-0.363216752507513
3431,3435,0.57450427521494
3431,3437,0.63555747225636
3431,3443,0.826668572144382
3431,3444,-0.461306070642033
3431,3508,0.0882515176146576
3431,3741,0.543424435485446
3431,3747,-0.521428129646201
3432,3436,0.176877268245672
3432,3443,1.05123509717096
3432,3444,-0.236739545615453
3432,3486,1.46252075451139
3432,3491,1.46554335659657
3432,3540,0.566781042863115
3432,3661,1.75718768673637
3432,3957,1.54924209199402
3433,3434,0.527880122504313
3433,3435,0.937721027722453
3433,3436,0.315527495726606
3433,3439,-0.0696585776646482
3433,3441,1.03380422716576
3433,3443,1.18988532465189
3433,3444,-0.09808931813452
3433,3679,0.073220769683151
3433,3944,1.49532554700959
3433,3987,1.21119368475532
3434,3441,0.505924104661449
3434,3446,-0.674480312495394
3434,3447,0.53967184992807
3434,3631,0.76040539499122
3434,3688,0.436615345801795
3434,3719,0.987058334570513
3434,3753,0.225157342327643
3435,3443,0.252164296929441
3435,3621,-0.419382594262191
3436,3446,-0.462127685717687
3436,3448,0.0889383853345739
3436,3449,0.841470361800755
3436,3556,1.99205785580853
3436,3675,1.69431237983377
3436,3717,0.52277436751417
3436,3834,0.571132768445613
3437,3438,-0.115068635612543
3437,3441,0.0350300024018881
3437,3447,0.0687777476685094
3437,3450,-1.00743179032738
3437,3502,-0.533815270078734
3437,3663,0.422247759187028
3437,3674,-0.640817193429247
3437,3985,-0.183259190620759
3438,3446,-1.03030577914241
3438,3447,0.183846383281052
3438,3449,0.27329226837603
3438,3508,-0.43223731902916
3438,3570,1.06550523875708
3438,3870,-0.545814645259067
3438,3984,0.519737025417916
3439,3440,0.699181601194719
3439,3444,-0.0284307404698718
3440,3444,-0.727612341664591
3440,3446,-0.776123213521152
3440,3447,0.438028948902312
3440,3469,-0.232209388870357
3440,3600,1.53018585522167
3440,3906,-0.67108410820541
3441,3448,-0.629338346104582
3441,3454,-0.0052778504005116
3441,3807,-0.382319852098832
3441,3951,-1.72729539536729
3442,3447,0.493871013685158
3442,3449,0.583316898780136
3443,3450,-1.1985428902154
3443,3454,-0.161358947886645
3443,3455,-0.230555276476124
3443,3486,0.411285657340433
3444,3445,-0.4218230124153
3444,3447,1.1656412905669
3444,3448,0.502555199195699
3444,3449,1.25508717566188
3444,3457,0.904801797539891
3444,3465,1.26589457473362
3444,3479,1.41510357490355
3444,3615,0.458607426795301
3445,3451,-0.0354447052307749
3445,3453,0.273841234161648
3445,3455,1.47924237872559
3445,3458,1.34651318484376
3445,3504,0.184989634871457
3445,3666,1.18105189261152
3445,3952,2.03732848611976
3446,3454,1.17512656675633
3446,3457,0.953312669396452
3446,3459,1.15549465722812
3446,3582,1.89240613680509
3447,3448,-0.663086091371203
3447,3452,-1.03543648234813
3447,3455,-0.108221924256612
3447,3456,-0.474808946103854
3447,3459,-0.0586575051953441
3447,3460,0.597640391431194
3447,3545,-0.635702279281285
3447,3650,-0.714339388514347
3448,3449,0.752531976466181
3448,3453,-0.650536977449351
3448,3454,0.62406049570407
3448,3455,0.554864167114591
3448,3873,0.133153221301277
3449,3452,-1.1248823674431
3449,3453,-1.40306895391553
3449,3457,-0.35028537812199
3449,3462,-0.24536549897109
3449,3519,-1.03379864551521
3449,3689,1.16611189533208
3449,3742,-0.448778615846342
3450,3452,0.0407730556477623
3450,3453,-0.237413530824665
3450,3456,0.601400591892035
3450,3457,0.815370044968877
3450,3463,-0.778566945932749
3450,3866,1.54415726812186
3451,3456,1.14810006210912
3451,3716,0.733861331874796
3451,3763,0.131587975909085
3452,3458,0.79448536420968
3452,3465,1.13568976651484
3452,3650,0.32109709383378
3452,3704,-0.341189485297648
3452,3877,0.342617165853665
3452,3937,0.0915103855181491
3453,3454,1.27459747315342
3453,3460,1.91126346025175
3453,3464,1.7545896979985
3453,3622,1.03195266172774
3453,3654,1.1780163195713
3453,3755,0.581636863844139
3454,3455,-0.0691963285894793
3454,3457,-0.221813897359879
3454,3458,-0.201925522471314
3454,3460,0.636665987098327
3454,3462,-0.116894018208979
3454,3464,0.479992224845082
3454,3492,-0.52484994513076
3454,3627,-1.80801364357886
3454,3663,0.392495607185651
3454,3934,0.0890977173384763
3454,3944,0.466799170244344
3455,3458,-0.132729193881835
3455,3460,0.705862315687806
3455,3462,-0.0476976896194997
3455,3464,0.549188553434561
3455,3466,0.190423824989078
3455,3690,-0.536735776783312
3455,3845,0.244557357606397
3456,3457,0.213969453076842
3456,3458,0.233857827965407
3456,3459,0.41615144090851
3456,3463,-1.37996753782478
3456,3465,0.575062230270572
3456,3467,-0.24298518551777
3456,3621,-0.0744045928682668
3456,3791,-0.217958733817541
3456,3852,0.271717517559007
3456,3876,-0.0714908492668566
3456,3994,0.0153973964363893
3457,3458,0.0198883748885652
3457,3461,-0.712704212893848
3457,3462,0.1049198791509
3457,3465,0.36109277719373
3457,3468,-0.637776713928201
3457,3705,-0.177515442132013
3457,3820,-1.73319872426476
3457,3898,0.483795930012749
3458,3459,0.182293612943103
3458,3462,0.0850315042623349
3458,3463,-1.61382536579019
3458,3467,-0.476843013483177
3458,3470,0.368152013207284
3458,3471,0.856527588324753
3458,3909,1.75173204462839
3458,3987,0.384592830461384
3459,3461,-0.914886200725516
3459,3464,0.499624134373293
3459,3468,-0.839958701759869
3459,3484,-1.16238658073544
3460,3463,-2.45241687535983
3460,3466,-0.515438490698728
3460,3467,-1.31543452305282
3460,3469,-1.26787872920386
3460,3531,-1.55057814145487
3460,3616,-1.33290060494309
3460,3710,-0.451158221912976
3461,3465,1.07379699008758
3461,3469,0.303305368148191
3461,3471,1.58912017610717
3461,3855,-0.518559643054516
3461,3884,0.730713036103464
3462,3463,-1.69885687005253
3462,3464,0.596886243054061
3462,3470,0.283120508944949
3462,3472,-0.247637407005489
3462,3474,-1.23561982078908
3462,3484,-1.06512447205467
3462,3505,0.577438527544562
3462,3596,0.205949422200233
3462,3713,-0.787757123211
3462,3968,-2.78808534808466
3463,3464,2.29574311310659
3463,3469,1.18453814615597
3463,3470,1.98197737899748
3463,3473,1.51430150585885
3463,3474,0.463237049263443
3463,3475,0.616939856614472
3463,3509,1.58776810611668
3463,3525,1.17299015885669
3463,3969,1.81115239494658
3464,3465,-0.340713345011231
3464,3466,-0.358764728445483
3464,3821,-0.445750919261314
3465,3466,-0.0180513834342517
3465,3467,-0.818047415788342
3465,3469,-0.770491621939387
3465,3472,-0.503810305048319
3465,3475,-1.33808991148088
3465,3476,0.523456020336677
3465,3539,0.119780961618012
3465,3573,0.364245772385793
3465,3663,0.253216727351801
3465,3776,-1.36247093580765
3465,3952,0.349610898970837
3466,3469,-0.752440238505135
3466,3470,0.044998994336371
3466,3472,-0.485758921614067
3466,3479,0.167260383604186
3466,3838,-0.620469304082583
3466,3840,0.99489700334406
3467,3472,0.314237110740023
3467,3473,0.377319153551832
3467,3474,-0.67374530304357
3467,3475,-0.520042495692542
3467,3477,0.403045926200459
3467,3480,0.0129793438519511
3467,3549,0.452914485101687
3467,3621,0.168580592649504
3467,3751,1.21399120046249
3467,3758,0.936150267032336
3467,3936,1.06316020070021
3467,3951,-1.04324900901229
3468,3470,1.02581710202405
3468,3475,-0.339220420358952
3468,3478,1.32111538286941
3468,3479,1.14807849129187
3468,3481,0.296424441758452
3469,3474,-0.721301096892526
3469,3475,-0.567598289541497
3469,3476,1.29394764227606
3469,3479,0.919700622109321
3469,3665,0.307702023352338
3469,3871,0.94906499087609
3469,3908,0.155085078599011
3469,3999,0.650075162746819
3470,3478,0.295298280845358
3470,3481,-0.729392660265599
3470,3483,-0.0654720323461071
3470,3856,-1.18940314029135
3471,3476,0.0081328343170888
3471,3477,-0.930324675607471
3471,3478,-0.193077294272111
3471,3481,-1.21776823538307
3471,3885,-0.790673553685615
3472,3478,0.826056196795796
3472,3480,-0.301257766888072
3472,3481,-0.198634744315161
3473,3475,-0.897361649244374
3473,3481,-0.26171678712697
3473,3484,-0.880569107860992
3473,3485,-0.250658302391642
3473,3486,0.874093987629737
3473,3675,1.28276288119779
3473,3741,0.179564193630368
3473,3756,-0.0244335466195701
3473,3858,-0.0611706344700399
3474,3477,1.07679122924403
3474,3479,1.64100171900185
3474,3480,0.686724646895521
3474,3483,1.45326829738792
3474,3486,1.92515844422514
3474,3543,1.10806936975584
3474,3624,1.42883509212569
3474,3924,0.811339290376832
3475,3480,0.533021839544493
3475,3481,0.635644862117404
3475,3555,1.56260077025557
3475,3600,2.32999353363353
3475,3606,0.616558054299991
3475,3984,1.57372726945103
3476,3479,-0.374247020166743
3476,3480,-1.32852409227307
3476,3481,-1.22590106970016
3476,3483,-0.561980441780665
3476,3484,-1.84475339043418
3476,3486,-0.0900902949434506
3477,3479,0.564210489757817
3477,3482,0.431179627047633
3477,3483,0.376477068143895
3477,3485,-0.276385075040269
3477,3486,0.84836721498111
3477,3487,-0.0322489485632756
3477,3488,-0.700459252229125
3477,3775,-1.15657724106661
3478,3485,-1.01363245637563
3478,3516,-2.08212781033027
3478,3671,-1.11697110726015
3478,3841,-1.13904795880881
3478,3947,-0.541387582418574
3478,3967,-0.552989761595629
3479,3481,-0.851654049533414
3479,3483,-0.187733421613922
3479,3486,0.284156725223292
3479,3490,-0.633969010145544
3479,3491,0.287179327308466
3479,3492,-0.813337825134545
3479,3636,-1.0732977522096
3479,3874,-0.0234637612308998
3480,3481,0.102623022572911
3480,3482,0.821246209396141
3480,3483,0.766543650492403
3480,3485,0.113681507308239
3480,3490,0.320308061960782
3480,3492,0.14093924697178
3480,3592,0.608739667810326
3480,3606,0.0835362147554981
3481,3483,0.663920627919492
3481,3484,-0.618852320734023
3481,3485,0.0110584847353281
3481,3489,1.09211716142609
3482,3486,0.417187587933477
3482,3487,-0.463428575610908
3482,3491,0.420210190018651
3482,3735,-0.805084958761235
3482,3779,-0.0376787170035652
3482,3902,-0.619335484582205
3483,3484,-1.28277294865351
3483,3485,-0.652862143184164
3483,3488,-1.07693632037302
3483,3489,0.428196533506595
3483,3493,-0.835987157921807
3483,3494,-1.12809036809364
3483,3496,-0.226928907149987
3483,3554,-0.48288790565251
3484,3485,0.629910805469351
3484,3489,1.71096948216011
3484,3496,1.05584404150353
3484,3805,0.919600076909527
3485,3488,-0.424074177188856
3485,3492,0.0272577396635404
3485,3493,-0.183125014737644
3485,3494,-0.475228224909471
3485,3495,1.13729357489988
3485,3517,-0.654418727003248
3485,3582,1.26938725484306
3485,3612,-0.0929566945497149
3485,3694,0.684199128391102
3486,3487,-0.880616163544385
3486,3490,-0.918125735368836
3486,3499,0.175217556347826
3486,3559,-1.11876628225529
3487,3488,-0.668210303665849
3487,3491,0.883638765629559
3487,3496,0.181797109557184
3487,3498,-0.456058630976413
3487,3499,1.05583371989221
3487,3630,-0.402241021128461
3487,3638,-0.277930697518616
3488,3492,0.451331916852397
3488,3497,0.325870832489969
3488,3500,-0.0898773629017841
3488,3506,0.508641037956063
3488,3516,-0.64442117676578
3489,3496,-0.655125440656582
3489,3498,-1.29298118119018
3489,3499,0.218911169678446
3489,3500,-1.5950102167814
3489,3597,-0.931247070575192
3489,3659,-0.737645997017314
3490,3491,0.92114833745401
3490,3499,1.09334329171666
3490,3501,-0.6015887523924
3490,3655,-0.484318518100054
3490,3693,0.611078573867315
3490,3822,0.0609456884997531
3490,3838,-0.153760677541225
3491,3495,0.00951868279333
3491,3500,-1.64172643219719
3491,3501,-1.52273708984641
3491,3504,-1.93911627975586
3491,3736,-0.824038563631001
3492,3494,-0.502485964573012
3492,3498,-0.239180244162961
3492,3499,1.27271210670566
3492,3504,-0.838599127312852
3492,3610,0.114956634706777
3492,3866,1.03182327092387
3492,3925,1.71423509676954
3493,3495,1.32041858963753
3493,3499,1.48309486110685
3493,3500,-0.330826525352997
3493,3503,-0.111694829074825
3493,3504,-0.628216372911669
3493,3505,1.19577720886753
3493,3506,0.26769187550485
3493,3872,0.223747674278404
3493,3923,0.368412127845815
3494,3495,1.61252179980935
3494,3503,0.180408381097003
3494,3680,1.28698934590869
3494,3918,0.471543159443846
3494,3919,1.04075524387074
3494,3951,-0.694681635263006
3495,3497,-1.23549691959877
3495,3499,0.162676271469322
3495,3501,-1.53225577263974
3495,3797,0.907674736817082
3496,3499,0.874036610335027
3496,3500,-0.939884776124818
3496,3502,-0.437392973319987
3496,3503,-0.720753079846646
3496,3507,1.41798067865547
3496,3509,-0.101808333384704
3496,3945,-0.468678554246455
3497,3499,1.39817319106809
3497,3503,-0.196616499113582
3497,3505,1.11085553882877
3497,3506,0.182770205466094
3497,3508,0.0732529228501084
3497,3571,1.06234778773359
3498,3502,0.200462767213611
3498,3503,-0.0828973393130481
3498,3603,0.805899831845683
3498,3624,0.840351442421348
3498,3641,0.416457251226429
3498,3804,1.27311032766633
3499,3504,-2.11131123401852
3499,3506,-1.215402985602
3499,3510,-0.693286054259185
3499,3512,0.238914808258125
3499,3548,-0.182118835353938
3499,3550,-1.26725460167975
3500,3503,0.219131696278172
3500,3507,2.35786545478029
3500,3509,0.838076442740113
3501,3505,1.40761439186974
3501,3511,1.2818569275029
3501,3617,0.572974025273875
3501,3754,0.508544097867023
3501,3944,1.4138690527785
3501,3979,0.792030198572456
3502,3507,1.85537365197546
3502,3513,-0.0891991292839987
3502,3637,0.527263435631726
3502,3737,-0.152748155162899
3502,3865,1.3837671214509
3502,3943,1.85016699520228
3502,3973,0.786943198595785
3503,3504,-0.516521543836843
3503,3506,0.379386704579676
3503,3507,2.13873375850212
3503,3513,0.19416097724266
3503,3515,-0.672811818282908
3503,3772,0.513154835987812
3503,3792,0.451987652182072
3504,3512,2.35022604227664
3504,3514,0.686858252207482
3504,3517,0.156922660646064
3504,3600,2.49463157443011
3505,3508,-1.03760261597866
3505,3511,-0.125757464366839
3505,3518,-0.436260515579307
3505,3773,-0.435585951951241
3506,3509,0.239558041882266
3506,3513,-0.185225727337016
3506,3514,-0.209049996209037
3506,3656,0.717285782066112
3507,3508,-1.86886433653843
3507,3516,-2.91240926864429
3507,3706,-1.54140986965869
3507,3752,-0.991667597079969
3508,3513,-0.0757084447210302
3508,3516,-1.04354493210586
3508,3517,-0.62946830515447
3508,3518,0.601342100399355
3508,3526,0.253047108774283
3508,3662,0.340828644823004
3509,3658,-0.635259585895409
3509,3676,-0.240570788254178
3509,3966,-0.622038017590851
3509,3976,-0.654931753196395
3510,3517,-1.26110251911327
3510,3518,-0.0302921135594433
3510,3520,-1.28972196332317
3510,3521,-1.10933518787589
3510,3544,0.488604970608245
3511,3513,-0.987553596332853
3511,3524,-1.66259004502836
3511,3794,-1.07479338062996
3512,3519,-1.89210413458612
3512,3521,-2.0415360503932
3512,3523,-1.64470051709681
3512,3524,-2.31457996989265
3512,3561,0.26497002864507
3512,3606,-1.56902994718007
3512,3829,-0.0793398795874595
3512,3831,-0.500079600391784
3513,3515,-0.866972795525568
3513,3517,-0.55375986043344
3513,3518,0.677050545120385
3513,3519,-0.252560613388985
3513,3520,-0.582379304643342
3513,3521,-0.401992529196066
3513,3526,0.328755553495313
3513,3775,-0.779533299456532
3513,3827,0.608089779312224
3513,3963,1.70164854117482
3514,3516,-0.944012218512806
3514,3519,-0.228736344516963
3514,3521,-0.378168260324045
3514,3523,0.0186672729723476
3514,3526,0.352579822367334
3514,3527,1.49376841359919
3514,3642,0.637206159983492
3514,3712,0.873867406395602
3514,3945,0.0817378172295521
3515,3516,-0.100863691859259
3515,3524,0.19193634683006
3515,3525,0.876978617484863
3515,3528,1.32747091852756
3515,3649,1.32928312413202
3516,3520,0.385457182741485
3516,3524,0.29280003868932
3516,3525,0.977842309344122
3516,3526,1.29659204088014
3516,3529,1.7312833069259
3516,3759,1.22610179020846
3517,3518,1.23081040555382
3517,3520,-0.0286194442099029
3517,3527,2.02370400516061
3517,3530,-0.521822168170713
3517,3607,0.0463880268810828
3517,3801,1.42404707781013
3518,3520,-1.25942984976373
3518,3529,0.086396274420692
3518,3914,0.39052823291148
3518,3946,-1.41431250780492
3519,3520,-0.329818691254358
3519,3521,-0.149431915807081
3519,3522,0.766390300754133
3519,3529,1.01600743293006
3519,3781,1.47627323833853
3519,3825,1.24997313937881
3520,3524,-0.0926571440521653
3520,3525,0.592385126602637
3520,3529,1.34582612418442
3520,3530,-0.49320272396081
3520,3531,0.321233701650912
3520,3532,1.15223888159375
3520,3533,0.614353869804584
3520,3568,-0.14103228071589
3520,3671,0.579699520328633
3520,3747,0.0484081021035137
3520,3855,-0.217931897300791
3520,3971,0.45674291612213
3521,3527,1.87193667392324
3521,3531,0.140846926203635
3521,3581,2.16305963811576
3521,3588,0.923645841228302
3521,3870,0.36412364768719
3522,3523,-0.518986683264822
3522,3524,-1.18886613606066
3522,3528,-0.0533315643631521
3522,3535,0.694108844921065
3522,3624,0.215258117126588
3522,3853,-1.36679435253414
3523,3524,-0.669879452795834
3523,3525,0.0151628178589687
3523,3530,-1.07042503270448
3523,3531,-0.255988607092757
3523,3532,0.575016572850084
3523,3533,0.0371315610609153
3523,3534,0.0623508940435328
3523,3535,1.21309552818589
3523,3556,1.93698252203367
3523,3639,-0.321206843023912
3523,3843,-0.216836467404433
3524,3530,-0.400545579908645
3524,3531,0.413890845703077
3524,3534,0.732230346839367
3524,3557,0.671138713268514
3524,3982,0.983719544565022
3525,3528,0.450492301042701
3525,3529,0.753440997581782
3525,3533,0.0219687432019466
3525,3534,0.0471880761845642
3525,3537,0.184847342651375
3525,3566,0.713528935873616
3525,3992,0.596693660653329
3526,3528,0.131742569506683
3526,3529,0.434691266045764
3526,3530,-1.40433758209947
3526,3534,-0.271561655351454
3526,3536,-0.535249226057947
3526,3537,-0.133902388884644
3526,3636,-0.460798874337014
3526,3655,-0.505788650373016
3526,3830,0.0053218107911569
3527,3530,-2.54552617333133
3527,3531,-1.7310897477196
3527,3532,-0.900084567776762
3527,3533,-1.43796957956593
3527,3539,-0.558117751911201
3527,3575,-2.49242581336039
3527,3623,-1.71673532480232
3527,3974,-1.39015862140023
3527,3990,-2.65431741115185
3528,3530,-1.53608015160615
3528,3531,-0.721643725994427
3528,3532,0.109361453948415
3528,3535,0.747440409284217
3528,3537,-0.265644958391327
3528,3539,0.451328269813976
3528,3880,-0.567300253605051
3529,3530,-1.83902884814523
3529,3534,-0.706252921397218
3529,3537,-0.568593654930408
3529,3539,0.148379573274895
3529,3884,-0.31448534232723
3529,3969,-0.115278761491895
3530,3533,1.10755659376539
3530,3534,1.13277592674801
3530,3538,-0.174430317458847
3530,3540,1.40525347354706
3530,3542,1.22473980630031
3530,3549,1.50249452911546
3530,3591,2.53833226700645
3531,3532,0.831005179942841
3531,3533,0.293120168153672
3531,3535,1.46908413527864
3531,3536,0.0546519304297963
3531,3541,0.428792674825822
3531,3543,0.669467685114314
3531,3722,0.178069698798416
3531,3845,1.08927318337346
3532,3541,-0.402212505117019
3532,3543,-0.161537494828527
3532,3544,0.626088052337663
3532,3889,0.106742384802682
3533,3535,1.17596396712497
3533,3538,-1.28198691122424
3533,3539,0.87985182765473
3533,3739,0.0036238818907031
3533,3883,-0.0249507897017144
3534,3535,1.15074463414235
3534,3538,-1.30720624420686
3534,3542,0.0919638795522942
3534,3544,1.13875373114421
3534,3546,-0.784780242192466
3534,3630,-0.114639926225518
3535,3536,-1.41443220484885
3535,3537,-1.01308536767554
3535,3541,-1.04029146045282
3535,3542,-1.05878075459006
3535,3543,-0.799616450164329
3535,3545,-1.15184866453626
3535,3546,-1.93552487633482
3535,3636,-1.33998185312791
3535,3798,-1.14966619606284
3536,3540,0.536165117505542
3536,3548,1.42500355014771
3536,3582,1.5765397939755
3536,3727,0.75584809955936
3537,3539,0.716973228205303
3537,3542,-0.0456953869145162
3537,3546,-0.922439508659277
3537,3547,-0.185299886642555
3537,3819,-0.283545573471659
3537,3913,0.326479841675448
3537,3966,-0.392107412982239
3538,3541,1.41765941789639
3538,3545,1.30610221381296
3538,3546,0.522426002014392
3538,3551,1.5963175379049
3538,3718,1.57929864073
3538,3915,1.0647434057005
3538,3975,1.1595688299315
3539,3545,-0.855736525066015
3539,3546,-1.63941273686458
3539,3547,-0.902273114847858
3539,3548,0.306683484769103
3539,3549,-0.484913892304667
3539,3771,-0.38793690511154
3539,3851,-0.0861960962328905
3539,3937,-1.16396034261471
3540,3542,-0.180513667246755
3540,3543,0.0786506371789759
3540,3545,-0.273581577192951
3540,3549,0.0972410555683973
3540,3553,0.285939741891233
3540,3802,-1.30361863680173
3540,3922,-0.135764422670006
3540,3999,0.341957527062485
3541,3545,-0.111557204083435
3541,3546,-0.895233415881999
3541,3547,-0.158093793865277
3541,3549,0.259265428677914
3541,3553,0.447964115000749
3541,3578,-0.0297370347174638
3541,3753,0.209630567597423
3542,3543,0.259164304425731
3542,3544,1.04678985159192
3542,3546,-0.87674412174476
3542,3549,0.277754722815152
3542,3672,-0.189557366461742
3542,3881,-0.379809647441843
3543,3544,0.787625547166189
3543,3547,-0.398768804153769
3543,3548,0.810187795463192
3543,3549,0.0185904183894214
3543,3550,-0.274947970862619
3543,3553,0.207289104712257
3543,3555,0.608234207850767
3543,3673,0.692116769975711
3544,3545,-1.13985776153812
3544,3546,-1.92353397333668
3544,3552,-0.593411327416191
3544,3553,-0.580336442453933
3544,3554,-0.92531452518661
3544,3556,0.735877896845924
3545,3550,0.0772842435093072
3545,3551,0.290215324091939
3545,3552,0.546446434121926
3545,3555,0.960466422222694
3545,3556,1.87573565838404
3545,3826,0.213210807518687
3545,3856,-0.426499965941228
3545,3894,0.245199679015244
3546,3549,1.15449884455991
3546,3552,1.33012264592049
3546,3555,1.74414263402126
3546,3558,1.33862265686181
3546,3559,0.834231218384506
3546,3563,-0.118783032821663
3547,3549,0.417359222543191
3547,3550,0.12382083329115
3547,3551,0.336751913873782
3547,3552,0.592983023903768
3547,3553,0.606057908866026
3547,3556,1.92227224816588
3547,3713,-0.261437868023984
3547,3843,-0.231546741272221
3548,3552,-0.615973575713193
3548,3553,-0.602898690750935
3548,3554,-0.947876773483612
3548,3555,-0.201953587612424
3548,3556,0.713315648548922
3548,3557,-1.22240761301207
3548,3558,-0.607473564771872
3548,3559,-1.11186500324918
3548,3561,0.686003672257133
3548,3603,-0.523873683669005
3548,3750,-0.952039695163281
3549,3555,0.589643789461346
3549,3559,-0.320267626175407
3549,3560,0.645249515198002
3549,3561,1.4776010493309
3549,3597,-0.176442027825929
3549,3787,-0.332636405470638
3550,3551,0.212931080582632
3550,3554,0.137258992842199
3550,3556,1.79845141487473
3550,3563,-0.979743488129535
3550,3759,0.124891191564366
3550,3787,-0.0390980162185974
3550,3789,0.298662098475393
3550,3939,0.607093555437802
3550,3972,0.957201617514132
3551,3555,0.670251098130755
3551,3562,0.51513938742896
3551,3621,-0.203726583782774
3551,3757,-0.0915486656719885
3551,3984,0.68137759732621
3552,3555,0.414019988100768
3552,3556,1.32928922426211
3552,3901,0.608292157025983
3553,3554,-0.344978082732678
3553,3557,-0.619508922261134
3553,3559,-0.508966312498242
3553,3562,0.245833392436715
3553,3563,-1.46198056370441
3553,3697,1.89466744868
3553,3881,-0.84626305657983
3553,3998,0.761326659062555
3554,3562,0.590811475169393
3554,3787,-0.176357009060796
3554,3855,-1.0709443060456
3555,3560,0.0556057257366561
3555,3563,-1.86292566684292
3555,3568,-1.73996787533188
3555,3694,-0.23169829501174
3555,3719,0.122622341701034
3556,3559,-1.8251806517981
3556,3560,-0.85966351042469
3556,3561,-0.0273119762917892
3556,3566,-1.20829076830109
3556,3567,-2.61389568826231
3556,3686,-1.37242116261371
3557,3561,1.9084112852692
3557,3566,0.727432493259904
3557,3567,-0.67817242670132
3557,3570,1.57734873793426
3557,3620,-0.489091499213745
3557,3956,-0.0955020351650208
3557,3961,0.0028438643253337
3558,3562,0.250408266457653
3558,3564,-0.0635686908407642
3558,3570,0.962414689694066
3558,3622,-0.200914572874775
3559,3564,0.44082274763654
3559,3566,0.616889883497012
3559,3742,0.22581454194398
3560,3562,-0.210717436438451
3560,3567,-1.75423217783762
3560,3605,-0.636574129666724
3560,3701,-1.1498795700246
3560,3806,-0.522979876343711
3561,3562,-1.04306897057135
3561,3564,-1.35704592786977
3561,3569,-1.93969530032875
3561,3571,-0.839710240237693
3561,3610,-1.66164030890208
3561,3707,-3.0400188986538
3561,3822,-1.5362824401201
3561,3826,-1.63521287457356
3561,3908,-1.72787466198462
3562,3564,-0.313976957298417
3562,3566,-0.137909821437945
3562,3567,-1.54351474139917
3562,3573,0.294846624312897
3562,3574,0.493384257805788
3563,3565,0.747080792048706
3563,3717,1.30891141470991
3563,3790,2.35670229212755
3563,3801,1.71665659424696
3563,3871,1.81698817700493
3564,3565,-0.646756206794002
3564,3567,-1.22953778410075
3564,3573,0.608823581611314
3564,3577,0.021279650422261
3564,3729,-0.397812555093847
3565,3566,0.822823342654475
3565,3567,-0.58278157730675
3565,3568,-0.624123000537669
3565,3572,1.54965841472529
3565,3573,1.25557978840532
3565,3574,1.45411742189821
3565,3819,0.0105961759605744
3565,3882,2.2482426689419
3565,3951,-0.969962408781105
3566,3567,-1.40560491996122
3566,3569,-0.758716508319451
3566,3579,-0.88489696222371
3566,3850,0.0975041480476219
3567,3568,-0.0413414232309188
3567,3571,1.74687347173283
3567,3574,2.03689899920496
3567,3578,0.819980199244242
3567,3580,1.15996330931622
3567,3663,1.72733232067807
3567,3719,1.821248793802
3568,3570,2.2968625878665
3568,3573,1.87970278894299
3568,3581,2.48447869427893
3568,3738,1.41147775704756
3568,3813,0.707333795311064
3568,3819,0.634719176498243
3568,3902,0.912299669434737
3569,3571,1.09998506009106
3569,3574,1.39001058756318
3570,3573,-0.417159798923516
3570,3574,-0.218622165430625
3570,3724,-2.44672718933181
3570,3849,-0.920653007037764
3570,3963,0.128197538667554
3571,3572,0.385566520299208
3571,3576,-0.21687850887212
3571,3577,-0.496056037209815
3571,3580,-0.58691016241661
3571,3581,0.69626379931518
3571,3583,0.429701040488564
3571,3657,-1.33145431235689
3571,3714,-1.33788168354792
3571,3899,-1.90513587184444
3571,3903,-1.39036447117934
3572,3573,-0.29407862631997
3572,3575,-2.47285149853694
3572,3577,-0.881622557509024
3572,3579,-1.61173203429452
3572,3582,-0.0803237084908549
3572,3585,0.0002368616337304
3572,3852,-0.961669111417328
3573,3578,-1.01838116646783
3573,3580,-0.678398056395848
3573,3581,0.604775905335942
3573,3665,-0.827035370972841
3573,3748,-0.461371885248149
3573,3811,-0.317559970070227
3574,3582,0.0152172843362244
3574,3584,-0.673016575853211
3574,3585,0.0957778544608097
3574,3587,-1.31141089738927
3575,3576,1.87040646936561
3575,3583,2.51698601872629
3575,3585,2.47308836017067
3575,3587,1.06589960832059
3575,3699,1.97193264022159
3575,3779,1.79302652028736
3575,3789,1.45451787836787
3576,3580,-0.370031653544491
3576,3693,0.0704391943572709
3576,3880,-0.95472693133545
3576,3936,0.189233415377433
3577,3578,-0.430837235278772
3577,3582,0.801298849018169
3577,3584,0.113064988828733
3577,3586,-0.52842812847805
3577,3588,-0.0470939603624643
3577,3590,0.285304497331349
3577,3727,-0.0193928453979739
3577,3943,1.37061885209158
3578,3586,-0.097590893199278
3578,3587,-0.0944920974285551
3578,3589,0.317685826249434
3578,3591,1.32484020128637
3578,3730,1.5280309959655
3579,3582,1.53140832580367
3579,3585,1.61196889592825
3579,3591,1.6241124427931
3579,3592,0.757079231462694
3579,3729,0.311017271269391
3579,3852,0.650062922877194
3579,3865,1.6343284551257
3580,3582,0.892152974224964
3580,3583,1.01661120290517
3580,3585,0.972713544349549
3580,3586,-0.437574003271255
3580,3592,0.117823879883991
3580,3593,-1.108127817046
3580,3983,-0.625295295511758
3580,3984,0.549789641980202
3581,3585,-0.310460417382241
3581,3587,-1.71764916923232
3581,3589,-1.30547124555433
3581,3590,-0.907015339193647
3581,3592,-1.1653500818478
3581,3594,-1.33580065112872
3581,3721,-1.13974479955039
3582,3590,-0.51599435168682
3582,3621,-1.22746751335375
3582,3768,-1.16260487145108
3582,3846,-0.698188977357675
3582,3868,-0.864928271139556
3583,3586,-1.45418520617643
3583,3589,-1.03890848672772
3583,3590,-0.640452580367031
3583,3653,-2.12423023742231
3583,3798,-1.43623201386971
3584,3585,0.76879443031402
3584,3586,-0.641493117306783
3584,3596,0.0600096941319309
3584,3713,-0.933696851279303
3584,3884,-0.232850784009586
3585,3587,-1.40718875185008
3585,3592,-0.854889664465558
3585,3598,-0.552067370971944
3585,3684,-1.83113117272211
3585,3915,-1.63587563189996
3586,3593,-0.67055381377474
3586,3595,1.70388584301821
3586,3596,0.701502811438714
3586,3598,0.85822017664886
3586,3630,-0.0977651719983088
3586,3887,2.42056922712636
3587,3589,0.412177923677989
3587,3591,1.41933229871493
3587,3593,-0.673652609545463
3587,3595,1.70078704724749
3587,3598,0.855121380878136
3587,3599,1.12754370395668
3587,3851,0.782212356895709
3587,3932,-0.211750882409654
3588,3590,0.332398457693813
3588,3592,0.07406371503966
3588,3594,-0.0963868542412559
3588,3597,-0.27118283934686
3588,3598,0.376886008533274
3588,3601,0.490268731811145
3588,3841,-0.546409947895604
3589,3591,1.00715437503694
3589,3592,0.140121163706533
3589,3602,1.04862525651677
3589,3878,-0.525937781990184
3589,3972,0.634979865408035
3590,3591,0.608698468676252
3590,3592,-0.258334742654153
3590,3597,-0.603581297040673
3590,3598,0.0444875508394609
3590,3602,0.650169350156087
3590,3603,-0.159415575809978
3590,3829,0.70615187188363
3591,3595,0.281454748532561
3591,3597,-1.21227976571692
3591,3599,-0.291788594758252
3591,3601,-0.45082819455892
3591,3834,-0.951849799631223
3591,3846,-0.790893094347108
3591,3860,-1.7623867139742
3592,3596,0.146104928283469
3592,3598,0.302822293493614
3592,3600,1.18823202627871
3592,3601,0.416205016771485
3592,3602,0.90850409281024
3593,3596,1.37205662521345
3593,3599,1.80119631350214
3593,3977,0.957408396372938
3594,3596,0.316555497564385
3594,3602,1.07895466209116
3594,3603,0.269369736125091
3594,3623,-0.672057637866129
3594,3631,0.487259234303413
3594,3852,0.0634342606954162
3595,3598,-0.845665666369352
3595,3599,-0.573243343290813
3595,3601,-0.732282943091481
3595,3607,-2.25157682048722
3595,3644,-1.44479979868385
3595,3652,-0.938648432614307
3596,3598,0.156717365210145
3596,3602,0.762399164526772
3596,3604,-0.919747047998677
3596,3609,-0.659846645143751
3597,3600,1.53347858066523
3597,3605,0.185117413357207
3597,3606,-0.179956898668309
3597,3607,-0.757842306237733
3597,3783,-0.725814657060449
3597,3904,-0.470946543776695
3598,3606,-0.828025746548442
3598,3608,0.390085357726681
3598,3609,-0.816564010353896
3598,3711,0.0131244152264448
3598,3900,-1.08825392554098
3599,3601,-0.159039599800668
3599,3606,-1.10044806962698
3599,3607,-1.6783334771964
3599,3608,0.117663034648142
3599,3755,-1.21115570158922
3599,3991,-0.69617342229047
3600,3605,-1.34836116730802
3600,3606,-1.71343547933354
3600,3610,-1.54107581241048
3601,3607,-1.51929387739574
3601,3736,-0.607526848798021
3602,3604,-1.68214621252545
3602,3607,-2.01159295343449
3602,3676,-1.32000813891703
3602,3721,-0.882898810512827
3602,3906,-1.92154202995861
3603,3606,-0.624122619899004
3603,3607,-1.20200802746843
3603,3611,-2.35280849112535
3603,3614,1.64316727005786
3603,3765,0.022747297008533
3604,3606,0.248438666660381
3604,3610,0.420798333583439
3604,3615,0.162683375902954
3604,3617,0.456595786747139
3604,3807,0.453649642309102
3605,3609,-0.35361257583097
3605,3615,-0.450829602782942
3605,3884,0.0133735911712637
3605,3964,-0.375991926786417
3606,3607,-0.577885407569424
3606,3608,1.21811110427512
3606,3610,0.172359666923059
3606,3612,-0.0628114019969735
3606,3613,0.486696534073561
3606,3616,-0.113981640497721
3606,3618,1.97284848366929
3607,3608,1.79599651184455
3607,3609,0.58934714376397
3607,3615,0.492130116811998
3607,3617,0.786042527656183
3607,3619,1.86831166696418
3607,3620,0.0143825989116175
3607,3692,1.71061763722979
3607,3697,3.01765046906649
3608,3612,-1.2809225062721
3608,3614,1.04917878568174
3608,3616,-1.33209274477284
3608,3618,0.75473737939417
3608,3692,-0.0853788746147524
3608,3720,-1.55424665634104
3608,3907,-0.266332109697168
3609,3611,-1.74014760742089
3609,3612,-0.0742731381915195
3609,3613,0.475234797879015
3609,3614,2.25582815376232
3609,3617,0.196695383892213
3609,3619,1.27896452320021
3609,3620,-0.574964544852352
3609,3621,0.0606032978475084
3610,3612,-0.235171068920032
3610,3614,2.0949302230338
3610,3615,-0.258114957680485
3610,3616,-0.28634130742078
3610,3622,0.167248498998302
3610,3623,-0.489664421015276
3610,3788,0.775295159923964
3610,3810,0.803443126370061
3610,3955,0.581569076910374
3611,3618,3.70153435489563
3611,3620,1.16518306256854
3611,3623,1.41138111713412
3611,3703,2.33983264867691
3611,3787,1.75244839224994
3612,3618,2.03565988566627
3612,3625,0.982573295822778
3612,3725,-0.370633064598242
3613,3617,-0.278539413986803
3613,3622,-0.147088368152201
3613,3727,-0.0078556810939029
3613,3871,0.413408692044035
3614,3616,-2.38127153045458
3614,3617,-2.0591327698701
3614,3622,-1.9276817240355
3614,3623,-2.58459464404908
3615,3616,-0.0282263497402951
3615,3617,0.293912410844185
3615,3620,-0.47774751790038
3615,3623,-0.231549463334791
3615,3789,0.447277926475016
3615,3958,-0.180622581307662
3616,3621,0.186046674539776
3616,3622,0.453589806419082
3616,3624,0.77255587097239
3616,3625,1.03374353432353
3616,3628,1.24529434034076
3616,3727,0.59282249347738
3616,3825,1.04088059247048
3616,3928,1.01916497589279
3617,3620,-0.771659928744565
3617,3622,0.131451045834602
3617,3623,-0.525461874178976
3617,3625,0.711604773739046
3617,3628,0.923155579756279
3617,3630,-0.336116722185485
3617,3814,-0.490593167089222
3618,3623,-2.29015323776151
3618,3627,-3.19860914990111
3618,3630,-2.10080808576802
3618,3657,-2.31001306043873
3618,3918,-1.94638825658218
3618,3980,-2.04393530504578
3619,3622,-0.950818093473397
3619,3624,-0.631852028920089
3619,3629,-1.27073572148777
3619,3641,-1.05574622011501
3620,3622,0.903110974579167
3620,3624,1.22207703913248
3620,3625,1.48326470248361
3620,3626,1.92907085220077
3620,3630,0.43554320655908
3620,3993,0.738584449977147
3621,3622,0.267543131879306
3621,3624,0.586509196432614
3621,3629,-0.0523744961350706
3621,3845,0.685548972321906
3621,3898,0.772169975957857
3622,3624,0.318966064553308
3622,3626,1.0259598776216
3622,3628,0.791704533921677
3622,3777,0.742853199282826
3622,3984,0.617561049229679
3623,3626,1.68287279763518
3623,3628,1.44861745393525
3623,3634,1.39907744154231
3623,3703,0.928451531542789
3624,3628,0.472738469368369
3624,3629,-0.638883692567685
3624,3635,-1.40306682471968
3624,3636,-0.861131125333437
3624,3637,-0.112625239576011
3624,3640,-1.13322899897572
3625,3626,0.44580614971716
3625,3627,-2.14552256005763
3625,3632,-1.6332520875904
3625,3635,-1.66425448807082
3625,3637,-0.373812902927148
3625,3705,-0.736838255970654
3625,3815,-0.764843007436609
3626,3628,-0.234255343699927
3626,3630,-1.49352764564169
3626,3634,-0.283795356092867
3626,3638,-1.36921732203185
3626,3639,-1.76244545648362
3626,3674,-1.45388441162655
3626,3725,-1.79901251013818
3627,3630,1.09780106413309
3627,3631,2.06777278430915
3627,3636,1.02320377137305
3627,3639,0.828883253291167
3627,3788,2.17341549307884
3628,3631,-0.289300581765713
3628,3635,-1.87580529408805
3628,3636,-1.33386959470181
3628,3637,-0.58536370894438
3628,3638,-1.13496197833192
3628,3713,-1.45371086391597
3629,3630,-0.14765014000571
3629,3635,-0.764183132151995
3629,3637,0.526258452991673
3629,3639,-0.416567950847637
3629,3640,-0.494345306408034
3629,3846,0.581653032131142
3630,3631,0.969971720176051
3630,3634,1.20973228954882
3630,3639,-0.268917810841927
3630,3641,0.362639641378476
3630,3998,1.43438387397835
3631,3638,-0.845661396566206
3632,3637,1.25943918466325
3632,3638,0.709840915275716
3632,3678,1.75589726334226
3632,3811,1.48170785326106
3632,3816,0.110352419100731
3633,3635,-1.27306903029192
3633,3636,-0.731133330905679
3633,3639,-0.925453848987564
3633,3645,-0.292378900818622
3633,3646,0.0723129227156877
3633,3689,1.34825991739433
3633,3738,0.088976161624347
3633,3855,-1.39940121200811
3634,3640,-1.55642745595115
3634,3641,-0.847092648170347
3634,3643,-0.965044002617051
3634,3644,-0.852881073216155
3634,3941,-0.600922125403933
3635,3637,1.29044158514367
3635,3643,0.861221279078057
3635,3646,1.34538195300761
3635,3648,0.962029537892487
3636,3642,0.745425211953172
3636,3645,0.438754430087056
3637,3639,-0.942826403839311
3637,3651,0.817798945747136
3637,3673,0.483976287181871
3637,3680,0.295957422653306
3637,3794,-0.703702349212836
3638,3640,-0.471005490012169
3638,3644,0.232540892722824
3638,3651,1.36739721513467
3638,3661,1.45321379328798
3638,3814,-0.278786768513582
3638,3861,0.376376825083745
3639,3641,0.631557452220403
3639,3643,0.5136060977737
3639,3645,0.633074948168942
3639,3646,0.997766771703251
3639,3647,0.620326188568899
3639,3651,1.76062534958645
3639,3652,1.13192039324414
3640,3796,1.26324075251413
3640,3890,0.30582843813421
3641,3650,-0.327740854779922
3641,3654,0.250991784485168
3641,3657,-0.571844616049191
3642,3646,0.0580210416681946
3642,3655,-0.790414987989173
3642,3739,-0.577783444059526
3642,3763,-1.41291077638412
3642,3901,0.597446567786395
3643,3648,0.100808258814429
3643,3650,-0.209789500333218
3643,3739,-0.151643811798169
3644,3646,0.371997744528655
3644,3650,-0.321952429734114
3644,3656,0.603106321152118
3644,3657,-0.566056191003384
3644,3883,-0.292381412791483
3644,3910,1.27194478964849
3644,3951,-1.36865618185368
3645,3646,0.36469182353431
3645,3648,-0.0186605915808125
3645,3655,-0.483744206123058
3645,3658,-0.517186925921483
3645,3773,0.371013999503096
3646,3651,0.762858577883195
3646,3653,-1.3011288201089
3646,3656,0.231108576623462
3646,3793,0.349374475831093
3646,3884,-0.222441455565819
3647,3648,-0.0059118319807695
3647,3652,0.511594204675242
3647,3656,0.608549159757815
3647,3658,-0.50443816632144
3647,3659,0.150109196597941
3647,3752,0.658942834534178
3647,3877,-0.294989519108532
3648,3650,-0.310597759147647
3648,3660,-0.124678274350362
3648,3661,1.23202757115162
3649,3654,0.0938750691755325
3649,3655,-0.639343425484156
3649,3656,0.440201180796675
3649,3659,-0.0182387823632001
3649,3660,-0.298938085292273
3649,3662,-0.0457732390624187
3649,3919,0.203875556924626
3650,3651,1.45680875214596
3650,3652,0.828103795803659
3650,3657,-0.244103761269269
3650,3658,-0.187928575193023
3650,3714,-0.250531132460303
3650,3715,-0.178740452484535
3651,3653,-2.06398739799209
3651,3658,-1.64473732733899
3651,3661,0.0858165781533071
3651,3663,-0.388999352113099
3651,3664,-1.35939238093227
3651,3704,-2.11909533127739
3651,3791,-1.43523704355301
3651,3888,-1.75437344064483
3652,3653,-1.43528244164979
3652,3660,-0.642184311006374
3652,3661,0.714521534495613
3652,3662,-0.38901946477652
3652,3864,-1.21629230677537
3653,3654,1.18591128511122
3653,3658,0.419250070653104
3653,3660,0.793098130643412
3653,3661,2.1498039761454
3653,3662,1.04626297687327
3653,3665,0.958981719940143
3653,3666,0.915105623989789
3653,3760,1.53703582498906
3654,3658,-0.766661214458113
3654,3663,0.489076760767775
3654,3665,-0.226929565171074
3654,3667,-1.21370476229471
3654,3999,0.115443574223407
3655,3656,1.07954460628083
3655,3657,-0.0896179058746712
3655,3658,-0.0334427197984247
3655,3660,0.340405340191883
3655,3661,1.69711118569387
3655,3662,0.593570186421737
3655,3664,0.251902226608288
3655,3665,0.506288929488614
3655,3893,0.112031428945628
3656,3663,0.142750649146633
3656,3666,-0.617131772742569
3656,3667,-1.56003087391585
3656,3668,-1.21644861111484
3656,3932,-1.07084445212541
3656,3940,-1.17983596392911
3657,3667,-0.39086836176035
3657,3669,1.07449168259068
3658,3664,0.285344946406713
3658,3666,0.495855553336686
3658,3667,-0.447043547836597
3658,3671,0.207796032361417
3658,3703,0.892136168143767
3658,3768,0.417917066637915
3658,3777,1.36345075589738
3659,3660,-0.280699302929072
3659,3661,1.07600654257291
3659,3664,-0.369202416512668
3659,3666,-0.158691809582695
3659,3671,-0.446751330557963
3659,3843,-0.66606500954736
3660,3661,1.35670584550199
3660,3662,0.253164846229854
3660,3667,-0.820891607826905
3660,3671,-0.166052027628891
3660,3673,0.937066608783414
3661,3663,-0.474815930266406
3661,3667,-2.17759745332889
3661,3670,-2.31673046699267
3661,3671,-1.52275787313088
3662,3663,0.628725069005726
3662,3664,-0.341667959813449
3662,3666,-0.131157352883476
3662,3667,-1.07405645405676
3662,3670,-1.21318946772053
3662,3671,-0.419216873858745
3663,3667,-1.70278152306248
3663,3668,-1.35919926026147
3663,3671,-1.04794194286447
3663,3674,-1.06306495261627
3663,3676,-0.861049177584658
3663,3886,-1.55410212317659
3664,3667,-0.732388494243309
3664,3668,-0.388806231442294
3664,3672,-0.115268718496174
3664,3674,-0.0926719237970991
3664,3753,0.30240850970023
3665,3667,-0.986775197123636
3665,3668,-0.64319293432262
3665,3671,-0.331935616925622
3665,3673,0.771183019486683
3665,3674,-0.347058626677425
3665,3675,1.30482421754833
3665,3676,-0.145042851645809
3665,3678,0.783664810983822
3666,3668,-0.599316838372267
3666,3670,-1.08203211483706
3666,3671,-0.288059520975268
3666,3679,-0.587918792378548
3666,3789,0.146656473074099
3667,3668,0.343582262801016
3667,3671,0.654839580198014
3667,3677,1.91513742117517
3667,3679,0.354980308794735
3668,3669,1.12177778155002
3668,3673,1.4143759538093
3668,3675,1.94801715187095
3668,3679,0.0113980459937187
3668,3718,0.64322339637871
3668,3822,0.682168211433812
3668,3907,1.33622967030673
3669,3672,-0.848240268603898
3669,3673,0.292598172259286
3669,3677,0.449777376824135
3669,3683,-0.507374152585442
3669,3905,-0.0299343187759871
3670,3675,2.43073242833574
3670,3676,0.980865359141602
3670,3677,2.05427043483894
3670,3678,1.90957302177123
3670,3681,1.74968561729751
3670,3682,1.26891879380183
3670,3709,1.69513018188212
3670,3925,2.63880408117939
3670,3960,1.21235874930422
3671,3680,0.915099771883741
3671,3683,0.303146311567576
3671,3684,-0.377844696869951
3672,3673,1.14083844086318
3672,3676,0.224612569730692
3672,3677,1.29801764542803
3672,3816,-0.49222461188121
3672,3879,0.038365861397321
3672,3952,1.18205591893439
3673,3675,0.533641198061644
3673,3677,0.157179204564848
3673,3978,-0.609730110990384
3674,3675,1.65188284422575
3674,3680,0.930222781635545
3674,3682,0.490069209691841
3674,3684,-0.362721687118147
3674,3686,0.577207157586798
3674,3687,1.06680543413151
3675,3677,-0.376461993496796
3675,3678,-0.521159406564505
3675,3680,-0.721660062590208
3675,3681,-0.681046811038232
3675,3683,-1.33361352290637
3675,3795,-1.00671403378774
3675,3877,-1.63510721962246
3676,3677,1.07340507569734
3676,3678,0.92870766262963
3676,3687,0.864789659099891
3676,3688,0.404522661939865
3676,3791,-0.185188513855256
3677,3680,-0.345198069093412
3677,3682,-0.785351641037116
3677,3683,-0.957151529409577
3677,3684,-1.6381425378471
3677,3686,-0.698213693142159
3677,3688,-0.668882413757475
3677,3768,-1.05017680670066
3677,3912,-1.0809635517663
3678,3683,-0.812454116341867
3678,3684,-1.49344512477939
3678,3687,-0.0639180035297391
3678,3688,-0.524185000689766
3678,3690,-1.06608619760342
3678,3878,-1.18326256221956
3679,3681,1.255572294839
3679,3684,-0.0779854254666715
3679,3685,-0.842916641016078
3679,3686,0.861943419238274
3679,3691,1.33390144219699
3679,3860,0.0029025801460936
3679,3968,-1.94967375921154
3680,3681,0.0406132515519766
3680,3684,-1.29294446875369
3680,3686,-0.353015624048746
3680,3688,-0.323684344664063
3680,3724,-1.78569617439358
3680,3762,0.128843939126845
3680,3858,-0.62227345307762
3680,3892,-0.092463398206653
3681,3689,0.994316688337297
3681,3691,0.0783291473579962
3681,3785,-0.926403600977487
3681,3834,-0.442132800349929
3681,3923,-0.667087259443027
3681,3982,-0.644350143251494
3682,3685,-1.61772211235939
3682,3686,0.0871379478949574
3682,3691,0.559095970853676
3682,3694,0.312591579335584
3682,3731,-0.683217699635805
3683,3684,-0.680991008437527
3683,3685,-1.44592222398693
3683,3686,0.258937836267418
3683,3688,0.288269115652101
3683,3690,-0.253632081261548
3683,3696,-1.12028083504407
3684,3691,1.41188686766366
3684,3693,1.29888847627433
3684,3695,1.43051180711746
3684,3879,0.378490753816393
3685,3689,3.09280562419237
3685,3695,2.19544302266687
3685,3696,0.325641388942865
3685,3797,3.29108287502084
3686,3689,1.38794556393802
3686,3690,-0.512569917528967
3686,3703,0.122255987947355
3687,3690,-1.00216819407368
3687,3691,-0.0176402535859908
3687,3693,-0.130638644975328
3687,3695,0.0009846858678061
3687,3696,-1.8688169478562
3687,3697,1.46127599544914
3687,3699,-0.099551668476618
3687,3700,-1.08314986027758
3687,3714,-1.3220810140084
3687,3799,-0.947192709708533
3687,3975,-1.13944615619649
3688,3692,0.61451016077247
3688,3697,1.92154299260917
3688,3752,0.364169541274523
3688,4000,-0.278956147001645
3689,3691,-0.915987540979301
3689,3693,-1.02898593236864
3689,3694,-1.16249193249739
3689,3695,-0.897362601525504
3689,3699,-0.997898955869928
3689,3914,-0.879771149426439
3689,3961,-1.94840379855996
3690,3691,0.984527940487686
3690,3905,0.731071915071004
3691,3692,0.171883417198434
3691,3696,-1.85117669427021
3691,3698,0.809670434921668
3691,3699,-0.0819114148906272
3691,3701,-1.1090799407943
3691,3703,-0.349702035011364
3692,3695,-0.153258477744637
3692,3696,-2.02306011146864
3692,3697,1.3070328318367
3692,3698,0.637787017723234
3692,3701,-1.28096335799273
3692,3705,-0.94980859180522
3693,3700,-0.952511215302256
3693,3701,-0.996081549404963
3693,3703,-0.236703643622027
3693,3704,-1.6031978157042
3693,3706,-0.515201083488901
3693,3910,0.652985982809829
3694,3699,0.164592976627465
3694,3700,-0.8190052151735
3694,3767,-0.417421647361113
3694,3840,0.984033056146858
3694,3985,-0.345102786218937
3695,3697,1.46029130958134
3695,3700,-1.08413454614539
3695,3701,-1.1277048802481
3695,3702,-1.21044951724137
3695,3703,-0.368326974465161
3695,3705,-0.796550114060583
3696,3703,1.50147465925884
3696,3898,1.73456289180818
3697,3699,-1.56082766392576
3697,3708,-1.91136165385026
3697,3729,-2.36062356863555
3697,3836,-3.61045321197899
3697,3837,-1.45512618589095
3697,3964,-2.45068267625797
3698,3699,-0.891581849812295
3698,3705,-1.58759560952845
3698,3709,-0.942555017695047
3698,3710,-1.00275850485121
3698,3711,-0.929369085608718
3698,3994,-1.60865222403689
3699,3703,-0.267790620120737
3699,3818,-0.731000075203312
3699,3991,-0.474662750234798
3700,3703,0.715807571680229
3700,3728,-0.0924246242521492
3700,3813,0.0180694301644209
3701,3709,0.976195358020921
3701,3710,0.915991870864757
3701,3717,0.540259592154931
3701,3771,0.601607042019728
3701,3906,-0.339603355761182
3701,3953,0.857906902068398
3702,3704,-0.524371629305966
3702,3707,-0.975043157503023
3702,3708,0.759379172972442
3702,3710,0.998736507858026
3702,3712,1.01050532883215
3702,3713,-0.0914223987473036
3702,3714,-0.112616182634841
3703,3704,-1.36649417208217
3703,3705,-0.428223139595422
3703,3706,-0.278497439866874
3703,3713,-0.933544941523509
3703,3714,-0.954738725411046
3703,3715,-0.882948045435278
3703,3814,-0.893582824453035
3703,3880,-0.788462482070694
3703,3944,0.437905370140814
3704,3707,-0.450671528197057
3704,3709,1.58331162432016
3704,3710,1.52310813716399
3704,3716,0.487578291307593
3704,3864,0.274098068159717
3705,3709,0.645040591833407
3705,3710,0.584837104677242
3705,3723,0.0515167983999066
3706,3711,0.508500824191189
3706,3726,0.039694831247632
3706,3925,1.43898879140212
3707,3708,1.73442233047546
3707,3711,2.04716908460354
3707,3713,0.883620758755719
3707,3718,1.46479164347859
3707,3719,2.27468398048527
3707,3720,0.869883370762738
3707,3849,1.78830334428109
3707,3852,1.62420606729798
3708,3711,0.312746754128079
3708,3715,-0.800204675631514
3708,3716,-0.796172510970815
3708,3718,-0.269630686996873
3708,3719,0.54026165000981
3708,3720,-0.864538959712726
3709,3710,-0.0602034871561645
3709,3711,0.0131859320863295
3709,3715,-1.09976549767326
3709,3896,-0.275707968723426
3710,3713,-1.09015890660533
3710,3714,-1.11135269049287
3710,3717,-0.375732278709825
3710,3719,0.300904315124225
3710,3721,-0.216952007180152
3710,3722,-0.921350220743474
3710,3723,-0.533320306277336
3710,3827,-0.230184537237236
3711,3719,0.227514895881731
3711,3723,-0.60670972551983
3712,3713,-1.10192772757945
3712,3719,0.289135494150105
3712,3721,-0.228720828154272
3712,3723,-0.545089127251456
3712,3724,-1.72331932434812
3712,3801,0.0202440798531138
3712,3935,-1.40382178101585
3712,3998,0.526894708373115
3713,3714,-0.0211937838875373
3713,3716,0.0546290607489304
3713,3718,0.581170884722872
3713,3721,0.873206899425178
3713,3723,0.556838600327994
3713,3724,-0.621391596768675
3713,3819,0.16319218119488
3714,3715,0.0717906799757679
3714,3720,0.007456395894556
3714,3724,-0.600197812881137
3714,3888,-0.0470335560385586
3715,3719,1.34046632564132
3715,3723,0.506241704239763
3715,3727,0.750642120964365
3716,3717,0.659797567146574
3716,3726,0.640113272155336
3716,3841,0.172498893443571
3716,3967,0.758557090656748
3717,3725,-0.825472930417783
3717,3726,-0.0196842949912377
3717,3930,0.100239364439366
3718,3721,0.292036014702306
3718,3723,-0.024332284394878
3718,3724,-1.20256248149155
3718,3731,-0.54023757867748
3718,3770,-0.712101713023615
3719,3725,-1.50210952425183
3719,3727,-0.58982420467696
3719,3729,-0.989523564795093
3719,3731,-1.35012991568416
3719,3732,-2.73800989476255
3720,3721,0.886944287418159
3720,3722,0.182546073854836
3720,3725,-0.0973089145292969
3720,3730,1.93156301113028
3720,3731,0.0546706940383733
3721,3723,-0.316368299097184
3721,3726,-0.178464566520911
3721,3727,-0.0719678823725826
3721,3731,-0.832273593379786
3721,3733,-0.543926004321738
3721,3734,0.211966495695323
3721,3870,-0.659191190878185
3722,3724,-0.79020028263053
3722,3726,0.525933647042412
3722,3730,1.74901693727545
3722,3731,-0.127875379816463
3722,3732,-1.51575535889485
3723,3724,-1.17823019709667
3723,3725,-0.667884902850272
3723,3729,-0.155298943393532
3723,3733,-0.227557705224553
3723,3946,-1.04221597295666
3724,3728,0.746704342359806
3724,3731,0.662324902814067
3724,3734,1.70656499188918
3724,3736,1.2776713818699
3724,3737,0.809727160945644
3724,3780,1.1538151647643
3725,3736,0.767326087623507
3726,3731,-0.653809026858875
3726,3732,-2.04168900593726
3726,3733,-0.365461437800826
3726,3736,-0.0384625478030376
3726,3739,-0.407259295796452
3726,3800,-0.495035869539106
3726,3840,1.32603330825937
3726,3990,-1.62723100927307
3727,3735,-0.546215817100251
3727,3736,-0.144959231951366
3727,3838,-0.3958296833156
3727,3872,-0.408072900886156
3728,3729,0.276226911343331
3728,3735,0.129710454361214
3728,3737,0.0630228185858381
3728,3741,0.657453207056557
3728,3829,1.68677548607442
3729,3732,-1.74848632996746
3729,3735,-0.146516456982117
3729,3736,0.254740128166767
3729,3740,0.472744676202561
3729,3741,0.381226295713226
3729,3742,0.182804349401287
3729,3743,1.21671593813548
3730,3731,-1.87689231709191
3730,3736,-1.26154583803607
3730,3740,-1.04354129000028
3730,3742,-1.33348161680155
3730,3755,-1.7061350910266
3731,3733,0.288347589058048
3731,3735,0.214089893906953
3731,3742,0.543410700290356
3731,3743,1.57732228902455
3731,3982,0.519634379879992
3732,3735,1.60196987298534
3732,3741,2.12971262568069
3732,3742,1.93129067936874
3732,3775,0.819297963632334
3732,3817,2.16913957835584
3733,3739,-0.0417978579956261
3733,3740,0.545003438033582
3733,3744,0.297655449639847
3733,3746,-0.380624320074094
3733,3879,-0.0794300324158388
3733,3971,-0.203032693568783
3734,3738,-0.145222633376307
3734,3740,-0.210889061983478
3734,3741,-0.302407442472813
3734,3746,-1.13651682009116
3735,3741,0.527742752695343
3735,3746,-0.306366624922999
3735,3757,0.251617916273432
3735,3765,0.714244881028129
3736,3737,-0.46794422092426
3736,3741,0.126486167546459
3737,3740,0.685948768960053
3737,3741,0.594430388470719
3737,3745,-0.125766803428514
3737,3746,-0.239678989147623
3737,3748,0.758468344214505
3737,3749,-1.35640775869221
3738,3744,-0.313014417000907
3738,3748,0.0068531466472796
3738,3751,0.499923044183779
3738,3764,-1.41790086711538
3738,3801,0.18222104568837
3738,3856,-1.0584762698796
3739,3740,0.586801296029208
3739,3741,0.495282915539874
3739,3745,-0.224914276359359
3739,3748,0.65932087128366
3739,3750,0.230871735369849
3740,3743,0.743971261932918
3740,3750,-0.355929560659359
3740,3751,0.565589472790951
3740,3818,-0.403948846696088
3741,3742,-0.19842194631194
3741,3745,-0.720197191899233
3741,3746,-0.834109377618342
3741,3752,0.422023821587672
3741,3754,-0.316640595894844
3741,3882,1.61807272152852
3742,3743,1.03391158873419
3742,3744,0.0425923384075389
3742,3745,-0.521775245587293
3742,3753,0.0448182231509364
3742,3754,-0.118218649582904
3742,3760,0.574850521379953
3742,3816,-0.865083616926678
3742,3943,1.6069067082064
3742,3988,1.34062385459152
3743,3744,-0.991319250326653
3743,3746,-1.66959902004059
3743,3749,-2.78632778958518
3743,3752,-0.413465820834581
3743,3755,-1.40656506295924
3743,3926,-0.405341829252341
3744,3749,-1.79500853925853
3744,3751,0.812937461184686
3744,3757,-0.12029522851751
3745,3751,1.37730504517952
3745,3754,0.403556596004389
3745,3782,0.514564925854381
3745,3889,0.865917791060508
3745,3911,1.75907622761618
3745,3978,0.680024570414626
3746,3749,-1.11672876954459
3747,3749,-0.885985582031282
3747,3751,1.72196041841193
3747,3753,0.911248841970644
3747,3757,0.788727728709736
3747,3758,1.44411948498178
3747,3852,1.02267192102622
3748,3751,0.493069897536499
3748,3753,-0.317641678904789
3748,3758,0.215228964106349
3748,3760,0.212390619324227
3748,3831,0.44454460246975
3749,3750,1.6864269669929
3749,3755,1.37976272662594
3749,3760,2.32726672223094
3749,3815,1.64538924497737
3749,3916,2.61354526885075
3749,3943,3.35932290905739
3750,3751,0.92151903345031
3750,3756,0.0604134399200864
3750,3760,0.640839755238037
3750,3763,-1.06599906769444
3750,3783,-0.741814366796867
3750,3895,-0.683711246755739
3751,3755,-1.22818327381728
3751,3756,-0.861105593530223
3751,3757,-0.933232689702196
3751,3758,-0.27784093343015
3751,3760,-0.280679278212272
3751,3761,-1.30517506730332
3751,3764,-1.91782391129916
3751,3767,-0.820552868272306
3751,3784,-1.97144158575804
3752,3754,-0.738664417482516
3752,3756,-0.62602156183761
3752,3757,-0.698148658009583
3752,3762,0.0883587425163849
3752,3765,-0.235521693254887
3752,3901,0.257923274718375
3752,3956,-1.0523049547715
3753,3761,-0.494463490862032
3753,3766,0.505766671169475
3753,3772,-0.0582837806856628
3754,3757,0.0405157594729331
3754,3759,0.0440245361266561
3754,3766,0.668803543903315
3754,3825,0.783171759292848
3754,3827,0.39384901261525
3754,3926,0.746788409064756
3755,3761,-0.0769917934860435
3755,3763,-0.759334827327477
3755,3859,1.17548508336008
3755,3882,2.18914814206551
3756,3763,-1.12641250761453
3756,3765,0.390499868582724
3756,3769,0.176742595112557
3757,3758,0.655391756272046
3757,3769,0.248869691284529
3757,3933,-0.484527297442235
3758,3759,-0.651882979618323
3758,3761,-1.02733413387317
3758,3762,0.131115644253922
3758,3763,-1.7096771677146
3758,3768,-0.702707032480166
3758,3771,-0.386258794737522
3758,3952,0.231508047726843
3759,3761,-0.375451154254847
3759,3763,-1.05779418809628
3759,3772,0.0607285559215217
3759,3862,1.40305658369592
3759,3917,1.66720143492611
3760,3762,0.133953989036044
3760,3763,-1.70683882293248
3760,3766,-0.0242656270595416
3760,3767,-0.539873590060033
3760,3768,-0.699868687698044
3760,3769,-0.403683720205395
3760,3876,-0.761817585999299
3761,3765,0.83456934235582
3761,3766,1.00023016203151
3761,3767,0.484622199031015
3761,3768,0.324627101393004
3761,3771,0.641075339135649
3761,3832,0.744966639089697
3762,3764,-1.77109862212293
3762,3765,-0.323880435771272
3762,3767,-0.673827579096077
3763,3765,1.51691237619725
3763,3768,1.00697013523444
3763,3774,0.894484833892128
3764,3767,1.09727104302686
3764,3770,0.347019277070447
3764,3771,1.25372418313149
3764,3774,0.824790644046536
3764,3775,-0.0496986040294728
3765,3770,-1.10019890928122
3765,3773,-0.0396583821761525
3765,3774,-0.622427542305127
3765,3777,0.43559144829665
3766,3771,-0.359154822895858
3767,3769,0.136189869854639
3767,3770,-0.750251765956411
3767,3772,-0.0484424888546459
3767,3777,0.785538591621455
3767,3778,-0.604659500345124
3767,3780,-0.0868973696600374
3768,3775,-0.98697454941832
3768,3780,0.0730977279779729
3768,3781,1.01627137498776
3768,3888,-0.527553179943753
3769,3773,0.174098891294014
3769,3774,-0.40867026883496
3769,3775,-1.28315951691097
3769,3780,-0.223087239514676
3769,3819,-0.592318626315426
3769,3890,-0.60193897380421
3770,3771,0.906704906061044
3770,3774,0.47777136697609
3770,3776,-0.187610086253077
3770,3778,0.145592265611287
3770,3782,0.708064514903579
3770,3888,0.062703488374647
3771,3773,0.153835621044019
3771,3779,0.246655363949713
3771,3784,-1.30734185759037
3772,3774,-0.224037910125675
3772,3779,0.451550992908993
3772,3783,-0.794338043120226
3772,3784,-1.10244622863109
3772,3785,-0.292364220601632
3772,3819,-0.407686267606142
3772,3843,-0.540987322049259
3773,3779,0.0928197429056934
3773,3780,-0.397186130808691
3773,3783,-1.15306929312352
3774,3780,0.185583029320284
3774,3782,0.23029314792749
3774,3785,-0.0683263104759564
3774,3786,-0.2207762137255
3774,3954,0.39685827635281
3775,3776,0.209107794846843
3775,3781,2.00324592440608
3775,3783,0.304189115081459
3775,3785,0.806162937600053
3776,3781,1.79413812955924
3776,3785,0.59705514275321
3776,3789,1.00246171434435
3776,3923,0.856371484287669
3776,3990,-0.613947761814988
3777,3782,-0.827725842674287
3777,3783,-1.62831912359633
3777,3862,0.508346947298301
3777,3968,-3.40518775415078
3778,3782,0.562472249292293
3778,3785,0.263852790888847
3778,3788,1.25539155360942
3778,3790,1.74755606800261
3778,3898,1.1519717367623
3779,3785,-0.743915213510624
3779,3786,-0.896365116760167
3779,3787,-0.676268756613478
3779,3789,-0.338508641919488
3779,3790,0.739788063603137
3779,3791,-0.771520384544297
3780,3786,-0.406359243045783
3780,3787,-0.186262882899094
3780,3789,0.151497231794896
3780,3900,-0.470253582915229
3781,3783,-1.69905680932462
3781,3785,-1.19708298680603
3781,3787,-1.12943652990888
3781,3790,0.286620290307734
3781,3791,-1.2246881578397
3781,3793,-0.202935216338789
3781,3797,0.921914553337225
3782,3783,-0.80059328092204
3782,3784,-1.10870146643291
3782,3787,-0.2309730015063
3782,3789,0.10678711318769
3782,3790,1.18508381871032
3782,3792,-0.0674224216075549
3782,3795,0.302116919824529
3783,3784,-0.308108185510865
3783,3785,0.501973822518594
3783,3786,0.349523919269051
3783,3793,1.49612159298583
3783,3796,1.33444374240522
3783,3844,0.927862821069346
3784,3785,0.81008200802946
3784,3786,0.657632104779916
3784,3787,0.877728464926606
3784,3790,2.29378528514322
3784,3793,1.8042297784967
3784,3795,1.41081838625743
3785,3787,0.0676464568971462
3785,3788,0.991538762720569
3785,3793,0.994147770467238
3785,3794,-0.113869422440632
3785,3796,0.832469919886627
3785,3797,2.11899754014325
3785,3798,0.0316426980798481
3785,3878,-0.0969715567683429
3785,3978,0.46407910296369
3786,3788,1.14398866597011
3786,3790,1.6361531803633
3786,3795,0.753186281477518
3786,3796,0.98491982313617
3786,3797,2.2714474433928
3786,3799,0.227630195462484
3787,3789,0.33776011469399
3787,3791,-0.0952516279308197
3787,3793,0.926501313570092
3787,3795,0.533089921330829
3787,3800,-0.146454221731376
3787,3966,-0.291530343412237
3787,3998,1.28266175085603
3788,3797,1.12745877742268
3788,3798,-0.959896064640721
3789,3796,0.427063348295491
3790,3794,-1.59757269955439
3790,3795,-0.882966898885786
3790,3800,-1.56251104194799
3790,3801,-0.640045697880588
3790,3859,-0.375041889842372
3791,3797,2.14660271117693
3791,3800,-0.0512025938005563
3791,3801,0.871262750266847
3791,3802,-0.972971658968668
3791,3842,0.129714367023039
3791,3910,1.57232551078965
3792,3793,0.762950733671347
3792,3794,-0.345066459236524
3792,3797,1.88780050334736
3792,3801,0.612460542437283
3792,3804,0.904020014797306
3792,3824,0.317013776717744
3793,3794,-1.10801719290787
3793,3796,-0.161677850580611
3794,3798,0.145512120520481
3794,3800,0.0350616576064027
3794,3802,-0.886707407561709
3794,3803,1.49348179128951
3795,3800,-0.679544143062205
3795,3803,0.778875990620901
3796,3799,-0.757289627673686
3796,3802,-1.83304674988897
3796,3803,0.547142448962249
3796,3807,-0.583375008364359
3796,3808,1.01156502349966
3797,3798,-2.0873548420634
3797,3800,-2.19780530497748
3797,3804,-0.983780488550055
3797,3809,-1.67160399393211
3797,3810,-1.09931081097659
3798,3799,0.0435375941330928
3798,3802,-1.03221952808219
3798,3803,1.34796967076903
3798,3807,0.21745221344242
3799,3802,-1.07575712221528
3799,3806,0.447372209009135
3799,3807,0.173914619309327
3799,3809,0.3722132539982
3799,3870,-0.139678811865338
3799,3962,-0.41562744666326
3799,3995,-0.525648262369218
3800,3802,-0.921769065168112
3800,3805,0.442526264700694
3800,3806,0.601360266056306
3800,3811,0.890909360204235
3800,3813,0.0361003366425407
3800,3981,0.992104903266077
3801,3805,-0.47993907936671
3801,3812,0.970160631785845
3801,3897,0.407332483024621
3802,3805,1.36429532986881
3802,3807,1.24967174152461
3802,3812,2.81439504102136
3803,3804,-0.244395317255679
3803,3805,-1.01589386898241
3803,3809,-0.932218822637735
3803,3813,-1.42231979704057
3803,3966,-1.60349625536397
3804,3807,-0.886122140070929
3804,3808,0.708817891793092
3804,3811,-0.323115456223192
3804,3815,-0.936414229330455
3804,3853,-2.0148113549057
3805,3809,0.0836750463446772
3805,3811,0.448383095503541
3805,3812,1.45009971115256
3805,3814,-0.602270610995381
3805,3817,0.179960177256988
3805,3818,-0.17189724162492
3805,3980,-0.390921385369402
3806,3807,-0.273457589699807
3806,3813,-0.565259929413765
3806,3815,-0.323749678959334
3806,3816,-1.0818063400124
3806,3817,0.0211261759013764
3806,3878,-0.619524057990419
3806,3984,0.47850064980251
3807,3808,1.59494003186402
3807,3809,0.198298634688873
3807,3811,0.563006683847736
3807,3812,1.56472329949675
3807,3814,-0.487647022651185
3807,3820,-1.57797061992632
3807,3968,-2.52793736459532
3808,3810,-0.824348214219622
3808,3812,-0.0302167323672696
3808,3817,-1.30035626626284
3808,3833,-2.01967151814633
3809,3810,0.572293182955525
3809,3811,0.364708049158864
3809,3813,-0.49010097440283
3809,3814,-0.685945657340058
3809,3816,-1.00664738500146
3809,3817,0.096285130912311
3809,3819,-0.562715593215651
3809,3821,0.212984672593216
3809,3918,-0.377049383250479
3809,3988,1.19906008651674
3810,3811,-0.207585133796661
3810,3820,-2.34856243757072
3810,3920,-0.193198724199149
3810,3953,-0.266127019557085
3811,3812,1.00171661564901
3811,3824,-0.26389078185637
3811,3835,-0.836345187746473
3811,3954,-0.346917008541239
3812,3814,-2.05237032214794
3812,3817,-1.27013953389557
3812,3818,-1.62199695277748
3812,3822,-1.47221673944044
3812,3823,-1.49612186639884
3812,3825,-0.843035323172718
3812,3872,-1.69916632305197
3813,3817,0.586386105315141
3813,3819,-0.0726146188128209
3813,3821,0.703085646996046
3813,3822,0.384308899770273
3814,3815,0.437354933391659
3814,3821,0.898930329933274
3815,3819,-0.314124869267252
3815,3824,0.349407991250893
3815,3826,0.0438682148623815
3815,3827,0.382657318905961
3815,3828,-0.581465424499411
3816,3817,1.10293251591377
3816,3820,-0.769621869613732
3816,3821,1.21963205759468
3816,3828,0.176591236553651
3817,3819,-0.659000724127962
3817,3822,-0.202077205544869
3817,3824,0.0045321363901825
3817,3828,-0.926341279360121
3817,3829,0.989895326342705
3818,3824,0.356389555272091
3818,3825,0.778961629604758
3818,3827,0.38963888292716
3818,3828,-0.574483860478213
3818,3831,0.92101302442029
3818,3958,-0.414315194433086
3818,3981,0.721475880190303
3819,3824,0.663532860518145
3819,3830,0.422769773147459
3819,3831,1.22815632966634
3819,3832,0.71647319651947
3819,3847,0.991916940561292
3820,3824,1.87708652191769
3820,3826,1.57154674552918
3821,3828,-1.04304082104103
3821,3829,0.8731957846618
3821,3830,-0.352930492661408
3821,3833,-0.836014793564398
3822,3825,0.629181416267718
3822,3826,-0.0989304344534598
3822,3828,-0.724264073815252
3822,3870,-0.406099991230981
3823,3828,-0.700358946856848
3823,3831,0.795137938041654
3823,3834,0.166574456007378
3823,3850,0.476712923116833
3824,3837,0.48031199796603
3824,3945,-0.516926903299625
3825,3828,-1.35344549008297
3825,3829,0.562791115619856
3825,3831,0.142051394815532
3825,3832,-0.369631738331342
3826,3827,0.33878910404358
3826,3828,-0.625333639361793
3826,3836,-1.3694752517335
3826,3837,0.785851774354541
3827,3829,0.952113862297454
3827,3838,-0.454565035631098
3828,3831,1.4954968848985
3828,3837,1.41118541371633
3828,3838,0.509557707774274
3828,3839,0.541716214118373
3828,3840,2.12492401520092
3828,3841,0.33127632822978
3828,3926,1.31706213985488
3828,3930,0.918814366372149
3829,3832,-0.932422853951198
3829,3833,-1.7092105782262
3829,3835,-1.55781759584263
3829,3837,-0.505051191986493
3829,3854,-0.453472910418458
3829,3933,-1.78997441288201
3830,3831,0.805386556518884
3830,3837,0.721075085336715
3830,3840,1.4348136868213
3830,3843,-0.556070827590577
3830,3896,0.288692470695729
3830,3988,1.33900590658493
3831,3833,-1.28847085742187
3831,3837,-0.0843114711821685
3831,3838,-0.985939177124228
3831,3839,-0.95378067078013
3831,3912,-0.962809415909208
3832,3834,-0.116880348887402
3832,3835,-0.625394741891427
3832,3837,0.427371661964705
3832,3840,1.14111026344929
3833,3834,0.659907375387598
3833,3837,1.20415938623971
3833,3838,0.302531680297646
3833,3840,1.91789798772429
3833,3842,0.277745770749407
3833,3845,0.977134516997547
3834,3836,-1.61107501523593
3834,3839,-0.325217188745854
3834,3840,1.25799061233669
3834,3843,-0.732893902075185
3834,3844,-0.0583818020768051
3834,3846,0.160956705284115
3835,3836,-1.1025606222319
3835,3838,0.151138697914073
3835,3841,-0.0271426816304209
3835,3846,0.66947109828814
3835,3847,0.90083848593325
3835,3848,1.90048394549785
3836,3837,2.15532702608804
3836,3838,1.25369932014598
3836,3844,1.55269321315912
3836,3845,1.92830215684588
3836,3847,2.00339910816515
3836,3917,3.02564131421459
3837,3841,-1.07990908548655
3837,3847,-0.151927917922883
3837,3849,-0.402354454153681
3837,3918,-0.958178648519003
3837,3923,-0.769206469945206
3838,3843,-0.375518206985233
3838,3846,0.518332400374067
3838,3847,0.749699788019177
3838,3850,0.667514162199407
3838,3851,0.672105552901956
3839,3843,-0.407676713329331
3839,3844,0.266835386669049
3839,3845,0.642444330355803
3839,3848,1.71718674123968
3839,3850,0.635355655855308
3839,3852,0.303017468461171
3839,3914,0.881895528006641
3840,3844,-1.3163724144135
3840,3846,-1.09703390705258
3840,3850,-0.947852145227236
3840,3852,-1.28019033262137
3841,3846,0.696613779918561
3841,3851,0.85038693244645
3841,3854,1.13148736705459
3841,3943,1.96412276034965
3841,3961,0.0237027647617082
3842,3846,0.543118309922306
3842,3854,0.977991897058334
3842,3856,-0.499148932324157
3843,3845,1.05012104368513
3843,3975,0.13154994717261
3843,3991,0.696781684657686
3844,3845,0.375608943686754
3844,3846,0.21933850736092
3844,3847,0.450705895006029
3844,3849,0.200279358775232
3844,3851,0.373111659888808
3844,3857,-0.320982546505964
3844,3959,0.427989676574398
3844,3989,-0.967140816998344
3845,3934,-0.0862633116784418
3846,3847,0.231367387645109
3846,3855,-1.47216834599933
3846,3858,-0.381710609563782
3846,3864,-1.08259289651001
3847,3857,-0.771688441511994
3847,3858,-0.613077997208892
3847,3859,0.232066493714607
3847,3924,-0.791632528957423
3848,3854,-0.796139260073687
3848,3858,-1.6127234567735
3848,3859,-0.767578965849998
3848,3861,-1.45962887065298
3848,3963,-0.201221450090085
3849,3851,0.172832301113576
3849,3856,-1.02320809366078
3849,3859,0.482493029945405
3849,3860,-0.952434471041401
3849,3861,-0.209556874857574
3849,3862,1.00852389105005
3850,3852,-0.332338187394137
3850,3857,-0.689502815692224
3850,3858,-0.530892371389122
3850,3859,0.314252119534377
3850,3860,-1.12067538145243
3850,3862,0.840282980639022
3851,3861,-0.382389175971151
3851,3907,0.196662272011941
3851,3949,-0.511269573870728
3852,3856,-0.859110816677666
3852,3862,1.17262116803316
3853,3857,0.984500755357296
3853,3860,0.553328189597091
3853,3864,0.442228912714172
3853,3866,2.0127045423262
3854,3855,-1.90704193313535
3854,3859,0.0285602942236896
3854,3861,-0.663489610579289
3854,3862,0.554591155328334
3854,3864,-1.51746648364603
3854,3865,0.366235519543679
3855,3861,1.24355232255606
3855,3864,0.389575449489318
3855,3865,2.27327745267903
3856,3857,0.501946188379579
3856,3859,1.50570112360618
3856,3860,0.0707736226193747
3856,3867,0.503488200604567
3857,3858,0.158610444303102
3857,3862,1.52978579633125
3857,3870,-0.169404971697185
3858,3859,0.845144490923499
3858,3862,1.37117535202814
3858,3864,-0.700882286946225
3858,3865,1.18281971624349
3858,3868,0.214971315781901
3858,3871,0.680472265643253
3858,3957,1.02198595958241
3859,3864,-1.54602677786972
3859,3866,0.0244488517423053
3859,3870,-1.17315990692379
3859,3872,-0.99400949930434
3860,3869,0.191836065298015
3860,3871,1.27025527570656
3860,3873,0.461495752533212
3861,3867,-0.310163018198635
3861,3873,-0.281381843650615
3862,3867,-1.52824378410626
3862,3868,-1.15620403624624
3862,3869,-1.76912229679343
3862,3875,-0.660772529582944
3862,3922,-1.46741486424665
3863,3864,-0.293649614508619
3863,3867,0.250164240359492
3863,3868,0.622203988219508
3863,3870,0.0792172564373192
3863,3872,0.258367664056765
3863,3873,0.278945414907512
3863,3874,1.03487680808319
3864,3867,0.543813854868111
3864,3868,0.915853602728127
3864,3870,0.372866870945938
3864,3873,0.572595029416131
3864,3932,0.242402809732533
3865,3868,-0.967848400461587
3865,3962,-1.7867837670417
3866,3871,-0.189121077022552
3866,3873,-0.997880600195899
3866,3876,-1.01424752549668
3866,3927,-0.712995695621572
3867,3869,-0.240878512687177
3867,3871,0.837540697721368
3867,3878,-0.203420021038118
3867,3879,-0.135111829781564
3867,3880,-0.239880233016351
3868,3870,-0.542986731782188
3868,3871,0.465500949861352
3868,3873,-0.343258573311996
3868,3876,-0.35962549861278
3868,3877,-0.506145019736532
3868,3880,-0.611919980876367
3868,3881,-0.735769720019001
3869,3870,0.0699315287650039
3869,3872,0.24908193638445
3869,3873,0.269659687235196
3869,3875,1.10834976721049
3869,3882,2.25675449439422
3870,3874,0.955659551645871
3870,3875,1.03841823844549
3871,3872,-0.829337274024094
3871,3877,-0.971645969597883
3871,3879,-0.972652527502932
3871,3881,-1.20127066988035
3871,3884,-0.521657322920817
3872,3875,0.859267830826041
3872,3877,-0.142308695573789
3872,3879,-0.143315253478837
3872,3880,-0.248083656713624
3873,3876,-0.0163669253007839
3873,3879,-0.163893004329584
3873,3881,-0.392511146707005
3873,3885,0.354835786570618
3873,3886,-0.670699241588143
3873,3923,0.124086702716664
3874,3875,0.0827586867996157
3874,3877,-0.918817839600214
3874,3880,-1.02459280074005
3874,3884,-0.468829192923148
3874,3886,-1.42663063476382
3875,3879,-1.00258308430488
3875,3880,-1.10735148753967
3875,3882,1.14840472718373
3875,3885,-0.483854293404676
3875,3906,-1.41787026701309
3876,3878,-0.215834270285354
3876,3880,-0.252294482263587
3876,3881,-0.376144221406221
3876,3885,0.371202711871402
3877,3880,-0.105774961139835
3877,3883,0.0080509449227468
3877,3888,-0.319084760518746
3877,3889,0.677629131216313
3877,3890,-0.0972855868865534
3877,3938,0.495096983998855
3877,3960,0.41673354059094
3878,3880,-0.0364602119782325
3878,3884,0.519303395838669
3878,3886,-0.438498046002005
3878,3938,0.564411733160458
3879,3880,-0.104768403234787
3879,3881,-0.228618142377421
3879,3887,2.46292209841127
3879,3915,-0.183235212994236
3880,3885,0.623497194134989
3880,3891,1.39809330554108
3880,3912,0.283456635499201
3881,3888,-0.0894600602362762
3881,3891,1.52194304468371
3882,3886,-2.65779404874716
3882,3887,0.31193428692267
3882,3893,-2.21395575205241
3882,3894,-1.84766453735514
3882,3895,-2.56619514845428
3882,3991,-1.67416586276676
3883,3885,0.509671288072407
3883,3887,2.45386459558348
3883,3890,-0.1053365318093
3883,3892,0.812932813902851
3883,3893,-0.0720254433916013
3883,3896,0.615746059522672
3883,3931,1.17287981978166
3883,3962,-0.320841291766325
3884,3886,-0.957801441840674
3884,3890,-0.54727423356362
3884,3892,0.370995112148531
3885,3888,-0.8368069935139
3885,3891,0.774596111406087
3885,3892,0.303261525830444
3886,3890,0.410527208277054
3886,3893,0.443838296694753
3886,3895,0.0915989002928821
3886,3896,1.13160979960903
3886,3918,0.60581376573101
3887,3888,-2.78100030102497
3887,3890,-2.55920112739278
3887,3893,-2.52589003897508
3887,3894,-2.15959882427781
3888,3901,1.53094038887983
3888,3907,1.34240449857699
3888,3954,0.811926154954252
3889,3890,-0.774914718102866
3889,3892,0.143354627609285
3889,3893,-0.741603629685167
3889,3895,-1.09384302608704
3889,3897,0.601017738648222
3889,3898,0.238146622263886
3889,3902,-0.487713877677588
3889,3951,-1.74585295535576
3889,3990,-1.86097522817777
3890,3893,0.033311088417699
3890,3894,0.399602303114974
3890,3897,1.37593245675109
3890,3898,1.01306134036675
3890,3901,1.30914121524764
3890,3903,-0.227248405225055
3891,3893,-1.3562928428701
3891,3894,-0.99000162817282
3891,3897,-0.0136714745367057
3891,3898,-0.376542590921042
3891,3900,-1.48100577991349
3892,3898,0.0947919946546013
3892,3904,-1.0404326604537
3892,3943,1.1194095351239
3892,3988,0.853126681509024
3893,3901,1.27583012682994
3893,3902,0.253889752007579
3893,3917,1.99046840568182
3894,3897,0.976330153636114
3894,3904,-0.52176561785652
3895,3898,1.33198964835092
3895,3899,-0.423091497905984
3895,3905,1.19514742539627
3896,3897,0.654849865419116
3896,3900,-0.812484439957668
3896,3902,-0.433881750906694
3896,3906,-1.04009074505868
3896,3907,0.399522733612823
3896,3909,1.57980323853898
3897,3899,-2.11795226264124
3897,3900,-1.46733430537678
3897,3907,-0.255327131806293
3897,3909,0.924953373119868
3898,3900,-1.10446318899245
3898,3907,0.107543984578043
3898,3927,-0.468004402481336
3899,3900,0.65061795726446
3899,3901,2.05116102113779
3899,3902,1.02922064631543
3899,3905,1.61823892330225
3899,3911,2.41009296054869
3900,3901,1.40054306387333
3900,3909,2.39228767849665
3900,3912,0.366369109871615
3901,3902,-1.02194037482236
3901,3985,-0.771073250155892
3902,3903,-0.514449245650333
3902,3914,0.878690693956361
3902,3915,-0.374157024438009
3903,3906,-0.0917597485016503
3903,3915,0.140292221212325
3904,3906,-0.19684483898516
3904,3908,0.397114958948904
3904,3910,1.79182604899081
3904,3911,1.79023646940008
3904,3914,1.28805484912318
3904,3954,0.712290296063606
3905,3906,-1.1952272711388
3905,3913,-0.256573354776204
3905,3917,1.14756037668742
3906,3908,0.593959797934064
3906,3914,1.48489968810834
3906,3919,1.08350679560756
3907,3908,-0.845653680737438
3908,3910,1.39471109004191
3908,3915,-0.361907828220089
3908,3917,1.74882784989216
3908,3920,0.676478755253454
3908,3966,-0.373893136229154
3909,3918,-2.105599272417
3909,3922,-2.00866605124828
3909,3994,-1.97019247615741
3910,3911,-0.0015895795907322
3910,3917,0.354116759850248
3911,3919,-0.903574512777684
3911,3922,-1.37585337603586
3912,3917,1.7488122328536
3912,3920,0.676463138214892
3912,3998,1.20028334100055
3913,3919,0.144852879244961
3913,3922,-0.327425984013216
3913,3925,1.32081869671677
3914,3917,0.857887959717878
3915,3916,1.37885742464214
3915,3918,0.282242741466687
3915,3919,0.851454825893583
3915,3920,1.03838658347354
3915,3922,0.379175962635406
3915,3923,0.471214920040484
3915,3924,0.296860943105384
3915,3925,2.02742064336539
3915,3927,0.632013121898147
3915,3928,1.16096584977464
3916,3918,-1.09661468317546
3916,3921,-0.51436708146347
3916,3925,0.64856321872325
3916,3926,-0.232559308517908
3917,3923,-1.63952075807176
3917,3929,-2.19167889431911
3917,3930,-1.36268533547074
3918,3924,0.0146182016386969
3918,3925,1.74517790189871
3918,3926,0.864055374657548
3918,3931,1.082929794137
3919,3920,0.186931757579959
3919,3923,-0.380239905853099
3919,3924,-0.5545938827882
3919,3926,0.294843290230651
3919,3927,-0.219441703995436
3919,3930,-0.103404483252079
3919,3931,0.513717709710107
3919,3969,-0.0180178274818966
3920,3927,-0.406373461575395
3920,3928,0.122579266301096
3920,3929,-1.11932979968041
3920,3930,-0.290336240832038
3920,3951,-1.92236863671371
3921,3923,-0.393275423138189
3921,3926,0.281807772945562
3921,3929,-0.945433559385537
3921,3964,-0.619625443560003
3922,3926,0.767122153488829
3922,3928,0.781789887139233
3922,3934,0.547957246429684
3923,3925,1.55620572332491
3923,3930,0.276835422601021
3923,3931,0.893957615563207
3923,3947,0.286957760848884
3923,3994,-0.0535653823142022
3924,3925,1.73055970026001
3924,3928,0.864104906669255
3924,3930,0.451189399536121
3924,3931,1.06831159249831
3924,3932,-0.279924945465162
3924,3933,-0.341362774015207
3924,3934,0.630272265959706
3925,3931,-0.662248107761702
3925,3932,-2.01048464572517
3926,3928,0.0146677336504041
3926,3929,-1.2272413323311
3926,3933,-1.19079994703406
3926,3937,-1.21316312556047
3927,3933,-0.676514952807971
3927,3934,0.295120087166943
3927,3936,0.590414034574185
3927,3937,-0.698878131334379
3927,3954,0.0450700434366437
3928,3929,-1.2419090659815
3928,3931,0.204206685829052
3928,3934,-0.233832640709549
3928,3939,-0.235229242715069
3928,3940,-1.25302136393812
3929,3936,1.3033703726792
3929,3937,0.0140782067706334
3929,3939,1.00667982326643
3929,3942,0.809509106784076
3930,3931,0.617122192962186
3930,3933,-0.792552173551328
3930,3935,-1.11656004577127
3930,3937,-0.814915352077736
3930,3938,-0.0687115877433649
3930,3943,1.37658472220728
3931,3933,-1.40967436651351
3931,3941,-0.628539459177954
3931,3943,0.759462529245092
3931,3944,-0.0603378736327329
3932,3937,-0.0838010070764537
3932,3941,0.719697078785514
3933,3938,0.723840585807963
3933,3939,0.970238437969393
3933,3940,-0.0475536832536578
3934,3936,0.295293947407243
3934,3937,-0.993998218501321
3934,3945,-0.683950720345055
3935,3942,1.09707559370698
3935,3944,1.67334436510073
3935,3945,0.611692191849804
3935,3946,-0.183483319192258
3935,3947,1.12668238401914
3935,3948,1.57919585957794
3936,3939,-0.296690549412762
3936,3941,-0.485794080046596
3936,3947,-0.464254475582964
3936,3948,-0.0117410000241596
3936,3995,-1.46099654812258
3937,3938,0.746203764334371
3937,3939,0.992601616495802
3937,3947,0.8250376903256
3937,3988,1.92521722067014
3938,3940,-0.771394269061621
3938,3942,0.0492271356790717
3938,3944,0.625495907072818
3938,3946,-1.23133177722017
3938,3947,0.0788339259912286
3938,3967,0.0672317468141736
3939,3940,-1.01779212122305
3939,3941,-0.189103530633834
3939,3946,-1.4777296293816
3939,3951,-1.80971866029973
3940,3941,0.828688590589217
3940,3942,0.820621404740692
3940,3944,1.39689017613444
3940,3951,-0.791926539076684
3940,3952,1.41898078469478
3941,3942,-0.0080671858485249
3941,3943,1.38800198842305
3941,3945,-0.493450587705701
3941,3947,0.0215396044636319
3941,3950,0.933405443788829
3941,3953,0.228825211689869
3941,3959,0.329144177205439
3942,3945,-0.485383401857176
3942,3949,-0.228936227502354
3942,3950,0.941472629637354
3942,3954,-0.0514827252424204
3942,3955,0.281145367635793
3943,3944,-0.819800402877825
3943,3947,-1.36646238395941
3943,3952,-0.797709794317482
3943,3955,-1.11492380663578
3943,3956,-2.03876589507829
3944,3947,-0.546661981081589
3944,3948,-0.0941485055227847
3944,3952,0.0220906085603435
3944,3953,-0.339376373855352
3944,3955,-0.295123403757954
3945,3949,0.256447174354822
3945,3950,1.42685603149453
3945,3951,-1.1271645419602
3945,3952,1.08374278181127
3945,3957,1.25421894571629
3945,3958,-0.253777846405552
3946,3950,2.22203154253659
3946,3952,1.87891829285333
3946,3955,1.56170428053503
3946,3959,1.6177702759532
3947,3950,0.911865839325197
3947,3951,-1.64215473412953
3947,3953,0.207285607226238
3947,3955,0.251538577323636
3947,3956,-0.672303511118879
3947,3959,0.307604572741807
3948,3952,0.116239114083128
3948,3953,-0.245227868332567
3948,3954,-0.533602991113382
3948,3955,-0.200974898235169
3949,3950,1.17040885713971
3949,3956,-0.413760493304368
3949,3961,-0.315414593814013
3950,3951,-2.55402057345473
3950,3957,-0.172637085778245
3950,3961,-1.48582345095372
3950,3962,-1.79858709615886
3951,3952,2.21090732377147
3951,3957,2.38138348767649
3951,3960,1.48495736473039
3951,3961,1.06819712250101
3951,3963,2.77089953477749
3952,3957,0.170476163905019
3952,3964,-1.08206037091263
3953,3954,-0.288375122780815
3953,3955,0.0442529700973981
3953,3964,-0.720593388496936
3953,3965,-0.0994379302334212
3954,3958,-0.687678523020308
3954,3967,0.0694873363775223
3955,3956,-0.923842088442514
3955,3962,-1.1382598341573
3955,3963,0.877206223324323
3956,3957,1.41153226466583
3956,3958,-0.0964645274560065
3956,3959,0.979908083860686
3956,3965,0.780151188111695
3957,3958,-1.50799679212184
3957,3960,-0.896426122946096
3957,3965,-0.631381076554136
3957,3967,-0.750830932724007
3957,3969,-0.663964436024634
3958,3964,0.255460257304187
3959,3961,-0.881562184370331
3959,3962,-1.19432582957547
3959,3966,-1.07776256164024
3959,3967,-0.319206751918862
3959,3971,-1.00614470178988
3959,3990,-2.06488157969335
3960,3963,1.2859421700471
3960,3964,-0.356110411871555
3960,3966,-0.61296061949929
3961,3967,0.562355432451469
3961,3971,-0.124582517419552
3961,3974,0.0808393944286037
3962,3966,0.116563267935228
3962,3967,0.875119077656607
3962,3970,1.39123970320238
3962,3974,0.393603039633742
3962,3975,0.223374000175301
3963,3969,-1.05348048312564
3963,3970,-0.624226354279244
3963,3975,-1.79209205730632
3964,3972,1.03097976951723
3965,3966,-0.87800566589125
3965,3968,-2.93296423244921
3965,3969,-0.0325833594704979
3965,3970,0.396670769375898
3965,3974,-0.600965894192737
3966,3976,-0.0328937356055439
3966,3978,0.687962989478781
3967,3968,-2.81351437627934
3967,3969,0.0868664966993734
3967,3972,0.529274167423588
3967,3975,-0.651745077481306
3967,3978,-0.0705928202425981
3968,3976,2.02206483095241
3968,3978,2.74292155603674
3968,3981,3.1921395915049
3969,3972,0.442407670724214
3969,3976,-0.878316042026296
3969,3977,-0.320994331534335
3970,3971,-1.20305857541679
3970,3974,-0.997636663568635
3970,3978,-0.586713445788367
3970,3979,-0.579695319493171
3970,3981,-0.137495410320211
3970,3982,-0.768739091026065
3970,3983,-1.22482433521943
3970,3993,-0.831826971559171
3971,3974,0.205421911848156
3971,3975,0.0351928723897154
3971,3979,0.623363255923619
3971,3981,1.06556316509658
3971,3991,0.600424609874791
3972,3975,-1.18101924490489
3972,3976,-1.32072371275051
3972,3980,-1.09114897613281
3972,3982,-0.781892632903883
3972,3985,-0.650820520031423
3973,3974,-0.79635680455284
3973,3975,-0.96658584401128
3973,3976,-1.1062903118569
3973,3977,-0.548968601364936
3974,3983,-0.227187671650797
3974,3986,1.10708876559365
3975,3978,0.581152257238708
3975,3981,1.03037029270686
3975,3983,-0.0569586321923565
3975,3988,1.7635267870029
3976,3981,1.17007476055248
3976,3984,1.25783077314522
3976,3985,0.669903192719087
3976,3987,1.06558184333129
3977,3978,0.163535014592363
3977,3979,0.170553140887559
3977,3982,-0.0184906306453339
3977,3989,-0.841795906818918
3978,3980,-0.491281988466628
3978,3983,-0.638110889431064
3978,3990,-1.67508200753189
3978,3991,-0.0159205197536325
3979,3980,-0.498300114761825
3979,3981,0.442199909172961
3979,3984,0.529955921765699
3979,3986,0.68914742151819
3979,3988,1.17535640346899
3979,3990,-1.68210013382708
3979,3992,0.108972615210217
3980,3983,-0.146828900964436
3980,3986,1.18744753628001
3980,3993,0.246168462695825
3981,3982,-0.631243680705854
3981,3984,0.0877560125927387
3981,3990,-2.12430004300005
3981,3992,-0.333227293962743
3982,3983,-0.456085244193367
3982,3985,0.13107211287246
3982,3987,0.526750763484665
3982,3988,1.36440017500189
3983,3985,0.587157357065827
3983,3987,0.982836007678032
3983,3989,-0.367220031980218
3983,3996,0.393372062086948
3984,3985,-0.587927580426133
3984,3986,0.159191499752491
3984,3987,-0.192248929813927
3984,3989,-1.54230496947218
3984,3992,-0.420983306555482
3984,3993,-0.782087573831698
3985,3986,0.747119080178624
3985,3995,-0.86359354075473
3985,3996,-0.193785294978879
3985,3997,-0.291126878086741
3986,3987,-0.351440429566418
3986,3991,-0.712086067567019
3986,3993,-0.941279073584189
3986,3994,-0.954493691556819
3986,3995,-1.61071262093335
3986,3996,-0.940904375157502
3986,3997,-1.03824595826536
3987,3989,-1.35005603965825
3987,3998,0.541503986542517
3988,3990,-2.85745653729608
3988,3995,-2.09692160288416
3988,3999,-1.00145429886601
3989,3990,-0.669751086120607
3989,3995,0.0907838482913146
3989,3998,1.89156002620077
3990,3995,0.760534934411921
3990,4000,1.494152762328
3991,3993,-0.22919300601717
3991,3995,-0.898626553366335
3991,3999,0.196840750651814
3991,4000,-0.165008725450256
3992,3994,-0.374318885248847
3992,3995,-1.03053781462538
3992,3996,-0.36072956884953
3992,3999,0.0649294893927686
3993,3998,1.13134263056029
3994,4000,0.0773988985395448
3995,3996,0.669808245775851
3995,3997,0.572466662667989
3995,3998,1.80077617790945
3995,4000,0.733617827916079
3996,3999,0.425659058242298
3996,4000,0.063809582140228
3997,3998,1.22830951524146
3997,3999,0.52300064135016
3998,4000,-1.06715834999337
